,아파트명,면적,법정동주소,b_code,지번주소,도로명주소,latitude,longitude,세대수,임대세대수,최고층,최저층,용적률,건폐율,주차대수,건설사,난방,공급면적,전용면적,전용율,방수,욕실수,해당면적_세대수,현관구조,재산세,재산세합계,지방교육세,재산세_도시지역분,종합부동산세,결정세액,농어촌특별세,가격,겨울관리비,여름관리비,최소_매매호가,최대_매매호가,최소_전세호가,최대_전세호가,최소_월세호가,최대_월세호가,최소_실거래가,최대_실거래가,학교명,학교코드,학교주소,학교유형,설립유형,설립일자,교육청,홈페이지,학생_통계_기준일,교사당_학생_수,교실당_학생_수,남학생_수,여학생_수,교직원_통계_기준일,남교사_수,여교사_수,1학년_교실_수,2학년_교실_수,3학년_교실_수,4학년_교실_수,5학년_교실_수,6학년_교실_수,1학년_학생_수,2학년_학생_수,3학년_학생_수,4학년_학생_수,5학년_학생_수,6학년_학생_수,특수_교실_수,특수_교실_학생_수,총_교실_수,총_학생_수,남성_교직원_수,여성_교직원_수,내담자_상담사_수,외부_상담사_수,방과후_교실_통계_기준일,방과후 프로그램 수,방과후_학생_수,도서관_도서_수,학생_당_도서_수,급식_서비스_통계_기준일,급식_서비스_운영_방식,급식_서비스_학생당_가격,급식_서비스_지원_학생_수,급식_서비스_연간_지원_금액,학교_위도,학교_경도,행정동_코드,시도명,평균_교실_당_학생_수(시도),평균_교사_당_학생_수(시도),구군명,평균_교실_당_학생_수(구군),평균_교사_당_학생_수(구군),도보_이동_시간(분),6학년 학생 수,방과후_학생 _수,남교사 수
0,DK밸리뷰서초2차(주상복합),32C㎡,서울시 서초구 서초동,1165010800,1597-6,서울시 서초구 사임당로 34,37.487901,127.013867,105,0,19,19,785,59,57,(주)소미건설,HT001,32.28,26.49,82,1,1,15,계단식,,,,,,,,,,,,,,,"5,000/170","5,000/180","5,000/170","5,000/180",서울신중초등학교,B100000768,서울특별시 서초구 서초동 1466-6번지,공립,단설,19360601,서울특별시교육청,http://sinjung.sen.es.kr,20230531,21.0,22.5,455,378,20230531,4,57,5,6,6,6,7,6,130,124,135,138,166,,1,5,36,833,1,3,0,0,20230531,10,,0,0.0,20230531,직영,3385,931,831091000,37.4801795,127.0093516,1165010800,서울시,19.8,17.4,서초구,23.0,20.9,17,135.0,162.0,
1,DK밸리뷰서초2차(주상복합),32E㎡,서울시 서초구 서초동,1165010800,1597-6,서울시 서초구 사임당로 34,37.487901,127.013867,105,0,19,19,785,59,57,(주)소미건설,HT001,32.15,26.39,82,1,1,15,계단식,,,,,,,,,,,,"5억 6,010",,,,"1억 5,000/100",,"1억 5,000/100",서울신중초등학교,B100000768,서울특별시 서초구 서초동 1466-6번지,공립,단설,19360601,서울특별시교육청,http://sinjung.sen.es.kr,20230531,21.0,22.5,455,378,20230531,4,57,5,6,6,6,7,6,130,124,135,138,166,,1,5,36,833,1,3,0,0,20230531,10,,0,0.0,20230531,직영,3385,931,831091000,37.4801795,127.0093516,1165010800,서울시,19.8,17.4,서초구,23.0,20.9,17,135.0,162.0,
2,DK밸리뷰서초2차(주상복합),32F㎡,서울시 서초구 서초동,1165010800,1597-6,서울시 서초구 사임당로 34,37.487901,127.013867,105,0,19,19,785,59,57,(주)소미건설,HT001,32.15,26.39,82,1,1,15,계단식,,,,,,,,,,,,,,,,,,,서울신중초등학교,B100000768,서울특별시 서초구 서초동 1466-6번지,공립,단설,19360601,서울특별시교육청,http://sinjung.sen.es.kr,20230531,21.0,22.5,455,378,20230531,4,57,5,6,6,6,7,6,130,124,135,138,166,,1,5,36,833,1,3,0,0,20230531,10,,0,0.0,20230531,직영,3385,931,831091000,37.4801795,127.0093516,1165010800,서울시,19.8,17.4,서초구,23.0,20.9,17,135.0,162.0,
3,DK밸리뷰서초2차(주상복합),33G㎡,서울시 서초구 서초동,1165010800,1597-6,서울시 서초구 사임당로 34,37.487901,127.013867,105,0,19,19,785,59,57,(주)소미건설,HT001,33.8,27.74,82,1,1,15,계단식,,,,,,,,,,,,,,,,,,,서울신중초등학교,B100000768,서울특별시 서초구 서초동 1466-6번지,공립,단설,19360601,서울특별시교육청,http://sinjung.sen.es.kr,20230531,21.0,22.5,455,378,20230531,4,57,5,6,6,6,7,6,130,124,135,138,166,,1,5,36,833,1,3,0,0,20230531,10,,0,0.0,20230531,직영,3385,931,831091000,37.4801795,127.0093516,1165010800,서울시,19.8,17.4,서초구,23.0,20.9,17,135.0,162.0,
4,DK밸리뷰서초2차(주상복합),34B㎡,서울시 서초구 서초동,1165010800,1597-6,서울시 서초구 사임당로 34,37.487901,127.013867,105,0,19,19,785,59,57,(주)소미건설,HT001,34.81,28.58,82,1,1,15,계단식,,,,,,,,,,,"5억 7,000","5억 8,000",,"4억 3,000","5,000/170","1억 5,000/110","5,000/170","1억 5,000/110",서울신중초등학교,B100000768,서울특별시 서초구 서초동 1466-6번지,공립,단설,19360601,서울특별시교육청,http://sinjung.sen.es.kr,20230531,21.0,22.5,455,378,20230531,4,57,5,6,6,6,7,6,130,124,135,138,166,,1,5,36,833,1,3,0,0,20230531,10,,0,0.0,20230531,직영,3385,931,831091000,37.4801795,127.0093516,1165010800,서울시,19.8,17.4,서초구,23.0,20.9,17,135.0,162.0,
5,DK밸리뷰서초2차(주상복합),34D㎡,서울시 서초구 서초동,1165010800,1597-6,서울시 서초구 사임당로 34,37.487901,127.013867,105,0,19,19,785,59,57,(주)소미건설,HT001,34.91,28.65,82,1,1,15,계단식,,,,,,,,,,,,,,4억,,1억/170,,1억/170,서울신중초등학교,B100000768,서울특별시 서초구 서초동 1466-6번지,공립,단설,19360601,서울특별시교육청,http://sinjung.sen.es.kr,20230531,21.0,22.5,455,378,20230531,4,57,5,6,6,6,7,6,130,124,135,138,166,,1,5,36,833,1,3,0,0,20230531,10,,0,0.0,20230531,직영,3385,931,831091000,37.4801795,127.0093516,1165010800,서울시,19.8,17.4,서초구,23.0,20.9,17,135.0,162.0,
6,DK밸리뷰서초2차(주상복합),35A,서울시 서초구 서초동,1165010800,1597-6,서울시 서초구 사임당로 34,37.487901,127.013867,105,0,19,19,785,59,57,(주)소미건설,HT001,35.06,28.78,82,1,1,15,계단식,,,,,,,,,,,"5억 5,000",6억,,,,1억/125,,1억/125,서울신중초등학교,B100000768,서울특별시 서초구 서초동 1466-6번지,공립,단설,19360601,서울특별시교육청,http://sinjung.sen.es.kr,20230531,21.0,22.5,455,378,20230531,4,57,5,6,6,6,7,6,130,124,135,138,166,,1,5,36,833,1,3,0,0,20230531,10,,0,0.0,20230531,직영,3385,931,831091000,37.4801795,127.0093516,1165010800,서울시,19.8,17.4,서초구,23.0,20.9,17,135.0,162.0,
0,DK밸리뷰시티,21A㎡,서울시 서초구 서초동,1165010800,1584-6,서울시 서초구 반포대로14길 14,37.485093,127.011896,81,0,13,13,539,56,63,(주)디케이건설,HT001,21.17,16.25,77,1,1,9,계단식,65400,212040,13080,133560,0,0,0,,,,,"3억 5,000",,,,,,,서울신중초등학교,B100000768,서울특별시 서초구 서초동 1466-6번지,공립,단설,19360601,서울특별시교육청,http://sinjung.sen.es.kr,20230531,21.0,22.5,455,378,20230531,4,57,5,6,6,6,7,6,130,124,135,138,166,,1,5,36,833,1,3,0,0,20230531,10,,0,0.0,20230531,직영,3385,931,831091000,37.4801795,127.0093516,1165010800,서울시,19.8,17.4,서초구,23.0,20.9,10,135.0,162.0,
1,DK밸리뷰시티,30D㎡,서울시 서초구 서초동,1165010800,1584-6,서울시 서초구 반포대로14길 14,37.485093,127.011896,81,0,13,13,539,56,63,(주)디케이건설,HT001,30.87,23.88,77,2,1,9,계단식,104550,313830,20910,188370,0,0,0,,,,,"4억 5,000",,"3억 3,000",,,,,서울신중초등학교,B100000768,서울특별시 서초구 서초동 1466-6번지,공립,단설,19360601,서울특별시교육청,http://sinjung.sen.es.kr,20230531,21.0,22.5,455,378,20230531,4,57,5,6,6,6,7,6,130,124,135,138,166,,1,5,36,833,1,3,0,0,20230531,10,,0,0.0,20230531,직영,3385,931,831091000,37.4801795,127.0093516,1165010800,서울시,19.8,17.4,서초구,23.0,20.9,10,135.0,162.0,
2,DK밸리뷰시티,32E㎡,서울시 서초구 서초동,1165010800,1584-6,서울시 서초구 반포대로14길 14,37.485093,127.011896,81,0,13,13,539,56,63,(주)디케이건설,HT001,32.52,25.92,80,2,1,9,계단식,104550,313830,20910,188370,0,0,0,,,,,,"3억 3,000","3억 6,000",,,,,서울신중초등학교,B100000768,서울특별시 서초구 서초동 1466-6번지,공립,단설,19360601,서울특별시교육청,http://sinjung.sen.es.kr,20230531,21.0,22.5,455,378,20230531,4,57,5,6,6,6,7,6,130,124,135,138,166,,1,5,36,833,1,3,0,0,20230531,10,,0,0.0,20230531,직영,3385,931,831091000,37.4801795,127.0093516,1165010800,서울시,19.8,17.4,서초구,23.0,20.9,10,135.0,162.0,
3,DK밸리뷰시티,32F㎡,서울시 서초구 서초동,1165010800,1584-6,서울시 서초구 반포대로14길 14,37.485093,127.011896,81,0,13,13,539,56,63,(주)디케이건설,HT001,32.4,25.57,79,2,1,9,계단식,104550,313830,20910,188370,0,0,0,,,,,"5억 5,000","3억 3,000","3억 5,000",,,,,서울신중초등학교,B100000768,서울특별시 서초구 서초동 1466-6번지,공립,단설,19360601,서울특별시교육청,http://sinjung.sen.es.kr,20230531,21.0,22.5,455,378,20230531,4,57,5,6,6,6,7,6,130,124,135,138,166,,1,5,36,833,1,3,0,0,20230531,10,,0,0.0,20230531,직영,3385,931,831091000,37.4801795,127.0093516,1165010800,서울시,19.8,17.4,서초구,23.0,20.9,10,135.0,162.0,
4,DK밸리뷰시티,32G㎡,서울시 서초구 서초동,1165010800,1584-6,서울시 서초구 반포대로14길 14,37.485093,127.011896,81,0,13,13,539,56,63,(주)디케이건설,HT001,32.19,25.13,78,2,1,9,계단식,104550,313830,20910,188370,0,0,0,,,,,,"3억 3,500","3억 3,600",,3억/20,,3억/20,서울신중초등학교,B100000768,서울특별시 서초구 서초동 1466-6번지,공립,단설,19360601,서울특별시교육청,http://sinjung.sen.es.kr,20230531,21.0,22.5,455,378,20230531,4,57,5,6,6,6,7,6,130,124,135,138,166,,1,5,36,833,1,3,0,0,20230531,10,,0,0.0,20230531,직영,3385,931,831091000,37.4801795,127.0093516,1165010800,서울시,19.8,17.4,서초구,23.0,20.9,10,135.0,162.0,
5,DK밸리뷰시티,33H㎡,서울시 서초구 서초동,1165010800,1584-6,서울시 서초구 반포대로14길 14,37.485093,127.011896,81,0,13,13,539,56,63,(주)디케이건설,HT001,33.57,26.59,79,2,1,9,계단식,109050,325530,21810,194670,0,0,0,,,,,"4억 4,500",,,,"4,000/150",,"4,000/150",서울신중초등학교,B100000768,서울특별시 서초구 서초동 1466-6번지,공립,단설,19360601,서울특별시교육청,http://sinjung.sen.es.kr,20230531,21.0,22.5,455,378,20230531,4,57,5,6,6,6,7,6,130,124,135,138,166,,1,5,36,833,1,3,0,0,20230531,10,,0,0.0,20230531,직영,3385,931,831091000,37.4801795,127.0093516,1165010800,서울시,19.8,17.4,서초구,23.0,20.9,10,135.0,162.0,
6,DK밸리뷰시티,34B㎡,서울시 서초구 서초동,1165010800,1584-6,서울시 서초구 반포대로14길 14,37.485093,127.011896,81,0,13,13,539,56,63,(주)디케이건설,HT001,34.83,27.04,78,2,1,9,계단식,109050,325530,21810,194670,0,0,0,,,,"4억 7,000","5억 3,000",,,,,,,서울신중초등학교,B100000768,서울특별시 서초구 서초동 1466-6번지,공립,단설,19360601,서울특별시교육청,http://sinjung.sen.es.kr,20230531,21.0,22.5,455,378,20230531,4,57,5,6,6,6,7,6,130,124,135,138,166,,1,5,36,833,1,3,0,0,20230531,10,,0,0.0,20230531,직영,3385,931,831091000,37.4801795,127.0093516,1165010800,서울시,19.8,17.4,서초구,23.0,20.9,10,135.0,162.0,
7,DK밸리뷰시티,34C㎡,서울시 서초구 서초동,1165010800,1584-6,서울시 서초구 반포대로14길 14,37.485093,127.011896,81,0,13,13,539,56,63,(주)디케이건설,HT001,34.6,26.58,77,2,1,9,계단식,109050,325530,21810,194670,0,0,0,,,,,,,"3억 5,000",,,,,서울신중초등학교,B100000768,서울특별시 서초구 서초동 1466-6번지,공립,단설,19360601,서울특별시교육청,http://sinjung.sen.es.kr,20230531,21.0,22.5,455,378,20230531,4,57,5,6,6,6,7,6,130,124,135,138,166,,1,5,36,833,1,3,0,0,20230531,10,,0,0.0,20230531,직영,3385,931,831091000,37.4801795,127.0093516,1165010800,서울시,19.8,17.4,서초구,23.0,20.9,10,135.0,162.0,
8,DK밸리뷰시티,35I,서울시 서초구 서초동,1165010800,1584-6,서울시 서초구 반포대로14길 14,37.485093,127.011896,81,0,13,13,539,56,63,(주)디케이건설,HT001,35.44,28.14,79,2,1,9,계단식,109050,325530,21810,194670,0,0,0,,,,"4억 7,000","5억 2,000",,"3억 5,000",,,,,서울신중초등학교,B100000768,서울특별시 서초구 서초동 1466-6번지,공립,단설,19360601,서울특별시교육청,http://sinjung.sen.es.kr,20230531,21.0,22.5,455,378,20230531,4,57,5,6,6,6,7,6,130,124,135,138,166,,1,5,36,833,1,3,0,0,20230531,10,,0,0.0,20230531,직영,3385,931,831091000,37.4801795,127.0093516,1165010800,서울시,19.8,17.4,서초구,23.0,20.9,10,135.0,162.0,
0,JC라디앙,75㎡,서울시 서초구 서초동,1165010800,1559-1,서울시 서초구 반포대로22길 54,37.490093,127.011335,14,0,7,7,207,35,16,(주)재천건설,HT001,75.02,64.38,86,3,1,1,계단식,,,,,,,,,,,,,,,,,,,서울신중초등학교,B100000768,서울특별시 서초구 서초동 1466-6번지,공립,단설,19360601,서울특별시교육청,http://sinjung.sen.es.kr,20230531,21.0,22.5,455,378,20230531,4,57,5,6,6,6,7,6,130,124,135,138,166,,1,5,36,833,1,3,0,0,20230531,10,,0,0.0,20230531,직영,3385,931,831091000,37.4801795,127.0093516,1165010800,서울시,19.8,17.4,서초구,23.0,20.9,20,135.0,162.0,
1,JC라디앙,96㎡,서울시 서초구 서초동,1165010800,1559-1,서울시 서초구 반포대로22길 54,37.490093,127.011335,14,0,7,7,207,35,16,(주)재천건설,HT001,96.2,82.59,86,3,2,1,계단식,,,,,,,,,,,,,,,,,,,서울신중초등학교,B100000768,서울특별시 서초구 서초동 1466-6번지,공립,단설,19360601,서울특별시교육청,http://sinjung.sen.es.kr,20230531,21.0,22.5,455,378,20230531,4,57,5,6,6,6,7,6,130,124,135,138,166,,1,5,36,833,1,3,0,0,20230531,10,,0,0.0,20230531,직영,3385,931,831091000,37.4801795,127.0093516,1165010800,서울시,19.8,17.4,서초구,23.0,20.9,20,135.0,162.0,
2,JC라디앙,98A㎡,서울시 서초구 서초동,1165010800,1559-1,서울시 서초구 반포대로22길 54,37.490093,127.011335,14,0,7,7,207,35,16,(주)재천건설,HT001,98.96,84.97,86,3,2,6,계단식,,,,,,,,,,,,15억,,,,,,,서울신중초등학교,B100000768,서울특별시 서초구 서초동 1466-6번지,공립,단설,19360601,서울특별시교육청,http://sinjung.sen.es.kr,20230531,21.0,22.5,455,378,20230531,4,57,5,6,6,6,7,6,130,124,135,138,166,,1,5,36,833,1,3,0,0,20230531,10,,0,0.0,20230531,직영,3385,931,831091000,37.4801795,127.0093516,1165010800,서울시,19.8,17.4,서초구,23.0,20.9,20,135.0,162.0,
3,JC라디앙,98B,서울시 서초구 서초동,1165010800,1559-1,서울시 서초구 반포대로22길 54,37.490093,127.011335,14,0,7,7,207,35,16,(주)재천건설,HT001,98.97,84.98,86,3,2,6,계단식,,,,,,,,,,,,,,,,,,,서울신중초등학교,B100000768,서울특별시 서초구 서초동 1466-6번지,공립,단설,19360601,서울특별시교육청,http://sinjung.sen.es.kr,20230531,21.0,22.5,455,378,20230531,4,57,5,6,6,6,7,6,130,124,135,138,166,,1,5,36,833,1,3,0,0,20230531,10,,0,0.0,20230531,직영,3385,931,831091000,37.4801795,127.0093516,1165010800,서울시,19.8,17.4,서초구,23.0,20.9,20,135.0,162.0,
0,J타워(도시형),34㎡,서울시 서초구 서초동,1165010800,1327-19,서울시 서초구 강남대로55길 9-13,37.494979,127.027836,17,0,13,10,595,57,12,(주)흥해종합건설,HT001,34.94,26.14,75,1,1,6,계단식,,,,,,,,,,,,,,,,"3,000/170",,"3,000/170",서울서이초등학교,B100000762,서울특별시 서초구 서초동 1334-2번지(서운로 85),공립,단설,19831203,서울특별시교육청,http://seo2.sen.es.kr,20230531,19.7,30.3,672,753,20230531,6,66,9,8,8,7,8,7,239,266,238,205,252,,0,0,47,1425,2,4,0,0,20230531,0,,0,0.0,20230531,직영,3347,1430,1370646000,37.49120942,127.02595329,1165010800,서울시,19.8,17.4,서초구,23.0,20.9,8,225.0,0.0,
1,J타워(도시형),44㎡,서울시 서초구 서초동,1165010800,1327-19,서울시 서초구 강남대로55길 9-13,37.494979,127.027836,17,0,13,10,595,57,12,(주)흥해종합건설,HT001,44.25,33.31,75,1,1,7,계단식,,,,,,,,,,,,,,,"3,000/190","5,000/190","3,000/190","5,000/190",서울서이초등학교,B100000762,서울특별시 서초구 서초동 1334-2번지(서운로 85),공립,단설,19831203,서울특별시교육청,http://seo2.sen.es.kr,20230531,19.7,30.3,672,753,20230531,6,66,9,8,8,7,8,7,239,266,238,205,252,,0,0,47,1425,2,4,0,0,20230531,0,,0,0.0,20230531,직영,3347,1430,1370646000,37.49120942,127.02595329,1165010800,서울시,19.8,17.4,서초구,23.0,20.9,8,225.0,0.0,
2,J타워(도시형),53㎡,서울시 서초구 서초동,1165010800,1327-19,서울시 서초구 강남대로55길 9-13,37.494979,127.027836,17,0,13,10,595,57,12,(주)흥해종합건설,HT001,53.89,40.32,75,1,1,3,계단식,,,,,,,,,,,,,,,,,,,서울서이초등학교,B100000762,서울특별시 서초구 서초동 1334-2번지(서운로 85),공립,단설,19831203,서울특별시교육청,http://seo2.sen.es.kr,20230531,19.7,30.3,672,753,20230531,6,66,9,8,8,7,8,7,239,266,238,205,252,,0,0,47,1425,2,4,0,0,20230531,0,,0,0.0,20230531,직영,3347,1430,1370646000,37.49120942,127.02595329,1165010800,서울시,19.8,17.4,서초구,23.0,20.9,8,225.0,0.0,
3,J타워(도시형),63,서울시 서초구 서초동,1165010800,1327-19,서울시 서초구 강남대로55길 9-13,37.494979,127.027836,17,0,13,10,595,57,12,(주)흥해종합건설,HT001,63.91,48.9,77,1,1,1,계단식,,,,,,,,,,,,,,,,,,,서울서이초등학교,B100000762,서울특별시 서초구 서초동 1334-2번지(서운로 85),공립,단설,19831203,서울특별시교육청,http://seo2.sen.es.kr,20230531,19.7,30.3,672,753,20230531,6,66,9,8,8,7,8,7,239,266,238,205,252,,0,0,47,1425,2,4,0,0,20230531,0,,0,0.0,20230531,직영,3347,1430,1370646000,37.49120942,127.02595329,1165010800,서울시,19.8,17.4,서초구,23.0,20.9,8,225.0,0.0,
0,N파크(주상복합),27㎡,서울시 서초구 서초동,1165010800,1363-4,서울시 서초구 남부순환로347길 16,37.485167,127.031951,16,0,12,12,498,59,14,고금종합건설(주),HT001,27.17,20.53,76,1,1,4,계단식,,,,,,,,,,,,,,,,,,,서울서일초등학교,B100000763,서울특별시 서초구 서초동 1436-8번지,공립,단설,19861016,서울특별시교육청,http://seoulseoil.sen.es.kr,20230531,20.3,20.8,266,232,20230531,4,33,3,4,4,4,4,4,72,79,88,78,93,,1,5,23,498,1,4,0,0,20230531,6,,0,0.0,20230531,직영,3377,558,615924000,37.48478772,127.02260429,1165010800,서울시,19.8,17.4,서초구,23.0,20.9,16,83.0,87.0,
1,N파크(주상복합),28㎡,서울시 서초구 서초동,1165010800,1363-4,서울시 서초구 남부순환로347길 16,37.485167,127.031951,16,0,12,12,498,59,14,고금종합건설(주),HT001,28.5,21.79,76,1,1,4,계단식,,,,,,,,,,,,,,,,,,,서울서일초등학교,B100000763,서울특별시 서초구 서초동 1436-8번지,공립,단설,19861016,서울특별시교육청,http://seoulseoil.sen.es.kr,20230531,20.3,20.8,266,232,20230531,4,33,3,4,4,4,4,4,72,79,88,78,93,,1,5,23,498,1,4,0,0,20230531,6,,0,0.0,20230531,직영,3377,558,615924000,37.48478772,127.02260429,1165010800,서울시,19.8,17.4,서초구,23.0,20.9,16,83.0,87.0,
2,N파크(주상복합),32㎡,서울시 서초구 서초동,1165010800,1363-4,서울시 서초구 남부순환로347길 16,37.485167,127.031951,16,0,12,12,498,59,14,고금종합건설(주),HT001,32.1,24.22,75,1,1,4,계단식,,,,,,,,,,,,,,,,,,,서울서일초등학교,B100000763,서울특별시 서초구 서초동 1436-8번지,공립,단설,19861016,서울특별시교육청,http://seoulseoil.sen.es.kr,20230531,20.3,20.8,266,232,20230531,4,33,3,4,4,4,4,4,72,79,88,78,93,,1,5,23,498,1,4,0,0,20230531,6,,0,0.0,20230531,직영,3377,558,615924000,37.48478772,127.02260429,1165010800,서울시,19.8,17.4,서초구,23.0,20.9,16,83.0,87.0,
3,N파크(주상복합),42,서울시 서초구 서초동,1165010800,1363-4,서울시 서초구 남부순환로347길 16,37.485167,127.031951,16,0,12,12,498,59,14,고금종합건설(주),HT001,42.83,33.04,77,1,1,4,계단식,,,,,,,,,,,,,,,,,,,서울서일초등학교,B100000763,서울특별시 서초구 서초동 1436-8번지,공립,단설,19861016,서울특별시교육청,http://seoulseoil.sen.es.kr,20230531,20.3,20.8,266,232,20230531,4,33,3,4,4,4,4,4,72,79,88,78,93,,1,5,23,498,1,4,0,0,20230531,6,,0,0.0,20230531,직영,3377,558,615924000,37.48478772,127.02260429,1165010800,서울시,19.8,17.4,서초구,23.0,20.9,16,83.0,87.0,
0,TS프리우스,90㎡,서울시 서초구 서초동,1165010800,1625-7,서울시 서초구 서초중앙로12길 19,37.487889,127.01608,18,0,6,6,250,48,27,(주)티에스우인,HT001,90.36,81.18,90,3,2,2,계단식,309600,714240,61920,342720,0,0,0,,,,,12억,,,,,,,서울서일초등학교,B100000763,서울특별시 서초구 서초동 1436-8번지,공립,단설,19861016,서울특별시교육청,http://seoulseoil.sen.es.kr,20230531,20.3,20.8,266,232,20230531,4,33,3,4,4,4,4,4,72,79,88,78,93,,1,5,23,498,1,4,0,0,20230531,6,,0,0.0,20230531,직영,3377,558,615924000,37.48478772,127.02260429,1165010800,서울시,19.8,17.4,서초구,23.0,20.9,12,83.0,87.0,
1,TS프리우스,93㎡,서울시 서초구 서초동,1165010800,1625-7,서울시 서초구 서초중앙로12길 19,37.487889,127.01608,18,0,6,6,250,48,27,(주)티에스우인,HT001,93.99,77.78,83,3,2,1,계단식,284400,666360,56880,325080,0,0,0,,,,,,,,,,,,서울서일초등학교,B100000763,서울특별시 서초구 서초동 1436-8번지,공립,단설,19861016,서울특별시교육청,http://seoulseoil.sen.es.kr,20230531,20.3,20.8,266,232,20230531,4,33,3,4,4,4,4,4,72,79,88,78,93,,1,5,23,498,1,4,0,0,20230531,6,,0,0.0,20230531,직영,3377,558,615924000,37.48478772,127.02260429,1165010800,서울시,19.8,17.4,서초구,23.0,20.9,12,83.0,87.0,
2,TS프리우스,120㎡,서울시 서초구 서초동,1165010800,1625-7,서울시 서초구 서초중앙로12길 19,37.487889,127.01608,18,0,6,6,250,48,27,(주)티에스우인,HT001,120.58,108.34,90,4,3,10,계단식,735525,1428840,147105,546210,0,0,0,,,,,14억,,,,,,,서울서일초등학교,B100000763,서울특별시 서초구 서초동 1436-8번지,공립,단설,19861016,서울특별시교육청,http://seoulseoil.sen.es.kr,20230531,20.3,20.8,266,232,20230531,4,33,3,4,4,4,4,4,72,79,88,78,93,,1,5,23,498,1,4,0,0,20230531,6,,0,0.0,20230531,직영,3377,558,615924000,37.48478772,127.02260429,1165010800,서울시,19.8,17.4,서초구,23.0,20.9,12,83.0,87.0,
3,TS프리우스,141㎡,서울시 서초구 서초동,1165010800,1625-7,서울시 서초구 서초중앙로12길 19,37.487889,127.01608,18,0,6,6,250,48,27,(주)티에스우인,HT001,141.05,116.72,83,4,2,1,계단식,770175,1484280,154035,560070,0,0,0,,,,,,,,,2억/270,,2억/270,서울서일초등학교,B100000763,서울특별시 서초구 서초동 1436-8번지,공립,단설,19861016,서울특별시교육청,http://seoulseoil.sen.es.kr,20230531,20.3,20.8,266,232,20230531,4,33,3,4,4,4,4,4,72,79,88,78,93,,1,5,23,498,1,4,0,0,20230531,6,,0,0.0,20230531,직영,3377,558,615924000,37.48478772,127.02260429,1165010800,서울시,19.8,17.4,서초구,23.0,20.9,12,83.0,87.0,
4,TS프리우스,146,서울시 서초구 서초동,1165010800,1625-7,서울시 서초구 서초중앙로12길 19,37.487889,127.01608,18,0,6,6,250,48,27,(주)티에스우인,HT001,146.5,121.22,83,4,2,4,계단식,770175,1484280,154035,560070,0,0,0,,,,,,,,,,,,서울서일초등학교,B100000763,서울특별시 서초구 서초동 1436-8번지,공립,단설,19861016,서울특별시교육청,http://seoulseoil.sen.es.kr,20230531,20.3,20.8,266,232,20230531,4,33,3,4,4,4,4,4,72,79,88,78,93,,1,5,23,498,1,4,0,0,20230531,6,,0,0.0,20230531,직영,3377,558,615924000,37.48478772,127.02260429,1165010800,서울시,19.8,17.4,서초구,23.0,20.9,12,83.0,87.0,
0,강남아르젠(도시형),24㎡,서울시 서초구 서초동,1165010800,1327-23,서울시 서초구 강남대로55길 9-7,37.4955,127.027628,27,0,14,14,599,59,8,석장건설주식회사,HT001,24.84,18.53,75,1,1,18,복도식,,,,,,,,,,,,"3억 4,000","2억 2,000","2억 5,000",,,,,서울서이초등학교,B100000762,서울특별시 서초구 서초동 1334-2번지(서운로 85),공립,단설,19831203,서울특별시교육청,http://seo2.sen.es.kr,20230531,19.7,30.3,672,753,20230531,6,66,9,8,8,7,8,7,239,266,238,205,252,,0,0,47,1425,2,4,0,0,20230531,0,,0,0.0,20230531,직영,3347,1430,1370646000,37.49120942,127.02595329,1165010800,서울시,19.8,17.4,서초구,23.0,20.9,9,225.0,0.0,
1,강남아르젠(도시형),37,서울시 서초구 서초동,1165010800,1327-23,서울시 서초구 강남대로55길 9-7,37.4955,127.027628,27,0,14,14,599,59,8,석장건설주식회사,HT001,37.05,27.64,75,1,1,9,복도식,,,,,,,,,,,"4억 3,000","4억 7,000",,,,,,,서울서이초등학교,B100000762,서울특별시 서초구 서초동 1334-2번지(서운로 85),공립,단설,19831203,서울특별시교육청,http://seo2.sen.es.kr,20230531,19.7,30.3,672,753,20230531,6,66,9,8,8,7,8,7,239,266,238,205,252,,0,0,47,1425,2,4,0,0,20230531,0,,0,0.0,20230531,직영,3347,1430,1370646000,37.49120942,127.02595329,1165010800,서울시,19.8,17.4,서초구,23.0,20.9,9,225.0,0.0,
0,강남역푸르지오시티(도시형),29A㎡,서울시 서초구 서초동,1165010800,1337-3,서울시 서초구 효령로77길 30,37.49169,127.028989,137,0,20,8,942,59,25,(주)대우건설,HT001,29.4,20.33,69,1,1,30,복도식,34800,132480,6960,90720,0,0,0,,,,,,,,,,,,서울서이초등학교,B100000762,서울특별시 서초구 서초동 1334-2번지(서운로 85),공립,단설,19831203,서울특별시교육청,http://seo2.sen.es.kr,20230531,19.7,30.3,672,753,20230531,6,66,9,8,8,7,8,7,239,266,238,205,252,,0,0,47,1425,2,4,0,0,20230531,0,,0,0.0,20230531,직영,3347,1430,1370646000,37.49120942,127.02595329,1165010800,서울시,19.8,17.4,서초구,23.0,20.9,5,225.0,0.0,
1,강남역푸르지오시티(도시형),29B㎡,서울시 서초구 서초동,1165010800,1337-3,서울시 서초구 효령로77길 30,37.49169,127.028989,137,0,20,8,942,59,25,(주)대우건설,HT001,29.42,20.34,69,1,1,12,복도식,34800,132480,6960,90720,0,0,0,,,,,,,,,,,,서울서이초등학교,B100000762,서울특별시 서초구 서초동 1334-2번지(서운로 85),공립,단설,19831203,서울특별시교육청,http://seo2.sen.es.kr,20230531,19.7,30.3,672,753,20230531,6,66,9,8,8,7,8,7,239,266,238,205,252,,0,0,47,1425,2,4,0,0,20230531,0,,0,0.0,20230531,직영,3347,1430,1370646000,37.49120942,127.02595329,1165010800,서울시,19.8,17.4,서초구,23.0,20.9,5,225.0,0.0,
2,강남역푸르지오시티(도시형),29C㎡,서울시 서초구 서초동,1165010800,1337-3,서울시 서초구 효령로77길 30,37.49169,127.028989,137,0,20,8,942,59,25,(주)대우건설,HT001,29.51,20.4,69,1,1,6,복도식,34800,132480,6960,90720,0,0,0,,,,"1억 9,500","2억 1,000",,,,,,,서울서이초등학교,B100000762,서울특별시 서초구 서초동 1334-2번지(서운로 85),공립,단설,19831203,서울특별시교육청,http://seo2.sen.es.kr,20230531,19.7,30.3,672,753,20230531,6,66,9,8,8,7,8,7,239,266,238,205,252,,0,0,47,1425,2,4,0,0,20230531,0,,0,0.0,20230531,직영,3347,1430,1370646000,37.49120942,127.02595329,1165010800,서울시,19.8,17.4,서초구,23.0,20.9,5,225.0,0.0,
3,강남역푸르지오시티(도시형),30D㎡,서울시 서초구 서초동,1165010800,1337-3,서울시 서초구 효령로77길 30,37.49169,127.028989,137,0,20,8,942,59,25,(주)대우건설,HT001,30.36,20.99,69,1,1,54,복도식,36600,137160,7320,93240,0,0,0,,,,,"2억 1,000",,,,"2,000/85",,"2,000/85",서울서이초등학교,B100000762,서울특별시 서초구 서초동 1334-2번지(서운로 85),공립,단설,19831203,서울특별시교육청,http://seo2.sen.es.kr,20230531,19.7,30.3,672,753,20230531,6,66,9,8,8,7,8,7,239,266,238,205,252,,0,0,47,1425,2,4,0,0,20230531,0,,0,0.0,20230531,직영,3347,1430,1370646000,37.49120942,127.02595329,1165010800,서울시,19.8,17.4,서초구,23.0,20.9,5,225.0,0.0,
4,강남역푸르지오시티(도시형),30E㎡,서울시 서초구 서초동,1165010800,1337-3,서울시 서초구 효령로77길 30,37.49169,127.028989,137,0,20,8,942,59,25,(주)대우건설,HT001,30.38,21,69,1,1,12,복도식,36600,137160,7320,93240,0,0,0,,,,,2억 500,,,,"1,000/90",,"1,000/90",서울서이초등학교,B100000762,서울특별시 서초구 서초동 1334-2번지(서운로 85),공립,단설,19831203,서울특별시교육청,http://seo2.sen.es.kr,20230531,19.7,30.3,672,753,20230531,6,66,9,8,8,7,8,7,239,266,238,205,252,,0,0,47,1425,2,4,0,0,20230531,0,,0,0.0,20230531,직영,3347,1430,1370646000,37.49120942,127.02595329,1165010800,서울시,19.8,17.4,서초구,23.0,20.9,5,225.0,0.0,
5,강남역푸르지오시티(도시형),30F㎡,서울시 서초구 서초동,1165010800,1337-3,서울시 서초구 효령로77길 30,37.49169,127.028989,137,0,20,8,942,59,25,(주)대우건설,HT001,30.47,21.07,69,1,1,6,복도식,37050,138330,7410,93870,0,0,0,,,,,"1억 8,950",,,,1억/40,,1억/40,서울서이초등학교,B100000762,서울특별시 서초구 서초동 1334-2번지(서운로 85),공립,단설,19831203,서울특별시교육청,http://seo2.sen.es.kr,20230531,19.7,30.3,672,753,20230531,6,66,9,8,8,7,8,7,239,266,238,205,252,,0,0,47,1425,2,4,0,0,20230531,0,,0,0.0,20230531,직영,3347,1430,1370646000,37.49120942,127.02595329,1165010800,서울시,19.8,17.4,서초구,23.0,20.9,5,225.0,0.0,
6,강남역푸르지오시티(도시형),31G㎡,서울시 서초구 서초동,1165010800,1337-3,서울시 서초구 효령로77길 30,37.49169,127.028989,137,0,20,8,942,59,25,(주)대우건설,HT001,31.86,22.03,69,1,1,5,복도식,40200,146520,8040,98280,0,0,0,,,,,,,"1억 9,500",,,,,서울서이초등학교,B100000762,서울특별시 서초구 서초동 1334-2번지(서운로 85),공립,단설,19831203,서울특별시교육청,http://seo2.sen.es.kr,20230531,19.7,30.3,672,753,20230531,6,66,9,8,8,7,8,7,239,266,238,205,252,,0,0,47,1425,2,4,0,0,20230531,0,,0,0.0,20230531,직영,3347,1430,1370646000,37.49120942,127.02595329,1165010800,서울시,19.8,17.4,서초구,23.0,20.9,5,225.0,0.0,
7,강남역푸르지오시티(도시형),33H㎡,서울시 서초구 서초동,1165010800,1337-3,서울시 서초구 효령로77길 30,37.49169,127.028989,137,0,20,8,942,59,25,(주)대우건설,HT001,33.8,23.37,69,1,1,6,복도식,43800,155880,8760,103320,0,0,0,,,,,,,,,,,,서울서이초등학교,B100000762,서울특별시 서초구 서초동 1334-2번지(서운로 85),공립,단설,19831203,서울특별시교육청,http://seo2.sen.es.kr,20230531,19.7,30.3,672,753,20230531,6,66,9,8,8,7,8,7,239,266,238,205,252,,0,0,47,1425,2,4,0,0,20230531,0,,0,0.0,20230531,직영,3347,1430,1370646000,37.49120942,127.02595329,1165010800,서울시,19.8,17.4,서초구,23.0,20.9,5,225.0,0.0,
8,강남역푸르지오시티(도시형),33I,서울시 서초구 서초동,1165010800,1337-3,서울시 서초구 효령로77길 30,37.49169,127.028989,137,0,20,8,942,59,25,(주)대우건설,HT001,33.92,23.45,69,1,1,6,복도식,44250,157050,8850,103950,0,0,0,,,,,,,,,,,,서울서이초등학교,B100000762,서울특별시 서초구 서초동 1334-2번지(서운로 85),공립,단설,19831203,서울특별시교육청,http://seo2.sen.es.kr,20230531,19.7,30.3,672,753,20230531,6,66,9,8,8,7,8,7,239,266,238,205,252,,0,0,47,1425,2,4,0,0,20230531,0,,0,0.0,20230531,직영,3347,1430,1370646000,37.49120942,127.02595329,1165010800,서울시,19.8,17.4,서초구,23.0,20.9,5,225.0,0.0,
0,강남태영데시앙루브(주상복합),109㎡,서울시 서초구 서초동,1165010800,1303-35,서울시 서초구 강남대로 455,37.502781,127.024514,50,0,15,15,796,59,142,(주)태영,HT001,109.38,83.54,76,2,2,10,계단식,,,,,,,,,,,,,,,,,,,서울서초초등학교,B100000764,서울특별시 서초구 서초동 1310-6,공립,단설,19801004,서울특별시교육청,http://seocho.sen.es.kr,20230531,25.3,27.8,531,496,20230531,7,52,5,6,6,6,6,7,144,164,172,173,172,,1,5,36,1027,1,2,0,0,20230531,15,,0,0.0,20230531,직영,3385,1084,1057499000,37.49924318,127.02411499,1165010800,서울시,19.8,17.4,서초구,23.0,20.9,7,197.0,166.0,
1,강남태영데시앙루브(주상복합),110A㎡,서울시 서초구 서초동,1165010800,1303-35,서울시 서초구 강남대로 455,37.502781,127.024514,50,0,15,15,796,59,142,(주)태영,HT001,110.25,84.2,76,2,2,10,계단식,,,,,,,,,,,13억,"13억 3,000",,,"3,000/370",4억/155,"3,000/370",4억/155,서울서초초등학교,B100000764,서울특별시 서초구 서초동 1310-6,공립,단설,19801004,서울특별시교육청,http://seocho.sen.es.kr,20230531,25.3,27.8,531,496,20230531,7,52,5,6,6,6,6,7,144,164,172,173,172,,1,5,36,1027,1,2,0,0,20230531,15,,0,0.0,20230531,직영,3385,1084,1057499000,37.49924318,127.02411499,1165010800,서울시,19.8,17.4,서초구,23.0,20.9,7,197.0,166.0,
2,강남태영데시앙루브(주상복합),110B㎡,서울시 서초구 서초동,1165010800,1303-35,서울시 서초구 강남대로 455,37.502781,127.024514,50,0,15,15,796,59,142,(주)태영,HT001,110.6,84.47,76,3,2,10,계단식,,,,,,,,,,,"13억 5,000",14억,,,,,,,서울서초초등학교,B100000764,서울특별시 서초구 서초동 1310-6,공립,단설,19801004,서울특별시교육청,http://seocho.sen.es.kr,20230531,25.3,27.8,531,496,20230531,7,52,5,6,6,6,6,7,144,164,172,173,172,,1,5,36,1027,1,2,0,0,20230531,15,,0,0.0,20230531,직영,3385,1084,1057499000,37.49924318,127.02411499,1165010800,서울시,19.8,17.4,서초구,23.0,20.9,7,197.0,166.0,
3,강남태영데시앙루브(주상복합),110C㎡,서울시 서초구 서초동,1165010800,1303-35,서울시 서초구 강남대로 455,37.502781,127.024514,50,0,15,15,796,59,142,(주)태영,HT001,110.55,84.43,76,3,2,10,계단식,,,,,,,,,,,"13억 7,000","14억 5,000",,,,"3,000/370",,"3,000/370",서울서초초등학교,B100000764,서울특별시 서초구 서초동 1310-6,공립,단설,19801004,서울특별시교육청,http://seocho.sen.es.kr,20230531,25.3,27.8,531,496,20230531,7,52,5,6,6,6,6,7,144,164,172,173,172,,1,5,36,1027,1,2,0,0,20230531,15,,0,0.0,20230531,직영,3385,1084,1057499000,37.49924318,127.02411499,1165010800,서울시,19.8,17.4,서초구,23.0,20.9,7,197.0,166.0,
4,강남태영데시앙루브(주상복합),123,서울시 서초구 서초동,1165010800,1303-35,서울시 서초구 강남대로 455,37.502781,127.024514,50,0,15,15,796,59,142,(주)태영,HT001,123.99,94.69,76,3,2,10,계단식,,,,,,,,,,,,,,,330/520,"3,000/370",330/520,"3,000/370",서울서초초등학교,B100000764,서울특별시 서초구 서초동 1310-6,공립,단설,19801004,서울특별시교육청,http://seocho.sen.es.kr,20230531,25.3,27.8,531,496,20230531,7,52,5,6,6,6,6,7,144,164,172,173,172,,1,5,36,1027,1,2,0,0,20230531,15,,0,0.0,20230531,직영,3385,1084,1057499000,37.49924318,127.02411499,1165010800,서울시,19.8,17.4,서초구,23.0,20.9,7,197.0,166.0,
0,갤러리하우스,142㎡,서울시 서초구 서초동,1165010800,1508-39,서울시 서초구 명달로22길 45,37.486919,127.006764,15,0,5,3,249,59,30,,HT001,142.86,121.03,85,4,2,4,계단식,,,,,,,,,,,,,,,,,,,서울신중초등학교,B100000768,서울특별시 서초구 서초동 1466-6번지,공립,단설,19360601,서울특별시교육청,http://sinjung.sen.es.kr,20230531,21.0,22.5,455,378,20230531,4,57,5,6,6,6,7,6,130,124,135,138,166,,1,5,36,833,1,3,0,0,20230531,10,,0,0.0,20230531,직영,3385,931,831091000,37.4801795,127.0093516,1165010800,서울시,19.8,17.4,서초구,23.0,20.9,14,135.0,162.0,
1,갤러리하우스,168㎡,서울시 서초구 서초동,1165010800,1508-39,서울시 서초구 명달로22길 45,37.486919,127.006764,15,0,5,3,249,59,30,,HT001,168.72,142.93,85,4,2,4,계단식,,,,,,,,,,,,,,,,,,,서울신중초등학교,B100000768,서울특별시 서초구 서초동 1466-6번지,공립,단설,19360601,서울특별시교육청,http://sinjung.sen.es.kr,20230531,21.0,22.5,455,378,20230531,4,57,5,6,6,6,7,6,130,124,135,138,166,,1,5,36,833,1,3,0,0,20230531,10,,0,0.0,20230531,직영,3385,931,831091000,37.4801795,127.0093516,1165010800,서울시,19.8,17.4,서초구,23.0,20.9,14,135.0,162.0,
2,갤러리하우스,172㎡,서울시 서초구 서초동,1165010800,1508-39,서울시 서초구 명달로22길 45,37.486919,127.006764,15,0,5,3,249,59,30,,HT001,172.17,145.86,85,4,2,4,계단식,,,,,,,,,,,,,,,,,,,서울신중초등학교,B100000768,서울특별시 서초구 서초동 1466-6번지,공립,단설,19360601,서울특별시교육청,http://sinjung.sen.es.kr,20230531,21.0,22.5,455,378,20230531,4,57,5,6,6,6,7,6,130,124,135,138,166,,1,5,36,833,1,3,0,0,20230531,10,,0,0.0,20230531,직영,3385,931,831091000,37.4801795,127.0093516,1165010800,서울시,19.8,17.4,서초구,23.0,20.9,14,135.0,162.0,
3,갤러리하우스,204㎡,서울시 서초구 서초동,1165010800,1508-39,서울시 서초구 명달로22길 45,37.486919,127.006764,15,0,5,3,249,59,30,,HT001,204.22,170.18,83,4,3,1,계단식,,,,,,,,,,,,,,,,,,,서울신중초등학교,B100000768,서울특별시 서초구 서초동 1466-6번지,공립,단설,19360601,서울특별시교육청,http://sinjung.sen.es.kr,20230531,21.0,22.5,455,378,20230531,4,57,5,6,6,6,7,6,130,124,135,138,166,,1,5,36,833,1,3,0,0,20230531,10,,0,0.0,20230531,직영,3385,931,831091000,37.4801795,127.0093516,1165010800,서울시,19.8,17.4,서초구,23.0,20.9,14,135.0,162.0,
4,갤러리하우스,250A㎡,서울시 서초구 서초동,1165010800,1508-39,서울시 서초구 명달로22길 45,37.486919,127.006764,15,0,5,3,249,59,30,,HT001,250.8,212.17,85,4,2,1,계단식,,,,,,,,,,,,,,,,,,,서울신중초등학교,B100000768,서울특별시 서초구 서초동 1466-6번지,공립,단설,19360601,서울특별시교육청,http://sinjung.sen.es.kr,20230531,21.0,22.5,455,378,20230531,4,57,5,6,6,6,7,6,130,124,135,138,166,,1,5,36,833,1,3,0,0,20230531,10,,0,0.0,20230531,직영,3385,931,831091000,37.4801795,127.0093516,1165010800,서울시,19.8,17.4,서초구,23.0,20.9,14,135.0,162.0,
5,갤러리하우스,251B,서울시 서초구 서초동,1165010800,1508-39,서울시 서초구 명달로22길 45,37.486919,127.006764,15,0,5,3,249,59,30,,HT001,251.35,214.51,85,4,2,1,계단식,,,,,,,,,,,,,,,,,,,서울신중초등학교,B100000768,서울특별시 서초구 서초동 1466-6번지,공립,단설,19360601,서울특별시교육청,http://sinjung.sen.es.kr,20230531,21.0,22.5,455,378,20230531,4,57,5,6,6,6,7,6,130,124,135,138,166,,1,5,36,833,1,3,0,0,20230531,10,,0,0.0,20230531,직영,3385,931,831091000,37.4801795,127.0093516,1165010800,서울시,19.8,17.4,서초구,23.0,20.9,14,135.0,162.0,
0,갤러리호(도시형),25A㎡,서울시 서초구 서초동,1165010800,1538-4,서울시 서초구 반포대로19길 10,37.487512,127.009121,29,0,3,3,141,43,20,(주)다짐,HT001,25,16.36,65,1,1,12,계단식,,,,,,,,,,,,,,,,,,,서울신중초등학교,B100000768,서울특별시 서초구 서초동 1466-6번지,공립,단설,19360601,서울특별시교육청,http://sinjung.sen.es.kr,20230531,21.0,22.5,455,378,20230531,4,57,5,6,6,6,7,6,130,124,135,138,166,,1,5,36,833,1,3,0,0,20230531,10,,0,0.0,20230531,직영,3385,931,831091000,37.4801795,127.0093516,1165010800,서울시,19.8,17.4,서초구,23.0,20.9,15,135.0,162.0,
1,갤러리호(도시형),25D㎡,서울시 서초구 서초동,1165010800,1538-4,서울시 서초구 반포대로19길 10,37.487512,127.009121,29,0,3,3,141,43,20,(주)다짐,HT001,25.2,16.49,65,1,1,3,계단식,,,,,,,,,,,,,,,,,,,서울신중초등학교,B100000768,서울특별시 서초구 서초동 1466-6번지,공립,단설,19360601,서울특별시교육청,http://sinjung.sen.es.kr,20230531,21.0,22.5,455,378,20230531,4,57,5,6,6,6,7,6,130,124,135,138,166,,1,5,36,833,1,3,0,0,20230531,10,,0,0.0,20230531,직영,3385,931,831091000,37.4801795,127.0093516,1165010800,서울시,19.8,17.4,서초구,23.0,20.9,15,135.0,162.0,
2,갤러리호(도시형),25H㎡,서울시 서초구 서초동,1165010800,1538-4,서울시 서초구 반포대로19길 10,37.487512,127.009121,29,0,3,3,141,43,20,(주)다짐,HT001,25.45,16.74,66,1,1,3,계단식,,,,,,,,,,,,,,,,,,,서울신중초등학교,B100000768,서울특별시 서초구 서초동 1466-6번지,공립,단설,19360601,서울특별시교육청,http://sinjung.sen.es.kr,20230531,21.0,22.5,455,378,20230531,4,57,5,6,6,6,7,6,130,124,135,138,166,,1,5,36,833,1,3,0,0,20230531,10,,0,0.0,20230531,직영,3385,931,831091000,37.4801795,127.0093516,1165010800,서울시,19.8,17.4,서초구,23.0,20.9,15,135.0,162.0,
3,갤러리호(도시형),25F㎡,서울시 서초구 서초동,1165010800,1538-4,서울시 서초구 반포대로19길 10,37.487512,127.009121,29,0,3,3,141,43,20,(주)다짐,HT001,25.25,16.61,66,1,1,2,계단식,,,,,,,,,,,,,,,,,,,서울신중초등학교,B100000768,서울특별시 서초구 서초동 1466-6번지,공립,단설,19360601,서울특별시교육청,http://sinjung.sen.es.kr,20230531,21.0,22.5,455,378,20230531,4,57,5,6,6,6,7,6,130,124,135,138,166,,1,5,36,833,1,3,0,0,20230531,10,,0,0.0,20230531,직영,3385,931,831091000,37.4801795,127.0093516,1165010800,서울시,19.8,17.4,서초구,23.0,20.9,15,135.0,162.0,
4,갤러리호(도시형),25B㎡,서울시 서초구 서초동,1165010800,1538-4,서울시 서초구 반포대로19길 10,37.487512,127.009121,29,0,3,3,141,43,20,(주)다짐,HT001,25.14,16.46,65,1,1,1,계단식,,,,,,,,,,,,,,,,,,,서울신중초등학교,B100000768,서울특별시 서초구 서초동 1466-6번지,공립,단설,19360601,서울특별시교육청,http://sinjung.sen.es.kr,20230531,21.0,22.5,455,378,20230531,4,57,5,6,6,6,7,6,130,124,135,138,166,,1,5,36,833,1,3,0,0,20230531,10,,0,0.0,20230531,직영,3385,931,831091000,37.4801795,127.0093516,1165010800,서울시,19.8,17.4,서초구,23.0,20.9,15,135.0,162.0,
5,갤러리호(도시형),25C㎡,서울시 서초구 서초동,1165010800,1538-4,서울시 서초구 반포대로19길 10,37.487512,127.009121,29,0,3,3,141,43,20,(주)다짐,HT001,25.02,16.48,66,1,1,1,계단식,,,,,,,,,,,,,,,,,,,서울신중초등학교,B100000768,서울특별시 서초구 서초동 1466-6번지,공립,단설,19360601,서울특별시교육청,http://sinjung.sen.es.kr,20230531,21.0,22.5,455,378,20230531,4,57,5,6,6,6,7,6,130,124,135,138,166,,1,5,36,833,1,3,0,0,20230531,10,,0,0.0,20230531,직영,3385,931,831091000,37.4801795,127.0093516,1165010800,서울시,19.8,17.4,서초구,23.0,20.9,15,135.0,162.0,
6,갤러리호(도시형),25E㎡,서울시 서초구 서초동,1165010800,1538-4,서울시 서초구 반포대로19길 10,37.487512,127.009121,29,0,3,3,141,43,20,(주)다짐,HT001,25.23,16.52,65,1,1,1,계단식,,,,,,,,,,,,,,,,,,,서울신중초등학교,B100000768,서울특별시 서초구 서초동 1466-6번지,공립,단설,19360601,서울특별시교육청,http://sinjung.sen.es.kr,20230531,21.0,22.5,455,378,20230531,4,57,5,6,6,6,7,6,130,124,135,138,166,,1,5,36,833,1,3,0,0,20230531,10,,0,0.0,20230531,직영,3385,931,831091000,37.4801795,127.0093516,1165010800,서울시,19.8,17.4,서초구,23.0,20.9,15,135.0,162.0,
7,갤러리호(도시형),25G㎡,서울시 서초구 서초동,1165010800,1538-4,서울시 서초구 반포대로19길 10,37.487512,127.009121,29,0,3,3,141,43,20,(주)다짐,HT001,25.26,16.62,66,1,1,1,계단식,,,,,,,,,,,,,,,,,,,서울신중초등학교,B100000768,서울특별시 서초구 서초동 1466-6번지,공립,단설,19360601,서울특별시교육청,http://sinjung.sen.es.kr,20230531,21.0,22.5,455,378,20230531,4,57,5,6,6,6,7,6,130,124,135,138,166,,1,5,36,833,1,3,0,0,20230531,10,,0,0.0,20230531,직영,3385,931,831091000,37.4801795,127.0093516,1165010800,서울시,19.8,17.4,서초구,23.0,20.9,15,135.0,162.0,
8,갤러리호(도시형),25I㎡,서울시 서초구 서초동,1165010800,1538-4,서울시 서초구 반포대로19길 10,37.487512,127.009121,29,0,3,3,141,43,20,(주)다짐,HT001,25.46,16.75,66,1,1,1,계단식,,,,,,,,,,,,,,,,,,,서울신중초등학교,B100000768,서울특별시 서초구 서초동 1466-6번지,공립,단설,19360601,서울특별시교육청,http://sinjung.sen.es.kr,20230531,21.0,22.5,455,378,20230531,4,57,5,6,6,6,7,6,130,124,135,138,166,,1,5,36,833,1,3,0,0,20230531,10,,0,0.0,20230531,직영,3385,931,831091000,37.4801795,127.0093516,1165010800,서울시,19.8,17.4,서초구,23.0,20.9,15,135.0,162.0,
9,갤러리호(도시형),33,서울시 서초구 서초동,1165010800,1538-4,서울시 서초구 반포대로19길 10,37.487512,127.009121,29,0,3,3,141,43,20,(주)다짐,HT001,33,22.03,67,1,1,4,계단식,,,,,,,,,,,,,,,,,,,서울신중초등학교,B100000768,서울특별시 서초구 서초동 1466-6번지,공립,단설,19360601,서울특별시교육청,http://sinjung.sen.es.kr,20230531,21.0,22.5,455,378,20230531,4,57,5,6,6,6,7,6,130,124,135,138,166,,1,5,36,833,1,3,0,0,20230531,10,,0,0.0,20230531,직영,3385,931,831091000,37.4801795,127.0093516,1165010800,서울시,19.8,17.4,서초구,23.0,20.9,15,135.0,162.0,
0,경남아너스빌(1455-9),98㎡,서울시 서초구 서초동,1165010800,1455-9,서울시 서초구 남부순환로323길 56-18,37.483381,127.014299,55,0,15,10,262,27,118,경남기업(주),HT001,98.3,78.73,80,3,2,2,계단식,,,,,,,,,,,,,,,,,,,서울신중초등학교,B100000768,서울특별시 서초구 서초동 1466-6번지,공립,단설,19360601,서울특별시교육청,http://sinjung.sen.es.kr,20230531,21.0,22.5,455,378,20230531,4,57,5,6,6,6,7,6,130,124,135,138,166,,1,5,36,833,1,3,0,0,20230531,10,,0,0.0,20230531,직영,3385,931,831091000,37.4801795,127.0093516,1165010800,서울시,19.8,17.4,서초구,23.0,20.9,10,135.0,162.0,
1,경남아너스빌(1455-9),105㎡,서울시 서초구 서초동,1165010800,1455-9,서울시 서초구 남부순환로323길 56-18,37.483381,127.014299,55,0,15,10,262,27,118,경남기업(주),HT001,105.79,84.95,80,3,2,83,계단식,,,,,,,,,,,,,,,,,,,서울신중초등학교,B100000768,서울특별시 서초구 서초동 1466-6번지,공립,단설,19360601,서울특별시교육청,http://sinjung.sen.es.kr,20230531,21.0,22.5,455,378,20230531,4,57,5,6,6,6,7,6,130,124,135,138,166,,1,5,36,833,1,3,0,0,20230531,10,,0,0.0,20230531,직영,3385,931,831091000,37.4801795,127.0093516,1165010800,서울시,19.8,17.4,서초구,23.0,20.9,10,135.0,162.0,
2,경남아너스빌(1455-9),147A㎡,서울시 서초구 서초동,1165010800,1455-9,서울시 서초구 남부순환로323길 56-18,37.483381,127.014299,55,0,15,10,262,27,118,경남기업(주),HT001,147.46,117.5,80,4,2,1,계단식,,,,,,,,,,,,,,,,,,,서울신중초등학교,B100000768,서울특별시 서초구 서초동 1466-6번지,공립,단설,19360601,서울특별시교육청,http://sinjung.sen.es.kr,20230531,21.0,22.5,455,378,20230531,4,57,5,6,6,6,7,6,130,124,135,138,166,,1,5,36,833,1,3,0,0,20230531,10,,0,0.0,20230531,직영,3385,931,831091000,37.4801795,127.0093516,1165010800,서울시,19.8,17.4,서초구,23.0,20.9,10,135.0,162.0,
3,경남아너스빌(1455-9),149B㎡,서울시 서초구 서초동,1165010800,1455-9,서울시 서초구 남부순환로323길 56-18,37.483381,127.014299,55,0,15,10,262,27,118,경남기업(주),HT001,149.03,127.04,85,4,2,9,계단식,,,,,,,,,,,,22억,,,,,,,서울신중초등학교,B100000768,서울특별시 서초구 서초동 1466-6번지,공립,단설,19360601,서울특별시교육청,http://sinjung.sen.es.kr,20230531,21.0,22.5,455,378,20230531,4,57,5,6,6,6,7,6,130,124,135,138,166,,1,5,36,833,1,3,0,0,20230531,10,,0,0.0,20230531,직영,3385,931,831091000,37.4801795,127.0093516,1165010800,서울시,19.8,17.4,서초구,23.0,20.9,10,135.0,162.0,
4,경남아너스빌(1455-9),159A㎡,서울시 서초구 서초동,1165010800,1455-9,서울시 서초구 남부순환로323길 56-18,37.483381,127.014299,55,0,15,10,262,27,118,경남기업(주),HT001,159.91,136.22,85,4,2,22,계단식,,,,,,,,,,,,24억,,,,,,,서울신중초등학교,B100000768,서울특별시 서초구 서초동 1466-6번지,공립,단설,19360601,서울특별시교육청,http://sinjung.sen.es.kr,20230531,21.0,22.5,455,378,20230531,4,57,5,6,6,6,7,6,130,124,135,138,166,,1,5,36,833,1,3,0,0,20230531,10,,0,0.0,20230531,직영,3385,931,831091000,37.4801795,127.0093516,1165010800,서울시,19.8,17.4,서초구,23.0,20.9,10,135.0,162.0,
5,경남아너스빌(1455-9),160B㎡,서울시 서초구 서초동,1165010800,1455-9,서울시 서초구 남부순환로323길 56-18,37.483381,127.014299,55,0,15,10,262,27,118,경남기업(주),HT001,160.21,136.37,85,4,2,13,계단식,,,,,,,,,,,,24억,,,,7억/190,,7억/190,서울신중초등학교,B100000768,서울특별시 서초구 서초동 1466-6번지,공립,단설,19360601,서울특별시교육청,http://sinjung.sen.es.kr,20230531,21.0,22.5,455,378,20230531,4,57,5,6,6,6,7,6,130,124,135,138,166,,1,5,36,833,1,3,0,0,20230531,10,,0,0.0,20230531,직영,3385,931,831091000,37.4801795,127.0093516,1165010800,서울시,19.8,17.4,서초구,23.0,20.9,10,135.0,162.0,
6,경남아너스빌(1455-9),160㎡,서울시 서초구 서초동,1165010800,1455-9,서울시 서초구 남부순환로323길 56-18,37.483381,127.014299,55,0,15,10,262,27,118,경남기업(주),HT001,160.54,137.07,85,4,2,9,계단식,,,,,,,,,,,,,,13억,,,,,서울신중초등학교,B100000768,서울특별시 서초구 서초동 1466-6번지,공립,단설,19360601,서울특별시교육청,http://sinjung.sen.es.kr,20230531,21.0,22.5,455,378,20230531,4,57,5,6,6,6,7,6,130,124,135,138,166,,1,5,36,833,1,3,0,0,20230531,10,,0,0.0,20230531,직영,3385,931,831091000,37.4801795,127.0093516,1165010800,서울시,19.8,17.4,서초구,23.0,20.9,10,135.0,162.0,
7,경남아너스빌(1455-9),234㎡,서울시 서초구 서초동,1165010800,1455-9,서울시 서초구 남부순환로323길 56-18,37.483381,127.014299,55,0,15,10,262,27,118,경남기업(주),HT001,234.33,197.65,84,5,3,1,계단식,,,,,,,,,,,,,,,,,,,서울신중초등학교,B100000768,서울특별시 서초구 서초동 1466-6번지,공립,단설,19360601,서울특별시교육청,http://sinjung.sen.es.kr,20230531,21.0,22.5,455,378,20230531,4,57,5,6,6,6,7,6,130,124,135,138,166,,1,5,36,833,1,3,0,0,20230531,10,,0,0.0,20230531,직영,3385,931,831091000,37.4801795,127.0093516,1165010800,서울시,19.8,17.4,서초구,23.0,20.9,10,135.0,162.0,
8,경남아너스빌(1455-9),251,서울시 서초구 서초동,1165010800,1455-9,서울시 서초구 남부순환로323길 56-18,37.483381,127.014299,55,0,15,10,262,27,118,경남기업(주),HT001,251.24,213.76,85,5,4,1,계단식,,,,,,,,,,,,,,,,,,,서울신중초등학교,B100000768,서울특별시 서초구 서초동 1466-6번지,공립,단설,19360601,서울특별시교육청,http://sinjung.sen.es.kr,20230531,21.0,22.5,455,378,20230531,4,57,5,6,6,6,7,6,130,124,135,138,166,,1,5,36,833,1,3,0,0,20230531,10,,0,0.0,20230531,직영,3385,931,831091000,37.4801795,127.0093516,1165010800,서울시,19.8,17.4,서초구,23.0,20.9,10,135.0,162.0,
0,경남아너스빌(1456-2),98㎡,서울시 서초구 서초동,1165010800,1456-2,서울시 서초구 반포대로10길 42,37.48383,127.014263,86,0,15,13,258,21,101,경남기업(주),HT001,98.3,78.73,80,3,2,2,계단식,,,,,,,,,,,,,,,,,,,서울신중초등학교,B100000768,서울특별시 서초구 서초동 1466-6번지,공립,단설,19360601,서울특별시교육청,http://sinjung.sen.es.kr,20230531,21.0,22.5,455,378,20230531,4,57,5,6,6,6,7,6,130,124,135,138,166,,1,5,36,833,1,3,0,0,20230531,10,,0,0.0,20230531,직영,3385,931,831091000,37.4801795,127.0093516,1165010800,서울시,19.8,17.4,서초구,23.0,20.9,13,135.0,162.0,
1,경남아너스빌(1456-2),105㎡,서울시 서초구 서초동,1165010800,1456-2,서울시 서초구 반포대로10길 42,37.48383,127.014263,86,0,15,13,258,21,101,경남기업(주),HT001,105.79,84.95,80,3,2,83,계단식,,,,,,,,,,,16억,19억,,9억,,3억/300,,3억/300,서울신중초등학교,B100000768,서울특별시 서초구 서초동 1466-6번지,공립,단설,19360601,서울특별시교육청,http://sinjung.sen.es.kr,20230531,21.0,22.5,455,378,20230531,4,57,5,6,6,6,7,6,130,124,135,138,166,,1,5,36,833,1,3,0,0,20230531,10,,0,0.0,20230531,직영,3385,931,831091000,37.4801795,127.0093516,1165010800,서울시,19.8,17.4,서초구,23.0,20.9,13,135.0,162.0,
2,경남아너스빌(1456-2),147,서울시 서초구 서초동,1165010800,1456-2,서울시 서초구 반포대로10길 42,37.48383,127.014263,86,0,15,13,258,21,101,경남기업(주),HT001,147.46,117.5,80,4,2,1,계단식,,,,,,,,,,,,,,,,,,,서울신중초등학교,B100000768,서울특별시 서초구 서초동 1466-6번지,공립,단설,19360601,서울특별시교육청,http://sinjung.sen.es.kr,20230531,21.0,22.5,455,378,20230531,4,57,5,6,6,6,7,6,130,124,135,138,166,,1,5,36,833,1,3,0,0,20230531,10,,0,0.0,20230531,직영,3385,931,831091000,37.4801795,127.0093516,1165010800,서울시,19.8,17.4,서초구,23.0,20.9,13,135.0,162.0,
0,경남아너스빌(1608-28),103㎡,서울시 서초구 서초동,1165010800,1608-28,서울시 서초구 효령로67길 34,37.488741,127.023136,32,0,10,8,0,0,49,경남기업 주식회사,HT001,103.18,84.92,82,3,2,14,계단식,1276200,2198610,255240,667170,0,0,0,,,,,,,,,,,,서울서일초등학교,B100000763,서울특별시 서초구 서초동 1436-8번지,공립,단설,19861016,서울특별시교육청,http://seoulseoil.sen.es.kr,20230531,20.3,20.8,266,232,20230531,4,33,3,4,4,4,4,4,72,79,88,78,93,,1,5,23,498,1,4,0,0,20230531,6,,0,0.0,20230531,직영,3377,558,615924000,37.48478772,127.02260429,1165010800,서울시,19.8,17.4,서초구,23.0,20.9,9,83.0,87.0,
1,경남아너스빌(1608-28),132㎡,서울시 서초구 서초동,1165010800,1608-28,서울시 서초구 효령로67길 34,37.488741,127.023136,32,0,10,8,0,0,49,경남기업 주식회사,HT001,132.54,115.72,87,4,2,16,계단식,1333800,2287890,266760,687330,0,0,0,,,,,18억,,,,,,,서울서일초등학교,B100000763,서울특별시 서초구 서초동 1436-8번지,공립,단설,19861016,서울특별시교육청,http://seoulseoil.sen.es.kr,20230531,20.3,20.8,266,232,20230531,4,33,3,4,4,4,4,4,72,79,88,78,93,,1,5,23,498,1,4,0,0,20230531,6,,0,0.0,20230531,직영,3377,558,615924000,37.48478772,127.02260429,1165010800,서울시,19.8,17.4,서초구,23.0,20.9,9,83.0,87.0,
2,경남아너스빌(1608-28),136㎡,서울시 서초구 서초동,1165010800,1608-28,서울시 서초구 효령로67길 34,37.488741,127.023136,32,0,10,8,0,0,49,경남기업 주식회사,HT001,136.55,117.92,86,4,2,1,계단식,1265400,2181870,253080,663390,0,0,0,,,,,,,,,,,,서울서일초등학교,B100000763,서울특별시 서초구 서초동 1436-8번지,공립,단설,19861016,서울특별시교육청,http://seoulseoil.sen.es.kr,20230531,20.3,20.8,266,232,20230531,4,33,3,4,4,4,4,4,72,79,88,78,93,,1,5,23,498,1,4,0,0,20230531,6,,0,0.0,20230531,직영,3377,558,615924000,37.48478772,127.02260429,1165010800,서울시,19.8,17.4,서초구,23.0,20.9,9,83.0,87.0,
3,경남아너스빌(1608-28),141,서울시 서초구 서초동,1165010800,1608-28,서울시 서초구 효령로67길 34,37.488741,127.023136,32,0,10,8,0,0,49,경남기업 주식회사,HT001,141.7,119.15,84,4,2,1,계단식,1431000,2438550,286200,721350,136080,113400,22680,,,,,,,,,,,,서울서일초등학교,B100000763,서울특별시 서초구 서초동 1436-8번지,공립,단설,19861016,서울특별시교육청,http://seoulseoil.sen.es.kr,20230531,20.3,20.8,266,232,20230531,4,33,3,4,4,4,4,4,72,79,88,78,93,,1,5,23,498,1,4,0,0,20230531,6,,0,0.0,20230531,직영,3377,558,615924000,37.48478772,127.02260429,1165010800,서울시,19.8,17.4,서초구,23.0,20.9,9,83.0,87.0,
0,그린빌라트(주상복합),124㎡,서울시 서초구 서초동,1165010800,1488-5,서울시 서초구 명달로8길 11,37.481861,127.005733,19,0,12,11,378,56,20,,HT001,124.54,106.11,85,3,2,7,계단식,341100,774090,68220,364770,0,0,0,,,,,,,,,,,,서울신중초등학교,B100000768,서울특별시 서초구 서초동 1466-6번지,공립,단설,19360601,서울특별시교육청,http://sinjung.sen.es.kr,20230531,21.0,22.5,455,378,20230531,4,57,5,6,6,6,7,6,130,124,135,138,166,,1,5,36,833,1,3,0,0,20230531,10,,0,0.0,20230531,직영,3385,931,831091000,37.4801795,127.0093516,1165010800,서울시,19.8,17.4,서초구,23.0,20.9,7,135.0,162.0,
1,그린빌라트(주상복합),138㎡,서울시 서초구 서초동,1165010800,1488-5,서울시 서초구 명달로8길 11,37.481861,127.005733,19,0,12,11,378,56,20,,HT001,138.6,118.09,85,4,2,9,계단식,431550,942480,86310,424620,0,0,0,,,,,,,,,,,,서울신중초등학교,B100000768,서울특별시 서초구 서초동 1466-6번지,공립,단설,19360601,서울특별시교육청,http://sinjung.sen.es.kr,20230531,21.0,22.5,455,378,20230531,4,57,5,6,6,6,7,6,130,124,135,138,166,,1,5,36,833,1,3,0,0,20230531,10,,0,0.0,20230531,직영,3385,931,831091000,37.4801795,127.0093516,1165010800,서울시,19.8,17.4,서초구,23.0,20.9,7,135.0,162.0,
2,그린빌라트(주상복합),251㎡,서울시 서초구 서초동,1165010800,1488-5,서울시 서초구 명달로8길 11,37.481861,127.005733,19,0,12,11,378,56,20,,HT001,251,213.86,85,5,3,2,계단식,1040400,1833120,208080,584640,0,0,0,,,,,,,,,,,,서울신중초등학교,B100000768,서울특별시 서초구 서초동 1466-6번지,공립,단설,19360601,서울특별시교육청,http://sinjung.sen.es.kr,20230531,21.0,22.5,455,378,20230531,4,57,5,6,6,6,7,6,130,124,135,138,166,,1,5,36,833,1,3,0,0,20230531,10,,0,0.0,20230531,직영,3385,931,831091000,37.4801795,127.0093516,1165010800,서울시,19.8,17.4,서초구,23.0,20.9,7,135.0,162.0,
3,그린빌라트(주상복합),277,서울시 서초구 서초동,1165010800,1488-5,서울시 서초구 명달로8길 11,37.481861,127.005733,19,0,12,11,378,56,20,,HT001,277.18,236.18,85,5,3,1,계단식,1114200,1947510,222840,610470,0,0,0,,,,,,,,,,,,서울신중초등학교,B100000768,서울특별시 서초구 서초동 1466-6번지,공립,단설,19360601,서울특별시교육청,http://sinjung.sen.es.kr,20230531,21.0,22.5,455,378,20230531,4,57,5,6,6,6,7,6,130,124,135,138,166,,1,5,36,833,1,3,0,0,20230531,10,,0,0.0,20230531,직영,3385,931,831091000,37.4801795,127.0093516,1165010800,서울시,19.8,17.4,서초구,23.0,20.9,7,135.0,162.0,
0,그린월드,89㎡,서울시 서초구 서초동,1165010800,1508-25,서울시 서초구 명달로22길 63,37.4873,127.00728,14,0,7,7,290,43,18,그린월드건설,HT001,89.46,78.56,88,3,2,1,계단식,206100,517590,41220,270270,0,0,0,,,,,,,,,,,,서울신중초등학교,B100000768,서울특별시 서초구 서초동 1466-6번지,공립,단설,19360601,서울특별시교육청,http://sinjung.sen.es.kr,20230531,21.0,22.5,455,378,20230531,4,57,5,6,6,6,7,6,130,124,135,138,166,,1,5,36,833,1,3,0,0,20230531,10,,0,0.0,20230531,직영,3385,931,831091000,37.4801795,127.0093516,1165010800,서울시,19.8,17.4,서초구,23.0,20.9,15,135.0,162.0,
1,그린월드,108㎡,서울시 서초구 서초동,1165010800,1508-25,서울시 서초구 명달로22길 63,37.4873,127.00728,14,0,7,7,290,43,18,그린월드건설,HT001,108.29,95.11,88,3,2,6,계단식,302400,700560,60480,337680,0,0,0,,,,,,,,,,,,서울신중초등학교,B100000768,서울특별시 서초구 서초동 1466-6번지,공립,단설,19360601,서울특별시교육청,http://sinjung.sen.es.kr,20230531,21.0,22.5,455,378,20230531,4,57,5,6,6,6,7,6,130,124,135,138,166,,1,5,36,833,1,3,0,0,20230531,10,,0,0.0,20230531,직영,3385,931,831091000,37.4801795,127.0093516,1165010800,서울시,19.8,17.4,서초구,23.0,20.9,15,135.0,162.0,
2,그린월드,114,서울시 서초구 서초동,1165010800,1508-25,서울시 서초구 명달로22길 63,37.4873,127.00728,14,0,7,7,290,43,18,그린월드건설,HT001,114.97,100.98,88,4,2,7,계단식,326700,746730,65340,354690,0,0,0,,,,,,,,,,,,서울신중초등학교,B100000768,서울특별시 서초구 서초동 1466-6번지,공립,단설,19360601,서울특별시교육청,http://sinjung.sen.es.kr,20230531,21.0,22.5,455,378,20230531,4,57,5,6,6,6,7,6,130,124,135,138,166,,1,5,36,833,1,3,0,0,20230531,10,,0,0.0,20230531,직영,3385,931,831091000,37.4801795,127.0093516,1165010800,서울시,19.8,17.4,서초구,23.0,20.9,15,135.0,162.0,
0,끄레메빌,256㎡,서울시 서초구 서초동,1165010800,1630-4,서울시 서초구 서리풀8길 11,37.489829,127.020513,14,0,15,15,388,30,43,(주)신건축개발,HT001,256.09,218.66,85,5,3,1,계단식,1364400,2335320,272880,698040,24192,20160,4032,,,,,20억,,,,,,,서울서이초등학교,B100000762,서울특별시 서초구 서초동 1334-2번지(서운로 85),공립,단설,19831203,서울특별시교육청,http://seo2.sen.es.kr,20230531,19.7,30.3,672,753,20230531,6,66,9,8,8,7,8,7,239,266,238,205,252,,0,0,47,1425,2,4,0,0,20230531,0,,0,0.0,20230531,직영,3347,1430,1370646000,37.49120942,127.02595329,1165010800,서울시,19.8,17.4,서초구,23.0,20.9,8,225.0,0.0,
1,끄레메빌,275㎡,서울시 서초구 서초동,1165010800,1630-4,서울시 서초구 서리풀8길 11,37.489829,127.020513,14,0,15,15,388,30,43,(주)신건축개발,HT001,275.34,235.1,85,5,3,1,계단식,1423800,2427390,284760,718830,123984,103320,20664,,,,,,,,,,,,서울서이초등학교,B100000762,서울특별시 서초구 서초동 1334-2번지(서운로 85),공립,단설,19831203,서울특별시교육청,http://seo2.sen.es.kr,20230531,19.7,30.3,672,753,20230531,6,66,9,8,8,7,8,7,239,266,238,205,252,,0,0,47,1425,2,4,0,0,20230531,0,,0,0.0,20230531,직영,3347,1430,1370646000,37.49120942,127.02595329,1165010800,서울시,19.8,17.4,서초구,23.0,20.9,8,225.0,0.0,
2,끄레메빌,286,서울시 서초구 서초동,1165010800,1630-4,서울시 서초구 서리풀8길 11,37.489829,127.020513,14,0,15,15,388,30,43,(주)신건축개발,HT001,286,244.19,85,4,3,12,계단식,1627200,2742660,325440,790020,465696,388080,77616,,,,,,,,,,,,서울서이초등학교,B100000762,서울특별시 서초구 서초동 1334-2번지(서운로 85),공립,단설,19831203,서울특별시교육청,http://seo2.sen.es.kr,20230531,19.7,30.3,672,753,20230531,6,66,9,8,8,7,8,7,239,266,238,205,252,,0,0,47,1425,2,4,0,0,20230531,0,,0,0.0,20230531,직영,3347,1430,1370646000,37.49120942,127.02595329,1165010800,서울시,19.8,17.4,서초구,23.0,20.9,8,225.0,0.0,
0,뉴삼성(주상복합),135㎡,서울시 서초구 서초동,1165010800,1512-1,서울시 서초구 명달로22길 46,37.486721,127.00685,8,0,4,4,222,59,11,남풍종합건설(주),HT001,135.61,122.69,90,4,2,1,계단식,,,,,,,,,,,,,,,,,,,서울신중초등학교,B100000768,서울특별시 서초구 서초동 1466-6번지,공립,단설,19360601,서울특별시교육청,http://sinjung.sen.es.kr,20230531,21.0,22.5,455,378,20230531,4,57,5,6,6,6,7,6,130,124,135,138,166,,1,5,36,833,1,3,0,0,20230531,10,,0,0.0,20230531,직영,3385,931,831091000,37.4801795,127.0093516,1165010800,서울시,19.8,17.4,서초구,23.0,20.9,14,135.0,162.0,
1,뉴삼성(주상복합),138A㎡,서울시 서초구 서초동,1165010800,1512-1,서울시 서초구 명달로22길 46,37.486721,127.00685,8,0,4,4,222,59,11,남풍종합건설(주),HT001,138.47,125.27,90,4,2,1,계단식,,,,,,,,,,,,,,,,,,,서울신중초등학교,B100000768,서울특별시 서초구 서초동 1466-6번지,공립,단설,19360601,서울특별시교육청,http://sinjung.sen.es.kr,20230531,21.0,22.5,455,378,20230531,4,57,5,6,6,6,7,6,130,124,135,138,166,,1,5,36,833,1,3,0,0,20230531,10,,0,0.0,20230531,직영,3385,931,831091000,37.4801795,127.0093516,1165010800,서울시,19.8,17.4,서초구,23.0,20.9,14,135.0,162.0,
2,뉴삼성(주상복합),138B㎡,서울시 서초구 서초동,1165010800,1512-1,서울시 서초구 명달로22길 46,37.486721,127.00685,8,0,4,4,222,59,11,남풍종합건설(주),HT001,138.65,125.44,90,4,2,1,계단식,,,,,,,,,,,,,,,,,,,서울신중초등학교,B100000768,서울특별시 서초구 서초동 1466-6번지,공립,단설,19360601,서울특별시교육청,http://sinjung.sen.es.kr,20230531,21.0,22.5,455,378,20230531,4,57,5,6,6,6,7,6,130,124,135,138,166,,1,5,36,833,1,3,0,0,20230531,10,,0,0.0,20230531,직영,3385,931,831091000,37.4801795,127.0093516,1165010800,서울시,19.8,17.4,서초구,23.0,20.9,14,135.0,162.0,
3,뉴삼성(주상복합),139㎡,서울시 서초구 서초동,1165010800,1512-1,서울시 서초구 명달로22길 46,37.486721,127.00685,8,0,4,4,222,59,11,남풍종합건설(주),HT001,139.92,126.59,90,4,2,2,계단식,,,,,,,,,,,,,,,,,,,서울신중초등학교,B100000768,서울특별시 서초구 서초동 1466-6번지,공립,단설,19360601,서울특별시교육청,http://sinjung.sen.es.kr,20230531,21.0,22.5,455,378,20230531,4,57,5,6,6,6,7,6,130,124,135,138,166,,1,5,36,833,1,3,0,0,20230531,10,,0,0.0,20230531,직영,3385,931,831091000,37.4801795,127.0093516,1165010800,서울시,19.8,17.4,서초구,23.0,20.9,14,135.0,162.0,
4,뉴삼성(주상복합),142,서울시 서초구 서초동,1165010800,1512-1,서울시 서초구 명달로22길 46,37.486721,127.00685,8,0,4,4,222,59,11,남풍종합건설(주),HT001,142.97,129.34,90,4,2,3,계단식,,,,,,,,,,,,,,,,,,,서울신중초등학교,B100000768,서울특별시 서초구 서초동 1466-6번지,공립,단설,19360601,서울특별시교육청,http://sinjung.sen.es.kr,20230531,21.0,22.5,455,378,20230531,4,57,5,6,6,6,7,6,130,124,135,138,166,,1,5,36,833,1,3,0,0,20230531,10,,0,0.0,20230531,직영,3385,931,831091000,37.4801795,127.0093516,1165010800,서울시,19.8,17.4,서초구,23.0,20.9,14,135.0,162.0,
0,다솔,69㎡,서울시 서초구 서초동,1165010800,1471-3,서울시 서초구 반포대로3길 49,37.481194,127.009587,12,0,6,6,239,47,14,기마종합건설(주),HT001,69.88,62.13,89,2,1,1,계단식,157500,425250,31500,236250,0,0,0,,,,,,,,,,,,서울신중초등학교,B100000768,서울특별시 서초구 서초동 1466-6번지,공립,단설,19360601,서울특별시교육청,http://sinjung.sen.es.kr,20230531,21.0,22.5,455,378,20230531,4,57,5,6,6,6,7,6,130,124,135,138,166,,1,5,36,833,1,3,0,0,20230531,10,,0,0.0,20230531,직영,3385,931,831091000,37.4801795,127.0093516,1165010800,서울시,19.8,17.4,서초구,23.0,20.9,3,135.0,162.0,
1,다솔,73㎡,서울시 서초구 서초동,1165010800,1471-3,서울시 서초구 반포대로3길 49,37.481194,127.009587,12,0,6,6,239,47,14,기마종합건설(주),HT001,73.88,65.55,89,2,1,2,계단식,171900,452610,34380,246330,0,0,0,,,,,,,,,,,,서울신중초등학교,B100000768,서울특별시 서초구 서초동 1466-6번지,공립,단설,19360601,서울특별시교육청,http://sinjung.sen.es.kr,20230531,21.0,22.5,455,378,20230531,4,57,5,6,6,6,7,6,130,124,135,138,166,,1,5,36,833,1,3,0,0,20230531,10,,0,0.0,20230531,직영,3385,931,831091000,37.4801795,127.0093516,1165010800,서울시,19.8,17.4,서초구,23.0,20.9,3,135.0,162.0,
2,다솔,93,서울시 서초구 서초동,1165010800,1471-3,서울시 서초구 반포대로3길 49,37.481194,127.009587,12,0,6,6,239,47,14,기마종합건설(주),HT001,93.73,83.4,89,3,2,9,계단식,273600,645840,54720,317520,0,0,0,,,,,,,,,,,,서울신중초등학교,B100000768,서울특별시 서초구 서초동 1466-6번지,공립,단설,19360601,서울특별시교육청,http://sinjung.sen.es.kr,20230531,21.0,22.5,455,378,20230531,4,57,5,6,6,6,7,6,130,124,135,138,166,,1,5,36,833,1,3,0,0,20230531,10,,0,0.0,20230531,직영,3385,931,831091000,37.4801795,127.0093516,1165010800,서울시,19.8,17.4,서초구,23.0,20.9,3,135.0,162.0,
0,다우월드,92A㎡,서울시 서초구 서초동,1165010800,1357-44,서울시 서초구 강남대로45길 11,37.488015,127.031298,17,0,7,6,267,52,19,희경건설(주),HT001,92.12,82.45,90,3,2,5,계단식,246600,594540,49320,298620,0,0,0,,,,,,,,,,,,서울서일초등학교,B100000763,서울특별시 서초구 서초동 1436-8번지,공립,단설,19861016,서울특별시교육청,http://seoulseoil.sen.es.kr,20230531,20.3,20.8,266,232,20230531,4,33,3,4,4,4,4,4,72,79,88,78,93,,1,5,23,498,1,4,0,0,20230531,6,,0,0.0,20230531,직영,3377,558,615924000,37.48478772,127.02260429,1165010800,서울시,19.8,17.4,서초구,23.0,20.9,17,83.0,87.0,
1,다우월드,93B㎡,서울시 서초구 서초동,1165010800,1357-44,서울시 서초구 강남대로45길 11,37.488015,127.031298,17,0,7,6,267,52,19,희경건설(주),HT001,93.21,83.42,89,3,2,5,계단식,246600,594540,49320,298620,0,0,0,,,,,,,,,,,,서울서일초등학교,B100000763,서울특별시 서초구 서초동 1436-8번지,공립,단설,19861016,서울특별시교육청,http://seoulseoil.sen.es.kr,20230531,20.3,20.8,266,232,20230531,4,33,3,4,4,4,4,4,72,79,88,78,93,,1,5,23,498,1,4,0,0,20230531,6,,0,0.0,20230531,직영,3377,558,615924000,37.48478772,127.02260429,1165010800,서울시,19.8,17.4,서초구,23.0,20.9,17,83.0,87.0,
2,다우월드,93C㎡,서울시 서초구 서초동,1165010800,1357-44,서울시 서초구 강남대로45길 11,37.488015,127.031298,17,0,7,6,267,52,19,희경건설(주),HT001,93.04,83.27,89,3,2,5,계단식,246600,594540,49320,298620,0,0,0,,,,,,,,,,,,서울서일초등학교,B100000763,서울특별시 서초구 서초동 1436-8번지,공립,단설,19861016,서울특별시교육청,http://seoulseoil.sen.es.kr,20230531,20.3,20.8,266,232,20230531,4,33,3,4,4,4,4,4,72,79,88,78,93,,1,5,23,498,1,4,0,0,20230531,6,,0,0.0,20230531,직영,3377,558,615924000,37.48478772,127.02260429,1165010800,서울시,19.8,17.4,서초구,23.0,20.9,17,83.0,87.0,
3,다우월드,109㎡,서울시 서초구 서초동,1165010800,1357-44,서울시 서초구 강남대로45길 11,37.488015,127.031298,17,0,7,6,267,52,19,희경건설(주),HT001,109.99,98.44,89,3,2,1,계단식,302400,700560,60480,337680,0,0,0,,,,,,,,,,,,서울서일초등학교,B100000763,서울특별시 서초구 서초동 1436-8번지,공립,단설,19861016,서울특별시교육청,http://seoulseoil.sen.es.kr,20230531,20.3,20.8,266,232,20230531,4,33,3,4,4,4,4,4,72,79,88,78,93,,1,5,23,498,1,4,0,0,20230531,6,,0,0.0,20230531,직영,3377,558,615924000,37.48478772,127.02260429,1165010800,서울시,19.8,17.4,서초구,23.0,20.9,17,83.0,87.0,
4,다우월드,116,서울시 서초구 서초동,1165010800,1357-44,서울시 서초구 강남대로45길 11,37.488015,127.031298,17,0,7,6,267,52,19,희경건설(주),HT001,116.71,104.46,90,3,2,1,계단식,321300,736470,64260,350910,0,0,0,,,,,,,,,,,,서울서일초등학교,B100000763,서울특별시 서초구 서초동 1436-8번지,공립,단설,19861016,서울특별시교육청,http://seoulseoil.sen.es.kr,20230531,20.3,20.8,266,232,20230531,4,33,3,4,4,4,4,4,72,79,88,78,93,,1,5,23,498,1,4,0,0,20230531,6,,0,0.0,20230531,직영,3377,558,615924000,37.48478772,127.02260429,1165010800,서울시,19.8,17.4,서초구,23.0,20.9,17,83.0,87.0,
0,대경벨로체,78A㎡,서울시 서초구 서초동,1165010800,1484-7,서울시 서초구 남부순환로317길 68,37.482771,127.010652,11,0,7,6,199,44,12,대경종합건설주식회사,HT001,78.32,66.71,85,2,1,1,계단식,164700,438930,32940,241290,0,0,0,,,,,,,,,,,,서울신중초등학교,B100000768,서울특별시 서초구 서초동 1466-6번지,공립,단설,19360601,서울특별시교육청,http://sinjung.sen.es.kr,20230531,21.0,22.5,455,378,20230531,4,57,5,6,6,6,7,6,130,124,135,138,166,,1,5,36,833,1,3,0,0,20230531,10,,0,0.0,20230531,직영,3385,931,831091000,37.4801795,127.0093516,1165010800,서울시,19.8,17.4,서초구,23.0,20.9,4,135.0,162.0,
1,대경벨로체,79B㎡,서울시 서초구 서초동,1165010800,1484-7,서울시 서초구 남부순환로317길 68,37.482771,127.010652,11,0,7,6,199,44,12,대경종합건설주식회사,HT001,79.55,67.76,85,2,1,1,계단식,179100,466290,35820,251370,0,0,0,,,,,,,,,,,,서울신중초등학교,B100000768,서울특별시 서초구 서초동 1466-6번지,공립,단설,19360601,서울특별시교육청,http://sinjung.sen.es.kr,20230531,21.0,22.5,455,378,20230531,4,57,5,6,6,6,7,6,130,124,135,138,166,,1,5,36,833,1,3,0,0,20230531,10,,0,0.0,20230531,직영,3385,931,831091000,37.4801795,127.0093516,1165010800,서울시,19.8,17.4,서초구,23.0,20.9,4,135.0,162.0,
2,대경벨로체,85㎡,서울시 서초구 서초동,1165010800,1484-7,서울시 서초구 남부순환로317길 68,37.482771,127.010652,11,0,7,6,199,44,12,대경종합건설주식회사,HT001,85.58,72.9,85,2,1,1,계단식,191700,490230,38340,260190,0,0,0,,,,,,,,,,,,서울신중초등학교,B100000768,서울특별시 서초구 서초동 1466-6번지,공립,단설,19360601,서울특별시교육청,http://sinjung.sen.es.kr,20230531,21.0,22.5,455,378,20230531,4,57,5,6,6,6,7,6,130,124,135,138,166,,1,5,36,833,1,3,0,0,20230531,10,,0,0.0,20230531,직영,3385,931,831091000,37.4801795,127.0093516,1165010800,서울시,19.8,17.4,서초구,23.0,20.9,4,135.0,162.0,
3,대경벨로체,97A㎡,서울시 서초구 서초동,1165010800,1484-7,서울시 서초구 남부순환로317길 68,37.482771,127.010652,11,0,7,6,199,44,12,대경종합건설주식회사,HT001,97.57,83.11,85,3,2,4,계단식,261900,623610,52380,309330,0,0,0,,,,,,,,,,,,서울신중초등학교,B100000768,서울특별시 서초구 서초동 1466-6번지,공립,단설,19360601,서울특별시교육청,http://sinjung.sen.es.kr,20230531,21.0,22.5,455,378,20230531,4,57,5,6,6,6,7,6,130,124,135,138,166,,1,5,36,833,1,3,0,0,20230531,10,,0,0.0,20230531,직영,3385,931,831091000,37.4801795,127.0093516,1165010800,서울시,19.8,17.4,서초구,23.0,20.9,4,135.0,162.0,
4,대경벨로체,97B,서울시 서초구 서초동,1165010800,1484-7,서울시 서초구 남부순환로317길 68,37.482771,127.010652,11,0,7,6,199,44,12,대경종합건설주식회사,HT001,97.58,83.12,85,3,2,4,계단식,261900,623610,52380,309330,0,0,0,,,,,,,,,,,,서울신중초등학교,B100000768,서울특별시 서초구 서초동 1466-6번지,공립,단설,19360601,서울특별시교육청,http://sinjung.sen.es.kr,20230531,21.0,22.5,455,378,20230531,4,57,5,6,6,6,7,6,130,124,135,138,166,,1,5,36,833,1,3,0,0,20230531,10,,0,0.0,20230531,직영,3385,931,831091000,37.4801795,127.0093516,1165010800,서울시,19.8,17.4,서초구,23.0,20.9,4,135.0,162.0,
0,대상파크빌,101㎡,서울시 서초구 서초동,1165010800,1484-8,서울시 서초구 남부순환로317길 66,37.48259,127.010563,12,0,6,6,199,37,16,대상종합건설,HT001,101.96,64.08,63,3,2,2,계단식,209700,524430,41940,272790,0,0,0,,,,,"11억 5,000",,,,,,,서울신중초등학교,B100000768,서울특별시 서초구 서초동 1466-6번지,공립,단설,19360601,서울특별시교육청,http://sinjung.sen.es.kr,20230531,21.0,22.5,455,378,20230531,4,57,5,6,6,6,7,6,130,124,135,138,166,,1,5,36,833,1,3,0,0,20230531,10,,0,0.0,20230531,직영,3385,931,831091000,37.4801795,127.0093516,1165010800,서울시,19.8,17.4,서초구,23.0,20.9,4,135.0,162.0,
1,대상파크빌,151,서울시 서초구 서초동,1165010800,1484-8,서울시 서초구 남부순환로317길 66,37.48259,127.010563,12,0,6,6,199,37,16,대상종합건설,HT001,151.31,95.09,63,3,2,10,계단식,342900,777510,68580,366030,0,0,0,,,,,,,,,,,,서울신중초등학교,B100000768,서울특별시 서초구 서초동 1466-6번지,공립,단설,19360601,서울특별시교육청,http://sinjung.sen.es.kr,20230531,21.0,22.5,455,378,20230531,4,57,5,6,6,6,7,6,130,124,135,138,166,,1,5,36,833,1,3,0,0,20230531,10,,0,0.0,20230531,직영,3385,931,831091000,37.4801795,127.0093516,1165010800,서울시,19.8,17.4,서초구,23.0,20.9,4,135.0,162.0,
0,대성유니드,105㎡,서울시 서초구 서초동,1165010800,1641-3,서울시 서초구 서초대로64길 36,37.494056,127.020816,83,0,13,7,283,31,125,대성산업(주),HT001,105.85,84.99,80,3,2,41,계단식,1206000,2089800,241200,642600,0,0,0,,,,,17억,,,6억/150,7억/100,6억/150,7억/100,서울서초초등학교,B100000764,서울특별시 서초구 서초동 1310-6,공립,단설,19801004,서울특별시교육청,http://seocho.sen.es.kr,20230531,25.3,27.8,531,496,20230531,7,52,5,6,6,6,6,7,144,164,172,173,172,,1,5,36,1027,1,2,0,0,20230531,15,,0,0.0,20230531,직영,3385,1084,1057499000,37.49924318,127.02411499,1165010800,서울시,19.8,17.4,서초구,23.0,20.9,13,197.0,166.0,
1,대성유니드,119㎡,서울시 서초구 서초동,1165010800,1641-3,서울시 서초구 서초대로64길 36,37.494056,127.020816,83,0,13,7,283,31,125,대성산업(주),HT001,119.25,95.55,80,3,2,16,계단식,1402200,2393910,280440,711270,87696,73080,14616,,,,,,,,,,,,서울서초초등학교,B100000764,서울특별시 서초구 서초동 1310-6,공립,단설,19801004,서울특별시교육청,http://seocho.sen.es.kr,20230531,25.3,27.8,531,496,20230531,7,52,5,6,6,6,6,7,144,164,172,173,172,,1,5,36,1027,1,2,0,0,20230531,15,,0,0.0,20230531,직영,3385,1084,1057499000,37.49924318,127.02411499,1165010800,서울시,19.8,17.4,서초구,23.0,20.9,13,197.0,166.0,
2,대성유니드,151,서울시 서초구 서초동,1165010800,1641-3,서울시 서초구 서초대로64길 36,37.494056,127.020816,83,0,13,7,283,31,125,대성산업(주),HT001,151.01,122.11,81,4,2,26,계단식,1492200,2533410,298440,742770,238896,199080,39816,,,,,24억,,,,,,,서울서초초등학교,B100000764,서울특별시 서초구 서초동 1310-6,공립,단설,19801004,서울특별시교육청,http://seocho.sen.es.kr,20230531,25.3,27.8,531,496,20230531,7,52,5,6,6,6,6,7,144,164,172,173,172,,1,5,36,1027,1,2,0,0,20230531,15,,0,0.0,20230531,직영,3385,1084,1057499000,37.49924318,127.02411499,1165010800,서울시,19.8,17.4,서초구,23.0,20.9,13,197.0,166.0,
0,대호프레조빌(주상복합),169㎡,서울시 서초구 서초동,1165010800,1604-19,서울시 서초구 효령로 335,37.486549,127.020665,14,0,17,16,394,59,64,(주)대호,HT001,169.25,142.88,84,4,2,1,계단식,434700,947520,86940,425880,0,0,0,,,,,,,,,,,,서울서일초등학교,B100000763,서울특별시 서초구 서초동 1436-8번지,공립,단설,19861016,서울특별시교육청,http://seoulseoil.sen.es.kr,20230531,20.3,20.8,266,232,20230531,4,33,3,4,4,4,4,4,72,79,88,78,93,,1,5,23,498,1,4,0,0,20230531,6,,0,0.0,20230531,직영,3377,558,615924000,37.48478772,127.02260429,1165010800,서울시,19.8,17.4,서초구,23.0,20.9,4,83.0,87.0,
1,대호프레조빌(주상복합),177㎡,서울시 서초구 서초동,1165010800,1604-19,서울시 서초구 효령로 335,37.486549,127.020665,14,0,17,16,394,59,64,(주)대호,HT001,177.13,149.59,84,4,2,1,계단식,544950,1123920,108990,469980,0,0,0,,,,,,,,,,,,서울서일초등학교,B100000763,서울특별시 서초구 서초동 1436-8번지,공립,단설,19861016,서울특별시교육청,http://seoulseoil.sen.es.kr,20230531,20.3,20.8,266,232,20230531,4,33,3,4,4,4,4,4,72,79,88,78,93,,1,5,23,498,1,4,0,0,20230531,6,,0,0.0,20230531,직영,3377,558,615924000,37.48478772,127.02260429,1165010800,서울시,19.8,17.4,서초구,23.0,20.9,4,83.0,87.0,
2,대호프레조빌(주상복합),219㎡,서울시 서초구 서초동,1165010800,1604-19,서울시 서초구 효령로 335,37.486549,127.020665,14,0,17,16,394,59,64,(주)대호,HT001,219.92,185.72,84,4,2,1,계단식,722925,1408680,144585,541170,0,0,0,,,,,,,,,,,,서울서일초등학교,B100000763,서울특별시 서초구 서초동 1436-8번지,공립,단설,19861016,서울특별시교육청,http://seoulseoil.sen.es.kr,20230531,20.3,20.8,266,232,20230531,4,33,3,4,4,4,4,4,72,79,88,78,93,,1,5,23,498,1,4,0,0,20230531,6,,0,0.0,20230531,직영,3377,558,615924000,37.48478772,127.02260429,1165010800,서울시,19.8,17.4,서초구,23.0,20.9,4,83.0,87.0,
3,대호프레조빌(주상복합),224㎡,서울시 서초구 서초동,1165010800,1604-19,서울시 서초구 효령로 335,37.486549,127.020665,14,0,17,16,394,59,64,(주)대호,HT001,224.81,189.85,84,4,2,1,계단식,752850,1456560,150570,553140,0,0,0,,,,,,,,,,,,서울서일초등학교,B100000763,서울특별시 서초구 서초동 1436-8번지,공립,단설,19861016,서울특별시교육청,http://seoulseoil.sen.es.kr,20230531,20.3,20.8,266,232,20230531,4,33,3,4,4,4,4,4,72,79,88,78,93,,1,5,23,498,1,4,0,0,20230531,6,,0,0.0,20230531,직영,3377,558,615924000,37.48478772,127.02260429,1165010800,서울시,19.8,17.4,서초구,23.0,20.9,4,83.0,87.0,
4,대호프레조빌(주상복합),252㎡,서울시 서초구 서초동,1165010800,1604-19,서울시 서초구 효령로 335,37.486549,127.020665,14,0,17,16,394,59,64,(주)대호,HT001,252.49,213.21,84,5,3,1,계단식,1009800,1785690,201960,573930,0,0,0,,,,,,,,,,,,서울서일초등학교,B100000763,서울특별시 서초구 서초동 1436-8번지,공립,단설,19861016,서울특별시교육청,http://seoulseoil.sen.es.kr,20230531,20.3,20.8,266,232,20230531,4,33,3,4,4,4,4,4,72,79,88,78,93,,1,5,23,498,1,4,0,0,20230531,6,,0,0.0,20230531,직영,3377,558,615924000,37.48478772,127.02260429,1165010800,서울시,19.8,17.4,서초구,23.0,20.9,4,83.0,87.0,
5,대호프레조빌(주상복합),280A㎡,서울시 서초구 서초동,1165010800,1604-19,서울시 서초구 효령로 335,37.486549,127.020665,14,0,17,16,394,59,64,(주)대호,HT001,280.45,236.83,84,5,3,5,계단식,1254600,2165130,250920,659610,0,0,0,,,,,,,,,,,,서울서일초등학교,B100000763,서울특별시 서초구 서초동 1436-8번지,공립,단설,19861016,서울특별시교육청,http://seoulseoil.sen.es.kr,20230531,20.3,20.8,266,232,20230531,4,33,3,4,4,4,4,4,72,79,88,78,93,,1,5,23,498,1,4,0,0,20230531,6,,0,0.0,20230531,직영,3377,558,615924000,37.48478772,127.02260429,1165010800,서울시,19.8,17.4,서초구,23.0,20.9,4,83.0,87.0,
6,대호프레조빌(주상복합),280B,서울시 서초구 서초동,1165010800,1604-19,서울시 서초구 효령로 335,37.486549,127.020665,14,0,17,16,394,59,64,(주)대호,HT001,280.46,236.84,84,5,3,4,계단식,1225800,2120490,245160,649530,0,0,0,,,,,,,,,,,,서울서일초등학교,B100000763,서울특별시 서초구 서초동 1436-8번지,공립,단설,19861016,서울특별시교육청,http://seoulseoil.sen.es.kr,20230531,20.3,20.8,266,232,20230531,4,33,3,4,4,4,4,4,72,79,88,78,93,,1,5,23,498,1,4,0,0,20230531,6,,0,0.0,20230531,직영,3377,558,615924000,37.48478772,127.02260429,1165010800,서울시,19.8,17.4,서초구,23.0,20.9,4,83.0,87.0,
0,더미켈란,265㎡,서울시 서초구 서초동,1165010800,1494-4,서울시 서초구 명달로 91,37.485115,127.003316,67,0,14,10,299,31,268,(주)대교디앤에스,HT001,265.99,219.44,82,4,3,20,계단식,3405600,5499180,681120,1412460,4786848,3989040,797808,,,,,36억,,,,,,,서울신중초등학교,B100000768,서울특별시 서초구 서초동 1466-6번지,공립,단설,19360601,서울특별시교육청,http://sinjung.sen.es.kr,20230531,21.0,22.5,455,378,20230531,4,57,5,6,6,6,7,6,130,124,135,138,166,,1,5,36,833,1,3,0,0,20230531,10,,0,0.0,20230531,직영,3385,931,831091000,37.4801795,127.0093516,1165010800,서울시,19.8,17.4,서초구,23.0,20.9,16,135.0,162.0,
1,더미켈란,294A㎡,서울시 서초구 서초동,1165010800,1494-4,서울시 서초구 명달로 91,37.485115,127.003316,67,0,14,10,299,31,268,(주)대교디앤에스,HT001,294.24,244.98,83,3,3,24,계단식,3952800,6347340,790560,1603980,7019424,5849520,1169904,,,,48억,50억,,,,,,,서울신중초등학교,B100000768,서울특별시 서초구 서초동 1466-6번지,공립,단설,19360601,서울특별시교육청,http://sinjung.sen.es.kr,20230531,21.0,22.5,455,378,20230531,4,57,5,6,6,6,7,6,130,124,135,138,166,,1,5,36,833,1,3,0,0,20230531,10,,0,0.0,20230531,직영,3385,931,831091000,37.4801795,127.0093516,1165010800,서울시,19.8,17.4,서초구,23.0,20.9,16,135.0,162.0,
2,더미켈란,294B㎡,서울시 서초구 서초동,1165010800,1494-4,서울시 서초구 명달로 91,37.485115,127.003316,67,0,14,10,299,31,268,(주)대교디앤에스,HT001,294.27,244.58,83,3,3,15,계단식,3952800,6347340,790560,1603980,7019424,5849520,1169904,,,,,,,,,,,,서울신중초등학교,B100000768,서울특별시 서초구 서초동 1466-6번지,공립,단설,19360601,서울특별시교육청,http://sinjung.sen.es.kr,20230531,21.0,22.5,455,378,20230531,4,57,5,6,6,6,7,6,130,124,135,138,166,,1,5,36,833,1,3,0,0,20230531,10,,0,0.0,20230531,직영,3385,931,831091000,37.4801795,127.0093516,1165010800,서울시,19.8,17.4,서초구,23.0,20.9,16,135.0,162.0,
3,더미켈란,325㎡,서울시 서초구 서초동,1165010800,1494-4,서울시 서초구 명달로 91,37.485115,127.003316,67,0,14,10,299,31,268,(주)대교디앤에스,HT001,325.69,264.61,81,5,3,2,계단식,5292000,8423100,1058400,2072700,13030560,10858800,2171760,,,,,100억,,,,,,,서울신중초등학교,B100000768,서울특별시 서초구 서초동 1466-6번지,공립,단설,19360601,서울특별시교육청,http://sinjung.sen.es.kr,20230531,21.0,22.5,455,378,20230531,4,57,5,6,6,6,7,6,130,124,135,138,166,,1,5,36,833,1,3,0,0,20230531,10,,0,0.0,20230531,직영,3385,931,831091000,37.4801795,127.0093516,1165010800,서울시,19.8,17.4,서초구,23.0,20.9,16,135.0,162.0,
4,더미켈란,327A㎡,서울시 서초구 서초동,1165010800,1494-4,서울시 서초구 명달로 91,37.485115,127.003316,67,0,14,10,299,31,268,(주)대교디앤에스,HT001,327.37,268.58,82,4,3,2,계단식,5396400,8584920,1079280,2109240,13623552,11352960,2270592,,,,78억,90억,,,,,,,서울신중초등학교,B100000768,서울특별시 서초구 서초동 1466-6번지,공립,단설,19360601,서울특별시교육청,http://sinjung.sen.es.kr,20230531,21.0,22.5,455,378,20230531,4,57,5,6,6,6,7,6,130,124,135,138,166,,1,5,36,833,1,3,0,0,20230531,10,,0,0.0,20230531,직영,3385,931,831091000,37.4801795,127.0093516,1165010800,서울시,19.8,17.4,서초구,23.0,20.9,16,135.0,162.0,
5,더미켈란,327B㎡,서울시 서초구 서초동,1165010800,1494-4,서울시 서초구 명달로 91,37.485115,127.003316,67,0,14,10,299,31,268,(주)대교디앤에스,HT001,327.8,268.05,82,4,3,2,계단식,5490000,8730000,1098000,2142000,14155200,11796000,2359200,,,,,,,,,,,,서울신중초등학교,B100000768,서울특별시 서초구 서초동 1466-6번지,공립,단설,19360601,서울특별시교육청,http://sinjung.sen.es.kr,20230531,21.0,22.5,455,378,20230531,4,57,5,6,6,6,7,6,130,124,135,138,166,,1,5,36,833,1,3,0,0,20230531,10,,0,0.0,20230531,직영,3385,931,831091000,37.4801795,127.0093516,1165010800,서울시,19.8,17.4,서초구,23.0,20.9,16,135.0,162.0,
6,더미켈란,328C,서울시 서초구 서초동,1165010800,1494-4,서울시 서초구 명달로 91,37.485115,127.003316,67,0,14,10,299,31,268,(주)대교디앤에스,HT001,328.29,267.35,81,4,3,2,계단식,5396400,8584920,1079280,2109240,13623552,11352960,2270592,,,,60억,80억,,,,,,,서울신중초등학교,B100000768,서울특별시 서초구 서초동 1466-6번지,공립,단설,19360601,서울특별시교육청,http://sinjung.sen.es.kr,20230531,21.0,22.5,455,378,20230531,4,57,5,6,6,6,7,6,130,124,135,138,166,,1,5,36,833,1,3,0,0,20230531,10,,0,0.0,20230531,직영,3385,931,831091000,37.4801795,127.0093516,1165010800,서울시,19.8,17.4,서초구,23.0,20.9,16,135.0,162.0,
0,더샵서초(주상복합),43㎡,서울시 서초구 서초동,1165010800,1445-14,서울시 서초구 서초중앙로2길 21,37.484115,127.018345,329,0,32,20,699,46,1127,(주)포스코건설,HT005,43.93,30.39,69,1,1,40,계단식,169200,447480,33840,244440,0,0,0,,181469,137612,"6억 2,000","6억 6,000","3억 9,500","4억 5,000","2,000/140","2억 7,000/50","2,000/140","2억 7,000/50",서울서일초등학교,B100000763,서울특별시 서초구 서초동 1436-8번지,공립,단설,19861016,서울특별시교육청,http://seoulseoil.sen.es.kr,20230531,20.3,20.8,266,232,20230531,4,33,3,4,4,4,4,4,72,79,88,78,93,,1,5,23,498,1,4,0,0,20230531,6,,0,0.0,20230531,직영,3377,558,615924000,37.48478772,127.02260429,1165010800,서울시,19.8,17.4,서초구,23.0,20.9,7,83.0,87.0,
1,더샵서초(주상복합),47㎡,서울시 서초구 서초동,1165010800,1445-14,서울시 서초구 서초중앙로2길 21,37.484115,127.018345,329,0,32,20,699,46,1127,(주)포스코건설,HT005,47.79,33.06,69,1,1,64,계단식,192600,491940,38520,260820,0,0,0,,197412,149703,"6억 8,000","6억 9,000","4억 5,000","4억 8,000",,"2억 5,000/80",,"2억 5,000/80",서울서일초등학교,B100000763,서울특별시 서초구 서초동 1436-8번지,공립,단설,19861016,서울특별시교육청,http://seoulseoil.sen.es.kr,20230531,20.3,20.8,266,232,20230531,4,33,3,4,4,4,4,4,72,79,88,78,93,,1,5,23,498,1,4,0,0,20230531,6,,0,0.0,20230531,직영,3377,558,615924000,37.48478772,127.02260429,1165010800,서울시,19.8,17.4,서초구,23.0,20.9,7,83.0,87.0,
2,더샵서초(주상복합),118㎡,서울시 서초구 서초동,1165010800,1445-14,서울시 서초구 서초중앙로2길 21,37.484115,127.018345,329,0,32,20,699,46,1127,(주)포스코건설,HT005,118.64,97.53,82,3,2,26,계단식,1726200,2896110,345240,824670,632016,526680,105336,,582384,441635,,,,"12억 5,000",,,,,서울서일초등학교,B100000763,서울특별시 서초구 서초동 1436-8번지,공립,단설,19861016,서울특별시교육청,http://seoulseoil.sen.es.kr,20230531,20.3,20.8,266,232,20230531,4,33,3,4,4,4,4,4,72,79,88,78,93,,1,5,23,498,1,4,0,0,20230531,6,,0,0.0,20230531,직영,3377,558,615924000,37.48478772,127.02260429,1165010800,서울시,19.8,17.4,서초구,23.0,20.9,7,83.0,87.0,
3,더샵서초(주상복합),144㎡,서울시 서초구 서초동,1165010800,1445-14,서울시 서초구 서초중앙로2길 21,37.484115,127.018345,329,0,32,20,699,46,1127,(주)포스코건설,HT005,144.3,118.63,82,3,2,4,계단식,1918800,3194640,383760,892080,955584,796320,159264,,708379,537180,,22억,,,,,,,서울서일초등학교,B100000763,서울특별시 서초구 서초동 1436-8번지,공립,단설,19861016,서울특별시교육청,http://seoulseoil.sen.es.kr,20230531,20.3,20.8,266,232,20230531,4,33,3,4,4,4,4,4,72,79,88,78,93,,1,5,23,498,1,4,0,0,20230531,6,,0,0.0,20230531,직영,3377,558,615924000,37.48478772,127.02260429,1165010800,서울시,19.8,17.4,서초구,23.0,20.9,7,83.0,87.0,
4,더샵서초(주상복합),165㎡,서울시 서초구 서초동,1165010800,1445-14,서울시 서초구 서초중앙로2길 21,37.484115,127.018345,329,0,32,20,699,46,1127,(주)포스코건설,HT005,165.45,136.02,82,4,2,51,계단식,2145600,3546180,429120,971460,1336608,1113840,222768,,812220,615925,25억,26억,,15억,,,,,서울서일초등학교,B100000763,서울특별시 서초구 서초동 1436-8번지,공립,단설,19861016,서울특별시교육청,http://seoulseoil.sen.es.kr,20230531,20.3,20.8,266,232,20230531,4,33,3,4,4,4,4,4,72,79,88,78,93,,1,5,23,498,1,4,0,0,20230531,6,,0,0.0,20230531,직영,3377,558,615924000,37.48478772,127.02260429,1165010800,서울시,19.8,17.4,서초구,23.0,20.9,7,83.0,87.0,
5,더샵서초(주상복합),172㎡,서울시 서초구 서초동,1165010800,1445-14,서울시 서초구 서초중앙로2길 21,37.484115,127.018345,329,0,32,20,699,46,1127,(주)포스코건설,HT005,172.43,141.75,82,4,2,24,계단식,2343600,3853080,468720,1040760,1744128,1453440,290688,,846436,641872,,,,,,,,,서울서일초등학교,B100000763,서울특별시 서초구 서초동 1436-8번지,공립,단설,19861016,서울특별시교육청,http://seoulseoil.sen.es.kr,20230531,20.3,20.8,266,232,20230531,4,33,3,4,4,4,4,4,72,79,88,78,93,,1,5,23,498,1,4,0,0,20230531,6,,0,0.0,20230531,직영,3377,558,615924000,37.48478772,127.02260429,1165010800,서울시,19.8,17.4,서초구,23.0,20.9,7,83.0,87.0,
6,더샵서초(주상복합),177㎡,서울시 서초구 서초동,1165010800,1445-14,서울시 서초구 서초중앙로2길 21,37.484115,127.018345,329,0,32,20,699,46,1127,(주)포스코건설,HT005,177.81,146.18,82,5,2,18,계단식,2284200,3761010,456840,1019970,1596816,1330680,266136,,872889,661931,,26억,14억,16억,,,,,서울서일초등학교,B100000763,서울특별시 서초구 서초동 1436-8번지,공립,단설,19861016,서울특별시교육청,http://seoulseoil.sen.es.kr,20230531,20.3,20.8,266,232,20230531,4,33,3,4,4,4,4,4,72,79,88,78,93,,1,5,23,498,1,4,0,0,20230531,6,,0,0.0,20230531,직영,3377,558,615924000,37.48478772,127.02260429,1165010800,서울시,19.8,17.4,서초구,23.0,20.9,7,83.0,87.0,
7,더샵서초(주상복합),186㎡,서울시 서초구 서초동,1165010800,1445-14,서울시 서초구 서초중앙로2길 21,37.484115,127.018345,329,0,32,20,699,46,1127,(주)포스코건설,HT005,186.05,152.95,82,4,2,52,계단식,2449800,4017690,489960,1077930,2007504,1672920,334584,,913315,692588,26억,27억,,15억,,,,,서울서일초등학교,B100000763,서울특별시 서초구 서초동 1436-8번지,공립,단설,19861016,서울특별시교육청,http://seoulseoil.sen.es.kr,20230531,20.3,20.8,266,232,20230531,4,33,3,4,4,4,4,4,72,79,88,78,93,,1,5,23,498,1,4,0,0,20230531,6,,0,0.0,20230531,직영,3377,558,615924000,37.48478772,127.02260429,1165010800,서울시,19.8,17.4,서초구,23.0,20.9,7,83.0,87.0,
8,더샵서초(주상복합),186A1㎡,서울시 서초구 서초동,1165010800,1445-14,서울시 서초구 서초중앙로2길 21,37.484115,127.018345,329,0,32,20,699,46,1127,(주)포스코건설,HT005,186.1,152.99,82,4,2,23,계단식,2449800,4017690,489960,1077930,2007504,1672920,334584,,913554,692769,25억,30억,,,,6억/400,,6억/400,서울서일초등학교,B100000763,서울특별시 서초구 서초동 1436-8번지,공립,단설,19861016,서울특별시교육청,http://seoulseoil.sen.es.kr,20230531,20.3,20.8,266,232,20230531,4,33,3,4,4,4,4,4,72,79,88,78,93,,1,5,23,498,1,4,0,0,20230531,6,,0,0.0,20230531,직영,3377,558,615924000,37.48478772,127.02260429,1165010800,서울시,19.8,17.4,서초구,23.0,20.9,7,83.0,87.0,
9,더샵서초(주상복합),227A㎡,서울시 서초구 서초동,1165010800,1445-14,서울시 서초구 서초중앙로2길 21,37.484115,127.018345,329,0,32,20,699,46,1127,(주)포스코건설,HT005,227.13,186.72,82,5,3,18,계단식,2829600,4606380,565920,1210860,2949408,2457840,491568,,1114967,845505,,30억,,19억,,10억/400,,10억/400,서울서일초등학교,B100000763,서울특별시 서초구 서초동 1436-8번지,공립,단설,19861016,서울특별시교육청,http://seoulseoil.sen.es.kr,20230531,20.3,20.8,266,232,20230531,4,33,3,4,4,4,4,4,72,79,88,78,93,,1,5,23,498,1,4,0,0,20230531,6,,0,0.0,20230531,직영,3377,558,615924000,37.48478772,127.02260429,1165010800,서울시,19.8,17.4,서초구,23.0,20.9,7,83.0,87.0,
10,더샵서초(주상복합),229B㎡,서울시 서초구 서초동,1165010800,1445-14,서울시 서초구 서초중앙로2길 21,37.484115,127.018345,329,0,32,20,699,46,1127,(주)포스코건설,HT005,229.33,188.53,82,4,3,2,계단식,3249000,5256450,649800,1357650,4147920,3456600,691320,,1125775,853701,,,,,,,,,서울서일초등학교,B100000763,서울특별시 서초구 서초동 1436-8번지,공립,단설,19861016,서울특별시교육청,http://seoulseoil.sen.es.kr,20230531,20.3,20.8,266,232,20230531,4,33,3,4,4,4,4,4,72,79,88,78,93,,1,5,23,498,1,4,0,0,20230531,6,,0,0.0,20230531,직영,3377,558,615924000,37.48478772,127.02260429,1165010800,서울시,19.8,17.4,서초구,23.0,20.9,7,83.0,87.0,
11,더샵서초(주상복합),258㎡,서울시 서초구 서초동,1165010800,1445-14,서울시 서초구 서초중앙로2길 21,37.484115,127.018345,329,0,32,20,699,46,1127,(주)포스코건설,HT005,258.23,212.28,82,3,3,3,계단식,3178800,5147640,635760,1333080,3861504,3217920,643584,,1267594,961245,,,,,,,,,서울서일초등학교,B100000763,서울특별시 서초구 서초동 1436-8번지,공립,단설,19861016,서울특별시교육청,http://seoulseoil.sen.es.kr,20230531,20.3,20.8,266,232,20230531,4,33,3,4,4,4,4,4,72,79,88,78,93,,1,5,23,498,1,4,0,0,20230531,6,,0,0.0,20230531,직영,3377,558,615924000,37.48478772,127.02260429,1165010800,서울시,19.8,17.4,서초구,23.0,20.9,7,83.0,87.0,
12,더샵서초(주상복합),286,서울시 서초구 서초동,1165010800,1445-14,서울시 서초구 서초중앙로2길 21,37.484115,127.018345,329,0,32,20,699,46,1127,(주)포스코건설,HT005,286.95,235.86,82,5,3,4,계단식,3605400,5808870,721080,1482390,5602032,4668360,933672,,1408398,1068020,,,,,,,,,서울서일초등학교,B100000763,서울특별시 서초구 서초동 1436-8번지,공립,단설,19861016,서울특별시교육청,http://seoulseoil.sen.es.kr,20230531,20.3,20.8,266,232,20230531,4,33,3,4,4,4,4,4,72,79,88,78,93,,1,5,23,498,1,4,0,0,20230531,6,,0,0.0,20230531,직영,3377,558,615924000,37.48478772,127.02260429,1165010800,서울시,19.8,17.4,서초구,23.0,20.9,7,83.0,87.0,
0,"더샵오데움(101,102동)",232A㎡,서울시 서초구 서초동,1165010800,1483-18,서울시 서초구 효령로46길 21,37.482615,127.009206,95,0,14,10,250,25,325,포스코건설,HT001,232.07,205.19,88,6,3,46,계단식,2971800,4826790,594360,1260630,3302064,2751720,550344,,,,,40억,21억,22억,,,,,서울신중초등학교,B100000768,서울특별시 서초구 서초동 1466-6번지,공립,단설,19360601,서울특별시교육청,http://sinjung.sen.es.kr,20230531,21.0,22.5,455,378,20230531,4,57,5,6,6,6,7,6,130,124,135,138,166,,1,5,36,833,1,3,0,0,20230531,10,,0,0.0,20230531,직영,3385,931,831091000,37.4801795,127.0093516,1165010800,서울시,19.8,17.4,서초구,23.0,20.9,5,135.0,162.0,
1,"더샵오데움(101,102동)",233B㎡,서울시 서초구 서초동,1165010800,1483-18,서울시 서초구 효령로46길 21,37.482615,127.009206,95,0,14,10,250,25,325,포스코건설,HT001,233.92,207.22,89,5,3,10,계단식,2971800,4826790,594360,1260630,3302064,2751720,550344,,,,,,,,,,,,서울신중초등학교,B100000768,서울특별시 서초구 서초동 1466-6번지,공립,단설,19360601,서울특별시교육청,http://sinjung.sen.es.kr,20230531,21.0,22.5,455,378,20230531,4,57,5,6,6,6,7,6,130,124,135,138,166,,1,5,36,833,1,3,0,0,20230531,10,,0,0.0,20230531,직영,3385,931,831091000,37.4801795,127.0093516,1165010800,서울시,19.8,17.4,서초구,23.0,20.9,5,135.0,162.0,
2,"더샵오데움(101,102동)",261㎡,서울시 서초구 서초동,1165010800,1483-18,서울시 서초구 효령로46길 21,37.482615,127.009206,95,0,14,10,250,25,325,포스코건설,HT001,261.98,232.3,89,3,3,9,계단식,3448800,5566140,689760,1427580,4963104,4135920,827184,,,,,,,,,,,,서울신중초등학교,B100000768,서울특별시 서초구 서초동 1466-6번지,공립,단설,19360601,서울특별시교육청,http://sinjung.sen.es.kr,20230531,21.0,22.5,455,378,20230531,4,57,5,6,6,6,7,6,130,124,135,138,166,,1,5,36,833,1,3,0,0,20230531,10,,0,0.0,20230531,직영,3385,931,831091000,37.4801795,127.0093516,1165010800,서울시,19.8,17.4,서초구,23.0,20.9,5,135.0,162.0,
3,"더샵오데움(101,102동)",265㎡,서울시 서초구 서초동,1165010800,1483-18,서울시 서초구 효령로46길 21,37.482615,127.009206,95,0,14,10,250,25,325,포스코건설,HT001,265.55,235.57,89,5,3,13,계단식,3506400,5655420,701280,1447740,5198112,4331760,866352,,,,,,,25억,,,,,서울신중초등학교,B100000768,서울특별시 서초구 서초동 1466-6번지,공립,단설,19360601,서울특별시교육청,http://sinjung.sen.es.kr,20230531,21.0,22.5,455,378,20230531,4,57,5,6,6,6,7,6,130,124,135,138,166,,1,5,36,833,1,3,0,0,20230531,10,,0,0.0,20230531,직영,3385,931,831091000,37.4801795,127.0093516,1165010800,서울시,19.8,17.4,서초구,23.0,20.9,5,135.0,162.0,
4,"더샵오데움(101,102동)",270㎡,서울시 서초구 서초동,1165010800,1483-18,서울시 서초구 효령로46길 21,37.482615,127.009206,95,0,14,10,250,25,325,포스코건설,HT001,270.34,239.98,89,5,3,13,계단식,3607200,5811660,721440,1483020,5609376,4674480,934896,,,,,45억,,,,13억/400,,13억/400,서울신중초등학교,B100000768,서울특별시 서초구 서초동 1466-6번지,공립,단설,19360601,서울특별시교육청,http://sinjung.sen.es.kr,20230531,21.0,22.5,455,378,20230531,4,57,5,6,6,6,7,6,130,124,135,138,166,,1,5,36,833,1,3,0,0,20230531,10,,0,0.0,20230531,직영,3385,931,831091000,37.4801795,127.0093516,1165010800,서울시,19.8,17.4,서초구,23.0,20.9,5,135.0,162.0,
5,"더샵오데움(101,102동)",290A㎡,서울시 서초구 서초동,1165010800,1483-18,서울시 서초구 효령로46길 21,37.482615,127.009206,95,0,14,10,250,25,325,포스코건설,HT001,290.69,244.29,84,4,3,1,계단식,4539600,7256880,907920,1809360,9413568,7844640,1568928,,,,,,,,,,,,서울신중초등학교,B100000768,서울특별시 서초구 서초동 1466-6번지,공립,단설,19360601,서울특별시교육청,http://sinjung.sen.es.kr,20230531,21.0,22.5,455,378,20230531,4,57,5,6,6,6,7,6,130,124,135,138,166,,1,5,36,833,1,3,0,0,20230531,10,,0,0.0,20230531,직영,3385,931,831091000,37.4801795,127.0093516,1165010800,서울시,19.8,17.4,서초구,23.0,20.9,5,135.0,162.0,
6,"더샵오데움(101,102동)",290B㎡,서울시 서초구 서초동,1165010800,1483-18,서울시 서초구 효령로46길 21,37.482615,127.009206,95,0,14,10,250,25,325,포스코건설,HT001,290.81,243.34,84,4,2,1,계단식,4539600,7256880,907920,1809360,9413568,7844640,1568928,,,,,,,,,,,,서울신중초등학교,B100000768,서울특별시 서초구 서초동 1466-6번지,공립,단설,19360601,서울특별시교육청,http://sinjung.sen.es.kr,20230531,21.0,22.5,455,378,20230531,4,57,5,6,6,6,7,6,130,124,135,138,166,,1,5,36,833,1,3,0,0,20230531,10,,0,0.0,20230531,직영,3385,931,831091000,37.4801795,127.0093516,1165010800,서울시,19.8,17.4,서초구,23.0,20.9,5,135.0,162.0,
7,"더샵오데움(101,102동)",290C㎡,서울시 서초구 서초동,1165010800,1483-18,서울시 서초구 효령로46길 21,37.482615,127.009206,95,0,14,10,250,25,325,포스코건설,HT001,290.46,243.77,84,4,2,1,계단식,4539600,7256880,907920,1809360,9413568,7844640,1568928,,,,,,,,,,,,서울신중초등학교,B100000768,서울특별시 서초구 서초동 1466-6번지,공립,단설,19360601,서울특별시교육청,http://sinjung.sen.es.kr,20230531,21.0,22.5,455,378,20230531,4,57,5,6,6,6,7,6,130,124,135,138,166,,1,5,36,833,1,3,0,0,20230531,10,,0,0.0,20230531,직영,3385,931,831091000,37.4801795,127.0093516,1165010800,서울시,19.8,17.4,서초구,23.0,20.9,5,135.0,162.0,
8,"더샵오데움(101,102동)",291D,서울시 서초구 서초동,1165010800,1483-18,서울시 서초구 효령로46길 21,37.482615,127.009206,95,0,14,10,250,25,325,포스코건설,HT001,291.6,243.31,83,4,3,1,계단식,4539600,7256880,907920,1809360,9413568,7844640,1568928,,,,,,,,,,,,서울신중초등학교,B100000768,서울특별시 서초구 서초동 1466-6번지,공립,단설,19360601,서울특별시교육청,http://sinjung.sen.es.kr,20230531,21.0,22.5,455,378,20230531,4,57,5,6,6,6,7,6,130,124,135,138,166,,1,5,36,833,1,3,0,0,20230531,10,,0,0.0,20230531,직영,3385,931,831091000,37.4801795,127.0093516,1165010800,서울시,19.8,17.4,서초구,23.0,20.9,5,135.0,162.0,
0,더샵오데움(103동),200㎡,서울시 서초구 서초동,1165010800,1476-18,서울시 서초구 반포대로7길 45,37.481921,127.009238,34,0,10,9,255,32,95,주식회사 포스코건설,HT001,200.44,171.03,85,5,2,32,계단식,2755800,4491990,551160,1185030,2766384,2305320,461064,,,,,,,,,10억/280,,10억/280,서울신중초등학교,B100000768,서울특별시 서초구 서초동 1466-6번지,공립,단설,19360601,서울특별시교육청,http://sinjung.sen.es.kr,20230531,21.0,22.5,455,378,20230531,4,57,5,6,6,6,7,6,130,124,135,138,166,,1,5,36,833,1,3,0,0,20230531,10,,0,0.0,20230531,직영,3385,931,831091000,37.4801795,127.0093516,1165010800,서울시,19.8,17.4,서초구,23.0,20.9,4,135.0,162.0,
1,더샵오데움(103동),243,서울시 서초구 서초동,1165010800,1476-18,서울시 서초구 반포대로7길 45,37.481921,127.009238,34,0,10,9,255,32,95,주식회사 포스코건설,HT001,243.74,199.16,82,4,3,2,계단식,2892600,4704030,578520,1232910,3105648,2588040,517608,,,,,,,,,,,,서울신중초등학교,B100000768,서울특별시 서초구 서초동 1466-6번지,공립,단설,19360601,서울특별시교육청,http://sinjung.sen.es.kr,20230531,21.0,22.5,455,378,20230531,4,57,5,6,6,6,7,6,130,124,135,138,166,,1,5,36,833,1,3,0,0,20230531,10,,0,0.0,20230531,직영,3385,931,831091000,37.4801795,127.0093516,1165010800,서울시,19.8,17.4,서초구,23.0,20.9,4,135.0,162.0,
0,더샵오데움(104동),122A㎡,서울시 서초구 서초동,1165010800,1472-1,서울시 서초구 반포대로5길 43,37.481597,127.00922,10,0,6,5,205,43,15,주식회사 포스코건설,HT001,122.53,110.51,90,3,2,4,계단식,1395000,2382750,279000,708750,75600,63000,12600,,,,,,,,,,,,서울신중초등학교,B100000768,서울특별시 서초구 서초동 1466-6번지,공립,단설,19360601,서울특별시교육청,http://sinjung.sen.es.kr,20230531,21.0,22.5,455,378,20230531,4,57,5,6,6,6,7,6,130,124,135,138,166,,1,5,36,833,1,3,0,0,20230531,10,,0,0.0,20230531,직영,3385,931,831091000,37.4801795,127.0093516,1165010800,서울시,19.8,17.4,서초구,23.0,20.9,3,135.0,162.0,
1,더샵오데움(104동),122B㎡,서울시 서초구 서초동,1165010800,1472-1,서울시 서초구 반포대로5길 43,37.481597,127.00922,10,0,6,5,205,43,15,주식회사 포스코건설,HT001,122.53,110.52,90,3,2,4,계단식,1395000,2382750,279000,708750,75600,63000,12600,,,,,20억,,,,,,,서울신중초등학교,B100000768,서울특별시 서초구 서초동 1466-6번지,공립,단설,19360601,서울특별시교육청,http://sinjung.sen.es.kr,20230531,21.0,22.5,455,378,20230531,4,57,5,6,6,6,7,6,130,124,135,138,166,,1,5,36,833,1,3,0,0,20230531,10,,0,0.0,20230531,직영,3385,931,831091000,37.4801795,127.0093516,1165010800,서울시,19.8,17.4,서초구,23.0,20.9,3,135.0,162.0,
2,더샵오데움(104동),147,서울시 서초구 서초동,1165010800,1472-1,서울시 서초구 반포대로5길 43,37.481597,127.00922,10,0,6,5,205,43,15,주식회사 포스코건설,HT001,147.76,133.26,90,3,2,2,계단식,1693800,2845890,338760,813330,577584,481320,96264,,,,,,,,,,,,서울신중초등학교,B100000768,서울특별시 서초구 서초동 1466-6번지,공립,단설,19360601,서울특별시교육청,http://sinjung.sen.es.kr,20230531,21.0,22.5,455,378,20230531,4,57,5,6,6,6,7,6,130,124,135,138,166,,1,5,36,833,1,3,0,0,20230531,10,,0,0.0,20230531,직영,3385,931,831091000,37.4801795,127.0093516,1165010800,서울시,19.8,17.4,서초구,23.0,20.9,3,135.0,162.0,
0,더샵오데움(105동),128㎡,서울시 서초구 서초동,1165010800,1472-2,서울시 서초구 효령로46길 45,37.481375,127.00913,4,0,4,4,189,56,8,주식회사포스코건설,HT001,128.03,106.72,83,4,2,1,계단식,949200,1691760,189840,552720,0,0,0,,,,,,,,,,,,서울신중초등학교,B100000768,서울특별시 서초구 서초동 1466-6번지,공립,단설,19360601,서울특별시교육청,http://sinjung.sen.es.kr,20230531,21.0,22.5,455,378,20230531,4,57,5,6,6,6,7,6,130,124,135,138,166,,1,5,36,833,1,3,0,0,20230531,10,,0,0.0,20230531,직영,3385,931,831091000,37.4801795,127.0093516,1165010800,서울시,19.8,17.4,서초구,23.0,20.9,3,135.0,162.0,
1,더샵오데움(105동),159㎡,서울시 서초구 서초동,1165010800,1472-2,서울시 서초구 효령로46길 45,37.481375,127.00913,4,0,4,4,189,56,8,주식회사포스코건설,HT001,159.98,132.65,83,4,2,1,계단식,1167600,2030280,233520,629160,0,0,0,,,,,,,,,,,,서울신중초등학교,B100000768,서울특별시 서초구 서초동 1466-6번지,공립,단설,19360601,서울특별시교육청,http://sinjung.sen.es.kr,20230531,21.0,22.5,455,378,20230531,4,57,5,6,6,6,7,6,130,124,135,138,166,,1,5,36,833,1,3,0,0,20230531,10,,0,0.0,20230531,직영,3385,931,831091000,37.4801795,127.0093516,1165010800,서울시,19.8,17.4,서초구,23.0,20.9,3,135.0,162.0,
2,더샵오데움(105동),167,서울시 서초구 서초동,1165010800,1472-2,서울시 서초구 효령로46길 45,37.481375,127.00913,4,0,4,4,189,56,8,주식회사포스코건설,HT001,167.95,135.74,81,4,2,2,계단식,1198800,2078640,239760,640080,0,0,0,,,,,,,,,,,,서울신중초등학교,B100000768,서울특별시 서초구 서초동 1466-6번지,공립,단설,19360601,서울특별시교육청,http://sinjung.sen.es.kr,20230531,21.0,22.5,455,378,20230531,4,57,5,6,6,6,7,6,130,124,135,138,166,,1,5,36,833,1,3,0,0,20230531,10,,0,0.0,20230531,직영,3385,931,831091000,37.4801795,127.0093516,1165010800,서울시,19.8,17.4,서초구,23.0,20.9,3,135.0,162.0,
0,더아크리움,41,서울시 서초구 서초동,1165010800,1497-20,서울시 서초구 명달로 101,37.486393,127.003897,16,0,6,6,199,59,15,(주)더라움와이,HT001,41.22,34.95,85,1,1,16,계단식,,,,,,,,,,,,,"4억 5,000","4억 7,000",,,,,,,,,,,,,,,,,,,,,,,,,,,,,,,,,,,,,,,,,,,,,,,,,,,,,,,,,,,,,,,
0,더클래스(도시형),31㎡,서울시 서초구 서초동,1165010800,1619-2,서울시 서초구 서초중앙로12길 48,37.488071,127.017509,20,0,6,6,182,59,10,(주)보민종합건설,HT001,31.17,25.83,83,1,1,10,계단식,,,,,,,,,,,,,,,,,,,서울서일초등학교,B100000763,서울특별시 서초구 서초동 1436-8번지,공립,단설,19861016,서울특별시교육청,http://seoulseoil.sen.es.kr,20230531,20.3,20.8,266,232,20230531,4,33,3,4,4,4,4,4,72,79,88,78,93,,1,5,23,498,1,4,0,0,20230531,6,,0,0.0,20230531,직영,3377,558,615924000,37.48478772,127.02260429,1165010800,서울시,19.8,17.4,서초구,23.0,20.9,12,83.0,87.0,
1,더클래스(도시형),34,서울시 서초구 서초동,1165010800,1619-2,서울시 서초구 서초중앙로12길 48,37.488071,127.017509,20,0,6,6,182,59,10,(주)보민종합건설,HT001,34.82,28.85,83,1,1,10,계단식,,,,,,,,,,,,,,,,,,,서울서일초등학교,B100000763,서울특별시 서초구 서초동 1436-8번지,공립,단설,19861016,서울특별시교육청,http://seoulseoil.sen.es.kr,20230531,20.3,20.8,266,232,20230531,4,33,3,4,4,4,4,4,72,79,88,78,93,,1,5,23,498,1,4,0,0,20230531,6,,0,0.0,20230531,직영,3377,558,615924000,37.48478772,127.02260429,1165010800,서울시,19.8,17.4,서초구,23.0,20.9,12,83.0,87.0,
0,도무스,261㎡,서울시 서초구 서초동,1165010800,1497-12,서울시 서초구 명달로 109,37.48712,127.003821,12,0,7,6,233,47,38,(주)엠쓰리이엔씨,HT001,261.76,234.13,89,4,2,6,계단식,2750400,4483620,550080,1183140,2752992,2294160,458832,,,,,,20억,21억,,,,,서울신중초등학교,B100000768,서울특별시 서초구 서초동 1466-6번지,공립,단설,19360601,서울특별시교육청,http://sinjung.sen.es.kr,20230531,21.0,22.5,455,378,20230531,4,57,5,6,6,6,7,6,130,124,135,138,166,,1,5,36,833,1,3,0,0,20230531,10,,0,0.0,20230531,직영,3385,931,831091000,37.4801795,127.0093516,1165010800,서울시,19.8,17.4,서초구,23.0,20.9,19,135.0,162.0,
1,도무스,264A㎡,서울시 서초구 서초동,1165010800,1497-12,서울시 서초구 명달로 109,37.48712,127.003821,12,0,7,6,233,47,38,(주)엠쓰리이엔씨,HT001,264.44,236.53,89,4,2,5,계단식,2683800,4380390,536760,1159830,2587824,2156520,431304,,,,,55억,,35억,,,,,서울신중초등학교,B100000768,서울특별시 서초구 서초동 1466-6번지,공립,단설,19360601,서울특별시교육청,http://sinjung.sen.es.kr,20230531,21.0,22.5,455,378,20230531,4,57,5,6,6,6,7,6,130,124,135,138,166,,1,5,36,833,1,3,0,0,20230531,10,,0,0.0,20230531,직영,3385,931,831091000,37.4801795,127.0093516,1165010800,서울시,19.8,17.4,서초구,23.0,20.9,19,135.0,162.0,
2,도무스,264B,서울시 서초구 서초동,1165010800,1497-12,서울시 서초구 명달로 109,37.48712,127.003821,12,0,7,6,233,47,38,(주)엠쓰리이엔씨,HT001,264.58,236.64,89,4,2,1,계단식,2683800,4380390,536760,1159830,2587824,2156520,431304,,,,,,,20억,,,,,서울신중초등학교,B100000768,서울특별시 서초구 서초동 1466-6번지,공립,단설,19360601,서울특별시교육청,http://sinjung.sen.es.kr,20230531,21.0,22.5,455,378,20230531,4,57,5,6,6,6,7,6,130,124,135,138,166,,1,5,36,833,1,3,0,0,20230531,10,,0,0.0,20230531,직영,3385,931,831091000,37.4801795,127.0093516,1165010800,서울시,19.8,17.4,서초구,23.0,20.9,19,135.0,162.0,
0,동아(도시형),28A㎡,서울시 서초구 서초동,1165010800,1344-7,서울시 서초구 서운로11길 13,37.487581,127.027877,62,0,10,7,256,37,32,재진건설(주),HT001,28.23,19.51,69,1,1,17,복도식,70350,224910,14070,140490,0,0,0,,,,,,,,,1억/55,,1억/55,서울서일초등학교,B100000763,서울특별시 서초구 서초동 1436-8번지,공립,단설,19861016,서울특별시교육청,http://seoulseoil.sen.es.kr,20230531,20.3,20.8,266,232,20230531,4,33,3,4,4,4,4,4,72,79,88,78,93,,1,5,23,498,1,4,0,0,20230531,6,,0,0.0,20230531,직영,3377,558,615924000,37.48478772,127.02260429,1165010800,서울시,19.8,17.4,서초구,23.0,20.9,11,83.0,87.0,
1,동아(도시형),29B㎡,서울시 서초구 서초동,1165010800,1344-7,서울시 서초구 서운로11길 13,37.487581,127.027877,62,0,10,7,256,37,32,재진건설(주),HT001,29.12,19.81,68,1,1,5,복도식,73500,233100,14700,144900,0,0,0,,,,,,,,,,,,서울서일초등학교,B100000763,서울특별시 서초구 서초동 1436-8번지,공립,단설,19861016,서울특별시교육청,http://seoulseoil.sen.es.kr,20230531,20.3,20.8,266,232,20230531,4,33,3,4,4,4,4,4,72,79,88,78,93,,1,5,23,498,1,4,0,0,20230531,6,,0,0.0,20230531,직영,3377,558,615924000,37.48478772,127.02260429,1165010800,서울시,19.8,17.4,서초구,23.0,20.9,11,83.0,87.0,
2,동아(도시형),30C㎡,서울시 서초구 서초동,1165010800,1344-7,서울시 서초구 서운로11길 13,37.487581,127.027877,62,0,10,7,256,37,32,재진건설(주),HT001,30.44,20.93,69,1,1,1,복도식,77100,242460,15420,149940,0,0,0,,,,,,,,,,,,서울서일초등학교,B100000763,서울특별시 서초구 서초동 1436-8번지,공립,단설,19861016,서울특별시교육청,http://seoulseoil.sen.es.kr,20230531,20.3,20.8,266,232,20230531,4,33,3,4,4,4,4,4,72,79,88,78,93,,1,5,23,498,1,4,0,0,20230531,6,,0,0.0,20230531,직영,3377,558,615924000,37.48478772,127.02260429,1165010800,서울시,19.8,17.4,서초구,23.0,20.9,11,83.0,87.0,
3,동아(도시형),31D㎡,서울시 서초구 서초동,1165010800,1344-7,서울시 서초구 서운로11길 13,37.487581,127.027877,62,0,10,7,256,37,32,재진건설(주),HT001,31.11,21.54,69,1,1,1,복도식,82050,255330,16410,156870,0,0,0,,,,,,,,,,,,서울서일초등학교,B100000763,서울특별시 서초구 서초동 1436-8번지,공립,단설,19861016,서울특별시교육청,http://seoulseoil.sen.es.kr,20230531,20.3,20.8,266,232,20230531,4,33,3,4,4,4,4,4,72,79,88,78,93,,1,5,23,498,1,4,0,0,20230531,6,,0,0.0,20230531,직영,3377,558,615924000,37.48478772,127.02260429,1165010800,서울시,19.8,17.4,서초구,23.0,20.9,11,83.0,87.0,
4,동아(도시형),33㎡,서울시 서초구 서초동,1165010800,1344-7,서울시 서초구 서운로11길 13,37.487581,127.027877,62,0,10,7,256,37,32,재진건설(주),HT001,33.07,22.97,69,1,1,1,복도식,90600,277560,18120,168840,0,0,0,,,,,,,,,,,,서울서일초등학교,B100000763,서울특별시 서초구 서초동 1436-8번지,공립,단설,19861016,서울특별시교육청,http://seoulseoil.sen.es.kr,20230531,20.3,20.8,266,232,20230531,4,33,3,4,4,4,4,4,72,79,88,78,93,,1,5,23,498,1,4,0,0,20230531,6,,0,0.0,20230531,직영,3377,558,615924000,37.48478772,127.02260429,1165010800,서울시,19.8,17.4,서초구,23.0,20.9,11,83.0,87.0,
5,동아(도시형),34A㎡,서울시 서초구 서초동,1165010800,1344-7,서울시 서초구 서운로11길 13,37.487581,127.027877,62,0,10,7,256,37,32,재진건설(주),HT001,34.82,24.19,69,1,1,7,복도식,96000,291600,19200,176400,0,0,0,,,,,,,,,,,,서울서일초등학교,B100000763,서울특별시 서초구 서초동 1436-8번지,공립,단설,19861016,서울특별시교육청,http://seoulseoil.sen.es.kr,20230531,20.3,20.8,266,232,20230531,4,33,3,4,4,4,4,4,72,79,88,78,93,,1,5,23,498,1,4,0,0,20230531,6,,0,0.0,20230531,직영,3377,558,615924000,37.48478772,127.02260429,1165010800,서울시,19.8,17.4,서초구,23.0,20.9,11,83.0,87.0,
6,동아(도시형),34B㎡,서울시 서초구 서초동,1165010800,1344-7,서울시 서초구 서운로11길 13,37.487581,127.027877,62,0,10,7,256,37,32,재진건설(주),HT001,34.92,24.4,70,1,1,2,복도식,96000,291600,19200,176400,0,0,0,,,,,,,"2억 9,900",,,,,서울서일초등학교,B100000763,서울특별시 서초구 서초동 1436-8번지,공립,단설,19861016,서울특별시교육청,http://seoulseoil.sen.es.kr,20230531,20.3,20.8,266,232,20230531,4,33,3,4,4,4,4,4,72,79,88,78,93,,1,5,23,498,1,4,0,0,20230531,6,,0,0.0,20230531,직영,3377,558,615924000,37.48478772,127.02260429,1165010800,서울시,19.8,17.4,서초구,23.0,20.9,11,83.0,87.0,
7,동아(도시형),35C㎡,서울시 서초구 서초동,1165010800,1344-7,서울시 서초구 서운로11길 13,37.487581,127.027877,62,0,10,7,256,37,32,재진건설(주),HT001,35.74,24.57,69,1,1,7,복도식,96000,291600,19200,176400,0,0,0,,,,,,,"2억 5,500",,,,,서울서일초등학교,B100000763,서울특별시 서초구 서초동 1436-8번지,공립,단설,19861016,서울특별시교육청,http://seoulseoil.sen.es.kr,20230531,20.3,20.8,266,232,20230531,4,33,3,4,4,4,4,4,72,79,88,78,93,,1,5,23,498,1,4,0,0,20230531,6,,0,0.0,20230531,직영,3377,558,615924000,37.48478772,127.02260429,1165010800,서울시,19.8,17.4,서초구,23.0,20.9,11,83.0,87.0,
8,동아(도시형),35D㎡,서울시 서초구 서초동,1165010800,1344-7,서울시 서초구 서운로11길 13,37.487581,127.027877,62,0,10,7,256,37,32,재진건설(주),HT001,35.89,24.71,69,1,1,1,복도식,96900,293940,19380,177660,0,0,0,,,,,,,,,,,,서울서일초등학교,B100000763,서울특별시 서초구 서초동 1436-8번지,공립,단설,19861016,서울특별시교육청,http://seoulseoil.sen.es.kr,20230531,20.3,20.8,266,232,20230531,4,33,3,4,4,4,4,4,72,79,88,78,93,,1,5,23,498,1,4,0,0,20230531,6,,0,0.0,20230531,직영,3377,558,615924000,37.48478772,127.02260429,1165010800,서울시,19.8,17.4,서초구,23.0,20.9,11,83.0,87.0,
9,동아(도시형),36F㎡,서울시 서초구 서초동,1165010800,1344-7,서울시 서초구 서운로11길 13,37.487581,127.027877,62,0,10,7,256,37,32,재진건설(주),HT001,36.08,25.17,70,1,1,2,복도식,100950,304470,20190,183330,0,0,0,,,,,,,,,,,,서울서일초등학교,B100000763,서울특별시 서초구 서초동 1436-8번지,공립,단설,19861016,서울특별시교육청,http://seoulseoil.sen.es.kr,20230531,20.3,20.8,266,232,20230531,4,33,3,4,4,4,4,4,72,79,88,78,93,,1,5,23,498,1,4,0,0,20230531,6,,0,0.0,20230531,직영,3377,558,615924000,37.48478772,127.02260429,1165010800,서울시,19.8,17.4,서초구,23.0,20.9,11,83.0,87.0,
10,동아(도시형),36E㎡,서울시 서초구 서초동,1165010800,1344-7,서울시 서초구 서운로11길 13,37.487581,127.027877,62,0,10,7,256,37,32,재진건설(주),HT001,36.18,25.04,69,1,1,1,복도식,100950,304470,20190,183330,0,0,0,,,,,,"2억 5,000","2억 5,500","1억 2,000/60300","2억 2,000/14","1억 2,000/60300","2억 2,000/14",서울서일초등학교,B100000763,서울특별시 서초구 서초동 1436-8번지,공립,단설,19861016,서울특별시교육청,http://seoulseoil.sen.es.kr,20230531,20.3,20.8,266,232,20230531,4,33,3,4,4,4,4,4,72,79,88,78,93,,1,5,23,498,1,4,0,0,20230531,6,,0,0.0,20230531,직영,3377,558,615924000,37.48478772,127.02260429,1165010800,서울시,19.8,17.4,서초구,23.0,20.9,11,83.0,87.0,
11,동아(도시형),39A㎡,서울시 서초구 서초동,1165010800,1344-7,서울시 서초구 서운로11길 13,37.487581,127.027877,62,0,10,7,256,37,32,재진건설(주),HT001,39.03,27.29,70,1,1,14,복도식,110400,329040,22080,196560,0,0,0,,,,,"3억 9,900",,,,,,,서울서일초등학교,B100000763,서울특별시 서초구 서초동 1436-8번지,공립,단설,19861016,서울특별시교육청,http://seoulseoil.sen.es.kr,20230531,20.3,20.8,266,232,20230531,4,33,3,4,4,4,4,4,72,79,88,78,93,,1,5,23,498,1,4,0,0,20230531,6,,0,0.0,20230531,직영,3377,558,615924000,37.48478772,127.02260429,1165010800,서울시,19.8,17.4,서초구,23.0,20.9,11,83.0,87.0,
12,동아(도시형),39B㎡,서울시 서초구 서초동,1165010800,1344-7,서울시 서초구 서운로11길 13,37.487581,127.027877,62,0,10,7,256,37,32,재진건설(주),HT001,39.53,27.66,70,1,1,1,복도식,110400,329040,22080,196560,0,0,0,,,,,,,,,1억/83,,1억/83,서울서일초등학교,B100000763,서울특별시 서초구 서초동 1436-8번지,공립,단설,19861016,서울특별시교육청,http://seoulseoil.sen.es.kr,20230531,20.3,20.8,266,232,20230531,4,33,3,4,4,4,4,4,72,79,88,78,93,,1,5,23,498,1,4,0,0,20230531,6,,0,0.0,20230531,직영,3377,558,615924000,37.48478772,127.02260429,1165010800,서울시,19.8,17.4,서초구,23.0,20.9,11,83.0,87.0,
13,동아(도시형),44A㎡,서울시 서초구 서초동,1165010800,1344-7,서울시 서초구 서운로11길 13,37.487581,127.027877,62,0,10,7,256,37,32,재진건설(주),HT001,44.95,31.6,70,1,1,1,복도식,143100,397890,28620,226170,0,0,0,,,,,,,"3억 9,000",,,,,서울서일초등학교,B100000763,서울특별시 서초구 서초동 1436-8번지,공립,단설,19861016,서울특별시교육청,http://seoulseoil.sen.es.kr,20230531,20.3,20.8,266,232,20230531,4,33,3,4,4,4,4,4,72,79,88,78,93,,1,5,23,498,1,4,0,0,20230531,6,,0,0.0,20230531,직영,3377,558,615924000,37.48478772,127.02260429,1165010800,서울시,19.8,17.4,서초구,23.0,20.9,11,83.0,87.0,
14,동아(도시형),47B,서울시 서초구 서초동,1165010800,1344-7,서울시 서초구 서운로11길 13,37.487581,127.027877,62,0,10,7,256,37,32,재진건설(주),HT001,47.71,33.16,70,1,1,1,복도식,156600,423540,31320,235620,0,0,0,,,,,,,,,"1억 6,000/70",,"1억 6,000/70",서울서일초등학교,B100000763,서울특별시 서초구 서초동 1436-8번지,공립,단설,19861016,서울특별시교육청,http://seoulseoil.sen.es.kr,20230531,20.3,20.8,266,232,20230531,4,33,3,4,4,4,4,4,72,79,88,78,93,,1,5,23,498,1,4,0,0,20230531,6,,0,0.0,20230531,직영,3377,558,615924000,37.48478772,127.02260429,1165010800,서울시,19.8,17.4,서초구,23.0,20.9,11,83.0,87.0,
0,동원베네스트,105B㎡,서울시 서초구 서초동,1165010800,1350-13,서울시 서초구 효령로74길 57,37.485282,127.026641,126,0,15,11,292,24,165,(주)동원이엔씨,HT001,105.68,84.9,80,3,2,66,계단식,1213200,2100960,242640,645120,0,0,0,,,,16억,17억,,,,,,,서울서일초등학교,B100000763,서울특별시 서초구 서초동 1436-8번지,공립,단설,19861016,서울특별시교육청,http://seoulseoil.sen.es.kr,20230531,20.3,20.8,266,232,20230531,4,33,3,4,4,4,4,4,72,79,88,78,93,,1,5,23,498,1,4,0,0,20230531,6,,0,0.0,20230531,직영,3377,558,615924000,37.48478772,127.02260429,1165010800,서울시,19.8,17.4,서초구,23.0,20.9,11,83.0,87.0,
1,동원베네스트,105A㎡,서울시 서초구 서초동,1165010800,1350-13,서울시 서초구 효령로74길 57,37.485282,127.026641,126,0,15,11,292,24,165,(주)동원이엔씨,HT001,105.53,84.9,80,3,2,30,계단식,1213200,2100960,242640,645120,0,0,0,,,,,"16억 3,000",,9억,,,,,서울서일초등학교,B100000763,서울특별시 서초구 서초동 1436-8번지,공립,단설,19861016,서울특별시교육청,http://seoulseoil.sen.es.kr,20230531,20.3,20.8,266,232,20230531,4,33,3,4,4,4,4,4,72,79,88,78,93,,1,5,23,498,1,4,0,0,20230531,6,,0,0.0,20230531,직영,3377,558,615924000,37.48478772,127.02260429,1165010800,서울시,19.8,17.4,서초구,23.0,20.9,11,83.0,87.0,
2,동원베네스트,142,서울시 서초구 서초동,1165010800,1350-13,서울시 서초구 효령로74길 57,37.485282,127.026641,126,0,15,11,292,24,165,(주)동원이엔씨,HT001,142.48,120.81,85,4,2,30,계단식,1765800,2957490,353160,838530,698544,582120,116424,,,,,"19억 5,000",,,,,,,서울서일초등학교,B100000763,서울특별시 서초구 서초동 1436-8번지,공립,단설,19861016,서울특별시교육청,http://seoulseoil.sen.es.kr,20230531,20.3,20.8,266,232,20230531,4,33,3,4,4,4,4,4,72,79,88,78,93,,1,5,23,498,1,4,0,0,20230531,6,,0,0.0,20230531,직영,3377,558,615924000,37.48478772,127.02260429,1165010800,서울시,19.8,17.4,서초구,23.0,20.9,11,83.0,87.0,
0,두산위브트레지움,105B㎡,서울시 서초구 서초동,1165010800,1310-4,서울시 서초구 서운로 194,37.500517,127.023152,98,6,17,17,227,16,148,두산건설(주),HT005,105.77,84.96,80,3,2,24,계단식,2579400,4218570,515880,1123290,2328912,1940760,388152,,,,,,,,,,,,서울서초초등학교,B100000764,서울특별시 서초구 서초동 1310-6,공립,단설,19801004,서울특별시교육청,http://seocho.sen.es.kr,20230531,25.3,27.8,531,496,20230531,7,52,5,6,6,6,6,7,144,164,172,173,172,,1,5,36,1027,1,2,0,0,20230531,15,,0,0.0,20230531,직영,3385,1084,1057499000,37.49924318,127.02411499,1165010800,서울시,19.8,17.4,서초구,23.0,20.9,2,197.0,166.0,
1,두산위브트레지움,106A㎡,서울시 서초구 서초동,1165010800,1310-4,서울시 서초구 서운로 194,37.500517,127.023152,98,6,17,17,227,16,148,두산건설(주),HT005,106.22,84.62,80,3,2,34,계단식,2579400,4218570,515880,1123290,2328912,1940760,388152,,,,,,,,,,,,서울서초초등학교,B100000764,서울특별시 서초구 서초동 1310-6,공립,단설,19801004,서울특별시교육청,http://seocho.sen.es.kr,20230531,25.3,27.8,531,496,20230531,7,52,5,6,6,6,6,7,144,164,172,173,172,,1,5,36,1027,1,2,0,0,20230531,15,,0,0.0,20230531,직영,3385,1084,1057499000,37.49924318,127.02411499,1165010800,서울시,19.8,17.4,서초구,23.0,20.9,2,197.0,166.0,
2,두산위브트레지움,160,서울시 서초구 서초동,1165010800,1310-4,서울시 서초구 서운로 194,37.500517,127.023152,98,6,17,17,227,16,148,두산건설(주),HT005,160.95,130.3,81,4,2,34,계단식,2916000,4740300,583200,1241100,3163680,2636400,527280,,,,,"32억 5,000",,,,1억/500,,1억/500,서울서초초등학교,B100000764,서울특별시 서초구 서초동 1310-6,공립,단설,19801004,서울특별시교육청,http://seocho.sen.es.kr,20230531,25.3,27.8,531,496,20230531,7,52,5,6,6,6,6,7,144,164,172,173,172,,1,5,36,1027,1,2,0,0,20230531,15,,0,0.0,20230531,직영,3385,1084,1057499000,37.49924318,127.02411499,1165010800,서울시,19.8,17.4,서초구,23.0,20.9,2,197.0,166.0,
0,두원에코타운(도시형),20A㎡,서울시 서초구 서초동,1165010800,1451-73,서울시 서초구 효령로52길 45,37.482221,127.013238,26,0,5,4,0,0,26,주식회사 세광앤무진종합건설,HT001,20.94,16.46,79,1,1,6,계단식,,,,,,,,,,,,,,,,,,,서울신중초등학교,B100000768,서울특별시 서초구 서초동 1466-6번지,공립,단설,19360601,서울특별시교육청,http://sinjung.sen.es.kr,20230531,21.0,22.5,455,378,20230531,4,57,5,6,6,6,7,6,130,124,135,138,166,,1,5,36,833,1,3,0,0,20230531,10,,0,0.0,20230531,직영,3385,931,831091000,37.4801795,127.0093516,1165010800,서울시,19.8,17.4,서초구,23.0,20.9,8,135.0,162.0,
1,두원에코타운(도시형),21B㎡,서울시 서초구 서초동,1165010800,1451-73,서울시 서초구 효령로52길 45,37.482221,127.013238,26,0,5,4,0,0,26,주식회사 세광앤무진종합건설,HT001,21.37,16.79,79,1,1,6,계단식,,,,,,,,,,,,,,,,,,,서울신중초등학교,B100000768,서울특별시 서초구 서초동 1466-6번지,공립,단설,19360601,서울특별시교육청,http://sinjung.sen.es.kr,20230531,21.0,22.5,455,378,20230531,4,57,5,6,6,6,7,6,130,124,135,138,166,,1,5,36,833,1,3,0,0,20230531,10,,0,0.0,20230531,직영,3385,931,831091000,37.4801795,127.0093516,1165010800,서울시,19.8,17.4,서초구,23.0,20.9,8,135.0,162.0,
2,두원에코타운(도시형),35A㎡,서울시 서초구 서초동,1165010800,1451-73,서울시 서초구 효령로52길 45,37.482221,127.013238,26,0,5,4,0,0,26,주식회사 세광앤무진종합건설,HT001,35.69,28.04,79,1,1,8,계단식,,,,,,,,,,,,,,,,,,,서울신중초등학교,B100000768,서울특별시 서초구 서초동 1466-6번지,공립,단설,19360601,서울특별시교육청,http://sinjung.sen.es.kr,20230531,21.0,22.5,455,378,20230531,4,57,5,6,6,6,7,6,130,124,135,138,166,,1,5,36,833,1,3,0,0,20230531,10,,0,0.0,20230531,직영,3385,931,831091000,37.4801795,127.0093516,1165010800,서울시,19.8,17.4,서초구,23.0,20.9,8,135.0,162.0,
3,두원에코타운(도시형),36B㎡,서울시 서초구 서초동,1165010800,1451-73,서울시 서초구 효령로52길 45,37.482221,127.013238,26,0,5,4,0,0,26,주식회사 세광앤무진종합건설,HT001,36.44,28.63,79,1,1,2,계단식,,,,,,,,,,,,,,,,,,,서울신중초등학교,B100000768,서울특별시 서초구 서초동 1466-6번지,공립,단설,19360601,서울특별시교육청,http://sinjung.sen.es.kr,20230531,21.0,22.5,455,378,20230531,4,57,5,6,6,6,7,6,130,124,135,138,166,,1,5,36,833,1,3,0,0,20230531,10,,0,0.0,20230531,직영,3385,931,831091000,37.4801795,127.0093516,1165010800,서울시,19.8,17.4,서초구,23.0,20.9,8,135.0,162.0,
4,두원에코타운(도시형),36C㎡,서울시 서초구 서초동,1165010800,1451-73,서울시 서초구 효령로52길 45,37.482221,127.013238,26,0,5,4,0,0,26,주식회사 세광앤무진종합건설,HT001,36.68,28.82,79,1,1,2,계단식,,,,,,,,,,,,,,,,,,,서울신중초등학교,B100000768,서울특별시 서초구 서초동 1466-6번지,공립,단설,19360601,서울특별시교육청,http://sinjung.sen.es.kr,20230531,21.0,22.5,455,378,20230531,4,57,5,6,6,6,7,6,130,124,135,138,166,,1,5,36,833,1,3,0,0,20230531,10,,0,0.0,20230531,직영,3385,931,831091000,37.4801795,127.0093516,1165010800,서울시,19.8,17.4,서초구,23.0,20.9,8,135.0,162.0,
5,두원에코타운(도시형),37D,서울시 서초구 서초동,1165010800,1451-73,서울시 서초구 효령로52길 45,37.482221,127.013238,26,0,5,4,0,0,26,주식회사 세광앤무진종합건설,HT001,37.11,29.16,79,1,1,2,계단식,,,,,,,,,,,,,,,,,,,서울신중초등학교,B100000768,서울특별시 서초구 서초동 1466-6번지,공립,단설,19360601,서울특별시교육청,http://sinjung.sen.es.kr,20230531,21.0,22.5,455,378,20230531,4,57,5,6,6,6,7,6,130,124,135,138,166,,1,5,36,833,1,3,0,0,20230531,10,,0,0.0,20230531,직영,3385,931,831091000,37.4801795,127.0093516,1165010800,서울시,19.8,17.4,서초구,23.0,20.9,8,135.0,162.0,
0,두진한아름,80㎡,서울시 서초구 서초동,1165010800,1609-6,서울시 서초구 효령로67길 52,37.48967,127.02293,42,0,11,4,259,34,42,두진종합건설(주),HT001,80.54,59.97,74,2,1,13,복도식,452025,975240,90405,432810,0,0,0,,,,,,,7억,,,,,서울서이초등학교,B100000762,서울특별시 서초구 서초동 1334-2번지(서운로 85),공립,단설,19831203,서울특별시교육청,http://seo2.sen.es.kr,20230531,19.7,30.3,672,753,20230531,6,66,9,8,8,7,8,7,239,266,238,205,252,,0,0,47,1425,2,4,0,0,20230531,0,,0,0.0,20230531,직영,3347,1430,1370646000,37.49120942,127.02595329,1165010800,서울시,19.8,17.4,서초구,23.0,20.9,7,225.0,0.0,
1,두진한아름,80B㎡,서울시 서초구 서초동,1165010800,1609-6,서울시 서초구 효령로67길 52,37.48967,127.02293,42,0,11,4,259,34,42,두진종합건설(주),HT001,80.3,59.79,74,2,2,4,계단식,417600,919440,83520,418320,0,0,0,,,,,"13억 5,000",,7억,,,,,서울서이초등학교,B100000762,서울특별시 서초구 서초동 1334-2번지(서운로 85),공립,단설,19831203,서울특별시교육청,http://seo2.sen.es.kr,20230531,19.7,30.3,672,753,20230531,6,66,9,8,8,7,8,7,239,266,238,205,252,,0,0,47,1425,2,4,0,0,20230531,0,,0,0.0,20230531,직영,3347,1430,1370646000,37.49120942,127.02595329,1165010800,서울시,19.8,17.4,서초구,23.0,20.9,7,225.0,0.0,
2,두진한아름,80A㎡,서울시 서초구 서초동,1165010800,1609-6,서울시 서초구 효령로67길 52,37.48967,127.02293,42,0,11,4,259,34,42,두진종합건설(주),HT001,80.07,59.61,74,2,2,3,계단식,417600,919440,83520,418320,0,0,0,,,,,,,,,,,,서울서이초등학교,B100000762,서울특별시 서초구 서초동 1334-2번지(서운로 85),공립,단설,19831203,서울특별시교육청,http://seo2.sen.es.kr,20230531,19.7,30.3,672,753,20230531,6,66,9,8,8,7,8,7,239,266,238,205,252,,0,0,47,1425,2,4,0,0,20230531,0,,0,0.0,20230531,직영,3347,1430,1370646000,37.49120942,127.02595329,1165010800,서울시,19.8,17.4,서초구,23.0,20.9,7,225.0,0.0,
3,두진한아름,114,서울시 서초구 서초동,1165010800,1609-6,서울시 서초구 효령로67길 52,37.48967,127.02293,42,0,11,4,259,34,42,두진종합건설(주),HT001,114.12,84.96,74,3,2,22,복도식,1105200,1933560,221040,607320,0,0,0,,,,16억,17억,,9억,,,,,서울서이초등학교,B100000762,서울특별시 서초구 서초동 1334-2번지(서운로 85),공립,단설,19831203,서울특별시교육청,http://seo2.sen.es.kr,20230531,19.7,30.3,672,753,20230531,6,66,9,8,8,7,8,7,239,266,238,205,252,,0,0,47,1425,2,4,0,0,20230531,0,,0,0.0,20230531,직영,3347,1430,1370646000,37.49120942,127.02595329,1165010800,서울시,19.8,17.4,서초구,23.0,20.9,7,225.0,0.0,
0,디아레나서초(주상복합),19㎡,서울시 서초구 서초동,1165010800,1588-5,서울시 서초구 효령로53길 24,37.485755,127.013925,90,0,14,14,299,29,0,(주)하오삼건설,HT001,19.99,17.35,87,1,1,10,복도식,51900,176940,10380,114660,0,0,0,,,,,,,,,,,,서울신중초등학교,B100000768,서울특별시 서초구 서초동 1466-6번지,공립,단설,19360601,서울특별시교육청,http://sinjung.sen.es.kr,20230531,21.0,22.5,455,378,20230531,4,57,5,6,6,6,7,6,130,124,135,138,166,,1,5,36,833,1,3,0,0,20230531,10,,0,0.0,20230531,직영,3385,931,831091000,37.4801795,127.0093516,1165010800,서울시,19.8,17.4,서초구,23.0,20.9,14,135.0,162.0,
1,디아레나서초(주상복합),31A㎡,서울시 서초구 서초동,1165010800,1588-5,서울시 서초구 효령로53길 24,37.485755,127.013925,90,0,14,14,299,29,0,(주)하오삼건설,HT001,31.55,27.39,87,1,1,20,복도식,105900,317340,21180,190260,0,0,0,,,,,"4억 5,000",,"3억 3,600",,3억/20,,3억/20,서울신중초등학교,B100000768,서울특별시 서초구 서초동 1466-6번지,공립,단설,19360601,서울특별시교육청,http://sinjung.sen.es.kr,20230531,21.0,22.5,455,378,20230531,4,57,5,6,6,6,7,6,130,124,135,138,166,,1,5,36,833,1,3,0,0,20230531,10,,0,0.0,20230531,직영,3385,931,831091000,37.4801795,127.0093516,1165010800,서울시,19.8,17.4,서초구,23.0,20.9,14,135.0,162.0,
2,디아레나서초(주상복합),31㎡,서울시 서초구 서초동,1165010800,1588-5,서울시 서초구 효령로53길 24,37.485755,127.013925,90,0,14,14,299,29,0,(주)하오삼건설,HT001,31.03,26.94,87,1,1,10,복도식,107700,322020,21540,192780,0,0,0,,,,,,,,,,,,서울신중초등학교,B100000768,서울특별시 서초구 서초동 1466-6번지,공립,단설,19360601,서울특별시교육청,http://sinjung.sen.es.kr,20230531,21.0,22.5,455,378,20230531,4,57,5,6,6,6,7,6,130,124,135,138,166,,1,5,36,833,1,3,0,0,20230531,10,,0,0.0,20230531,직영,3385,931,831091000,37.4801795,127.0093516,1165010800,서울시,19.8,17.4,서초구,23.0,20.9,14,135.0,162.0,
3,디아레나서초(주상복합),32B㎡,서울시 서초구 서초동,1165010800,1588-5,서울시 서초구 효령로53길 24,37.485755,127.013925,90,0,14,14,299,29,0,(주)하오삼건설,HT001,32.16,27.92,87,1,1,20,복도식,107700,322020,21540,192780,0,0,0,,,,,"4억 5,000",,"3억 5,000",,,,,서울신중초등학교,B100000768,서울특별시 서초구 서초동 1466-6번지,공립,단설,19360601,서울특별시교육청,http://sinjung.sen.es.kr,20230531,21.0,22.5,455,378,20230531,4,57,5,6,6,6,7,6,130,124,135,138,166,,1,5,36,833,1,3,0,0,20230531,10,,0,0.0,20230531,직영,3385,931,831091000,37.4801795,127.0093516,1165010800,서울시,19.8,17.4,서초구,23.0,20.9,14,135.0,162.0,
4,디아레나서초(주상복합),33C㎡,서울시 서초구 서초동,1165010800,1588-5,서울시 서초구 효령로53길 24,37.485755,127.013925,90,0,14,14,299,29,0,(주)하오삼건설,HT001,33.5,29.08,87,1,1,10,복도식,109050,325530,21810,194670,0,0,0,,,,"4억 5,000","5억 3,000",,,,,,,서울신중초등학교,B100000768,서울특별시 서초구 서초동 1466-6번지,공립,단설,19360601,서울특별시교육청,http://sinjung.sen.es.kr,20230531,21.0,22.5,455,378,20230531,4,57,5,6,6,6,7,6,130,124,135,138,166,,1,5,36,833,1,3,0,0,20230531,10,,0,0.0,20230531,직영,3385,931,831091000,37.4801795,127.0093516,1165010800,서울시,19.8,17.4,서초구,23.0,20.9,14,135.0,162.0,
5,디아레나서초(주상복합),34D㎡,서울시 서초구 서초동,1165010800,1588-5,서울시 서초구 효령로53길 24,37.485755,127.013925,90,0,14,14,299,29,0,(주)하오삼건설,HT001,34.19,29.68,87,1,1,10,복도식,110850,330210,22170,197190,0,0,0,,,,,,,"3억 3,600",,,,,서울신중초등학교,B100000768,서울특별시 서초구 서초동 1466-6번지,공립,단설,19360601,서울특별시교육청,http://sinjung.sen.es.kr,20230531,21.0,22.5,455,378,20230531,4,57,5,6,6,6,7,6,130,124,135,138,166,,1,5,36,833,1,3,0,0,20230531,10,,0,0.0,20230531,직영,3385,931,831091000,37.4801795,127.0093516,1165010800,서울시,19.8,17.4,서초구,23.0,20.9,14,135.0,162.0,
6,디아레나서초(주상복합),34E,서울시 서초구 서초동,1165010800,1588-5,서울시 서초구 효령로53길 24,37.485755,127.013925,90,0,14,14,299,29,0,(주)하오삼건설,HT001,34.2,29.69,87,1,1,10,복도식,109050,325530,21810,194670,0,0,0,,,,,,3억,"3억 4,000",,"5,000/110",,"5,000/110",서울신중초등학교,B100000768,서울특별시 서초구 서초동 1466-6번지,공립,단설,19360601,서울특별시교육청,http://sinjung.sen.es.kr,20230531,21.0,22.5,455,378,20230531,4,57,5,6,6,6,7,6,130,124,135,138,166,,1,5,36,833,1,3,0,0,20230531,10,,0,0.0,20230531,직영,3385,931,831091000,37.4801795,127.0093516,1165010800,서울시,19.8,17.4,서초구,23.0,20.9,14,135.0,162.0,
0,라파엘로,117㎡,서울시 서초구 서초동,1165010800,1492-1,서울시 서초구 명달로15길 11,37.484672,127.003141,12,0,6,6,242,45,23,건덕산업개발(주),HT001,117.29,106.93,91,3,2,1,계단식,360900,811710,72180,378630,0,0,0,,,,,,,,,,,,서울신중초등학교,B100000768,서울특별시 서초구 서초동 1466-6번지,공립,단설,19360601,서울특별시교육청,http://sinjung.sen.es.kr,20230531,21.0,22.5,455,378,20230531,4,57,5,6,6,6,7,6,130,124,135,138,166,,1,5,36,833,1,3,0,0,20230531,10,,0,0.0,20230531,직영,3385,931,831091000,37.4801795,127.0093516,1165010800,서울시,19.8,17.4,서초구,23.0,20.9,16,135.0,162.0,
1,라파엘로,135㎡,서울시 서초구 서초동,1165010800,1492-1,서울시 서초구 명달로15길 11,37.484672,127.003141,12,0,6,6,242,45,23,건덕산업개발(주),HT001,135.87,123.87,91,4,2,1,계단식,504000,1058400,100800,453600,0,0,0,,,,,,,,,,,,서울신중초등학교,B100000768,서울특별시 서초구 서초동 1466-6번지,공립,단설,19360601,서울특별시교육청,http://sinjung.sen.es.kr,20230531,21.0,22.5,455,378,20230531,4,57,5,6,6,6,7,6,130,124,135,138,166,,1,5,36,833,1,3,0,0,20230531,10,,0,0.0,20230531,직영,3385,931,831091000,37.4801795,127.0093516,1165010800,서울시,19.8,17.4,서초구,23.0,20.9,16,135.0,162.0,
2,라파엘로,168,서울시 서초구 서초동,1165010800,1492-1,서울시 서초구 명달로15길 11,37.484672,127.003141,12,0,6,6,242,45,23,건덕산업개발(주),HT001,168.68,153.82,91,4,2,10,계단식,1087200,1905660,217440,601020,0,0,0,,,,,,,,,,,,서울신중초등학교,B100000768,서울특별시 서초구 서초동 1466-6번지,공립,단설,19360601,서울특별시교육청,http://sinjung.sen.es.kr,20230531,21.0,22.5,455,378,20230531,4,57,5,6,6,6,7,6,130,124,135,138,166,,1,5,36,833,1,3,0,0,20230531,10,,0,0.0,20230531,직영,3385,931,831091000,37.4801795,127.0093516,1165010800,서울시,19.8,17.4,서초구,23.0,20.9,16,135.0,162.0,
0,래미안리더스원,84A㎡,서울시 서초구 서초동,1165010800,1755,서울시 서초구 서운로 62,37.490778,127.028132,1317,166,35,15,299,18,2523,삼성물산(주),HT005,84.03,59.97,71,3,2,78,계단식,2457000,4028850,491400,1080450,2025360,1687800,337560,,275698,243125,,,,12억,1억/400,6억/200,1억/400,6억/200,서울서이초등학교,B100000762,서울특별시 서초구 서초동 1334-2번지(서운로 85),공립,단설,19831203,서울특별시교육청,http://seo2.sen.es.kr,20230531,19.7,30.3,672,753,20230531,6,66,9,8,8,7,8,7,239,266,238,205,252,,0,0,47,1425,2,4,0,0,20230531,0,,0,0.0,20230531,직영,3347,1430,1370646000,37.49120942,127.02595329,1165010800,서울시,19.8,17.4,서초구,23.0,20.9,3,225.0,0.0,
1,래미안리더스원,85B㎡,서울시 서초구 서초동,1165010800,1755,서울시 서초구 서운로 62,37.490778,127.028132,1317,166,35,15,299,18,2523,삼성물산(주),HT005,85.49,59.96,70,3,2,58,계단식,2412000,3959100,482400,1064700,1913760,1594800,318960,,275652,243084,,,,,"5,000/480","5,000/520","5,000/480","5,000/520",서울서이초등학교,B100000762,서울특별시 서초구 서초동 1334-2번지(서운로 85),공립,단설,19831203,서울특별시교육청,http://seo2.sen.es.kr,20230531,19.7,30.3,672,753,20230531,6,66,9,8,8,7,8,7,239,266,238,205,252,,0,0,47,1425,2,4,0,0,20230531,0,,0,0.0,20230531,직영,3347,1430,1370646000,37.49120942,127.02595329,1165010800,서울시,19.8,17.4,서초구,23.0,20.9,3,225.0,0.0,
2,래미안리더스원,97A㎡,서울시 서초구 서초동,1165010800,1755,서울시 서초구 서운로 62,37.490778,127.028132,1317,166,35,15,299,18,2523,삼성물산(주),HT005,97.72,74.93,77,3,2,48,계단식,3031200,4918860,606240,1281420,3449376,2874480,574896,,344473,303774,,27억,14억,15억,1억/470,9억/240,1억/470,9억/240,서울서이초등학교,B100000762,서울특별시 서초구 서초동 1334-2번지(서운로 85),공립,단설,19831203,서울특별시교육청,http://seo2.sen.es.kr,20230531,19.7,30.3,672,753,20230531,6,66,9,8,8,7,8,7,239,266,238,205,252,,0,0,47,1425,2,4,0,0,20230531,0,,0,0.0,20230531,직영,3347,1430,1370646000,37.49120942,127.02595329,1165010800,서울시,19.8,17.4,서초구,23.0,20.9,3,225.0,0.0,
3,래미안리더스원,98B㎡,서울시 서초구 서초동,1165010800,1755,서울시 서초구 서운로 62,37.490778,127.028132,1317,166,35,15,299,18,2523,삼성물산(주),HT005,98.41,74.9,76,3,2,32,계단식,3031200,4918860,606240,1281420,3449376,2874480,574896,,344336,303653,,25억,13억,14억,,,,,서울서이초등학교,B100000762,서울특별시 서초구 서초동 1334-2번지(서운로 85),공립,단설,19831203,서울특별시교육청,http://seo2.sen.es.kr,20230531,19.7,30.3,672,753,20230531,6,66,9,8,8,7,8,7,239,266,238,205,252,,0,0,47,1425,2,4,0,0,20230531,0,,0,0.0,20230531,직영,3347,1430,1370646000,37.49120942,127.02595329,1165010800,서울시,19.8,17.4,서초구,23.0,20.9,3,225.0,0.0,
4,래미안리더스원,108A㎡,서울시 서초구 서초동,1165010800,1755,서울시 서초구 서운로 62,37.490778,127.028132,1317,166,35,15,299,18,2523,삼성물산(주),HT005,108.94,83.12,76,3,2,24,계단식,3254400,5264820,650880,1359540,4169952,3474960,694992,,382125,336977,,,,15억,,,,,서울서이초등학교,B100000762,서울특별시 서초구 서초동 1334-2번지(서운로 85),공립,단설,19831203,서울특별시교육청,http://seo2.sen.es.kr,20230531,19.7,30.3,672,753,20230531,6,66,9,8,8,7,8,7,239,266,238,205,252,,0,0,47,1425,2,4,0,0,20230531,0,,0,0.0,20230531,직영,3347,1430,1370646000,37.49120942,127.02595329,1165010800,서울시,19.8,17.4,서초구,23.0,20.9,3,225.0,0.0,
5,래미안리더스원,111A㎡,서울시 서초구 서초동,1165010800,1755,서울시 서초구 서운로 62,37.490778,127.028132,1317,166,35,15,299,18,2523,삼성물산(주),HT005,111.11,84.94,76,3,2,368,계단식,3391200,5476860,678240,1407420,4728096,3940080,788016,,390492,344356,27억,35억,,"14억 5,000",1억/570,8억/240,1억/570,8억/240,서울서이초등학교,B100000762,서울특별시 서초구 서초동 1334-2번지(서운로 85),공립,단설,19831203,서울특별시교육청,http://seo2.sen.es.kr,20230531,19.7,30.3,672,753,20230531,6,66,9,8,8,7,8,7,239,266,238,205,252,,0,0,47,1425,2,4,0,0,20230531,0,,0,0.0,20230531,직영,3347,1430,1370646000,37.49120942,127.02595329,1165010800,서울시,19.8,17.4,서초구,23.0,20.9,3,225.0,0.0,
6,래미안리더스원,111B㎡,서울시 서초구 서초동,1165010800,1755,서울시 서초구 서운로 62,37.490778,127.028132,1317,166,35,15,299,18,2523,삼성물산(주),HT005,111.66,84.93,76,3,2,145,계단식,3376800,5454540,675360,1402380,4669344,3891120,778224,,390446,344315,28억,30억,"14억 5,000",16억,1억/580,2억/490,1억/580,2억/490,서울서이초등학교,B100000762,서울특별시 서초구 서초동 1334-2번지(서운로 85),공립,단설,19831203,서울특별시교육청,http://seo2.sen.es.kr,20230531,19.7,30.3,672,753,20230531,6,66,9,8,8,7,8,7,239,266,238,205,252,,0,0,47,1425,2,4,0,0,20230531,0,,0,0.0,20230531,직영,3347,1430,1370646000,37.49120942,127.02595329,1165010800,서울시,19.8,17.4,서초구,23.0,20.9,3,225.0,0.0,
7,래미안리더스원,112C㎡,서울시 서초구 서초동,1165010800,1755,서울시 서초구 서운로 62,37.490778,127.028132,1317,166,35,15,299,18,2523,삼성물산(주),HT005,112.68,84.97,75,3,2,27,계단식,3362400,5432220,672480,1397340,4610592,3842160,768432,,390630,344478,,,,,,,,,서울서이초등학교,B100000762,서울특별시 서초구 서초동 1334-2번지(서운로 85),공립,단설,19831203,서울특별시교육청,http://seo2.sen.es.kr,20230531,19.7,30.3,672,753,20230531,6,66,9,8,8,7,8,7,239,266,238,205,252,,0,0,47,1425,2,4,0,0,20230531,0,,0,0.0,20230531,직영,3347,1430,1370646000,37.49120942,127.02595329,1165010800,서울시,19.8,17.4,서초구,23.0,20.9,3,225.0,0.0,
8,래미안리더스원,142A㎡,서울시 서초구 서초동,1165010800,1755,서울시 서초구 서운로 62,37.490778,127.028132,1317,166,35,15,299,18,2523,삼성물산(주),HT005,142.45,114.94,81,4,2,203,계단식,4570200,7304310,914040,1820070,9538416,7948680,1589736,,528410,465979,"37억 5,000",40억,"19억 5,000",21억,3억/670,16억/160,3억/670,16억/160,서울서이초등학교,B100000762,서울특별시 서초구 서초동 1334-2번지(서운로 85),공립,단설,19831203,서울특별시교육청,http://seo2.sen.es.kr,20230531,19.7,30.3,672,753,20230531,6,66,9,8,8,7,8,7,239,266,238,205,252,,0,0,47,1425,2,4,0,0,20230531,0,,0,0.0,20230531,직영,3347,1430,1370646000,37.49120942,127.02595329,1165010800,서울시,19.8,17.4,서초구,23.0,20.9,3,225.0,0.0,
9,래미안리더스원,144B㎡,서울시 서초구 서초동,1165010800,1755,서울시 서초구 서운로 62,37.490778,127.028132,1317,166,35,15,299,18,2523,삼성물산(주),HT005,144.03,114.7,80,4,2,83,계단식,4473000,7153650,894600,1786050,9141840,7618200,1523640,,527307,465006,38억,40억,20억,21억,3억/680,18억/80,3억/680,18억/80,서울서이초등학교,B100000762,서울특별시 서초구 서초동 1334-2번지(서운로 85),공립,단설,19831203,서울특별시교육청,http://seo2.sen.es.kr,20230531,19.7,30.3,672,753,20230531,6,66,9,8,8,7,8,7,239,266,238,205,252,,0,0,47,1425,2,4,0,0,20230531,0,,0,0.0,20230531,직영,3347,1430,1370646000,37.49120942,127.02595329,1165010800,서울시,19.8,17.4,서초구,23.0,20.9,3,225.0,0.0,
10,래미안리더스원,167A㎡,서울시 서초구 서초동,1165010800,1755,서울시 서초구 서운로 62,37.490778,127.028132,1317,166,35,15,299,18,2523,삼성물산(주),HT005,167.93,135.83,81,4,2,34,계단식,5166000,8227800,1033200,2028600,12314880,10262400,2052480,,624447,550670,47억,48억,,,,,,,서울서이초등학교,B100000762,서울특별시 서초구 서초동 1334-2번지(서운로 85),공립,단설,19831203,서울특별시교육청,http://seo2.sen.es.kr,20230531,19.7,30.3,672,753,20230531,6,66,9,8,8,7,8,7,239,266,238,205,252,,0,0,47,1425,2,4,0,0,20230531,0,,0,0.0,20230531,직영,3347,1430,1370646000,37.49120942,127.02595329,1165010800,서울시,19.8,17.4,서초구,23.0,20.9,3,225.0,0.0,
11,래미안리더스원,168B㎡,서울시 서초구 서초동,1165010800,1755,서울시 서초구 서운로 62,37.490778,127.028132,1317,166,35,15,299,18,2523,삼성물산(주),HT005,168.12,135.02,80,4,2,27,계단식,5151600,8205480,1030320,2023560,12233088,10194240,2038848,,620723,547386,48억,49억,,,,,,,서울서이초등학교,B100000762,서울특별시 서초구 서초동 1334-2번지(서운로 85),공립,단설,19831203,서울특별시교육청,http://seo2.sen.es.kr,20230531,19.7,30.3,672,753,20230531,6,66,9,8,8,7,8,7,239,266,238,205,252,,0,0,47,1425,2,4,0,0,20230531,0,,0,0.0,20230531,직영,3347,1430,1370646000,37.49120942,127.02595329,1165010800,서울시,19.8,17.4,서초구,23.0,20.9,3,225.0,0.0,
12,래미안리더스원,219A㎡,서울시 서초구 서초동,1165010800,1755,서울시 서초구 서운로 62,37.490778,127.028132,1317,166,35,15,299,18,2523,삼성물산(주),HT005,219.59,178.68,81,4,3,22,계단식,6127200,9717660,1225440,2365020,17774496,14812080,2962416,,821440,724388,,,,33억,5억/1160,20억/550,5억/1160,20억/550,서울서이초등학교,B100000762,서울특별시 서초구 서초동 1334-2번지(서운로 85),공립,단설,19831203,서울특별시교육청,http://seo2.sen.es.kr,20230531,19.7,30.3,672,753,20230531,6,66,9,8,8,7,8,7,239,266,238,205,252,,0,0,47,1425,2,4,0,0,20230531,0,,0,0.0,20230531,직영,3347,1430,1370646000,37.49120942,127.02595329,1165010800,서울시,19.8,17.4,서초구,23.0,20.9,3,225.0,0.0,
13,래미안리더스원,260㎡,서울시 서초구 서초동,1165010800,1755,서울시 서초구 서운로 62,37.490778,127.028132,1317,166,35,15,299,18,2523,삼성물산(주),HT005,260.38,205.02,79,4,4,1,계단식,7417800,11718090,1483560,2816730,25105104,20920920,4184184,,942532,831173,,,,,,,,,서울서이초등학교,B100000762,서울특별시 서초구 서초동 1334-2번지(서운로 85),공립,단설,19831203,서울특별시교육청,http://seo2.sen.es.kr,20230531,19.7,30.3,672,753,20230531,6,66,9,8,8,7,8,7,239,266,238,205,252,,0,0,47,1425,2,4,0,0,20230531,0,,0,0.0,20230531,직영,3347,1430,1370646000,37.49120942,127.02595329,1165010800,서울시,19.8,17.4,서초구,23.0,20.9,3,225.0,0.0,
14,래미안리더스원,299,서울시 서초구 서초동,1165010800,1755,서울시 서초구 서운로 62,37.490778,127.028132,1317,166,35,15,299,18,2523,삼성물산(주),HT005,299.89,238.73,80,6,5,1,계단식,8609400,13565070,1721880,3233790,31873392,26561160,5312232,,1097506,967837,,,,,,,,,서울서이초등학교,B100000762,서울특별시 서초구 서초동 1334-2번지(서운로 85),공립,단설,19831203,서울특별시교육청,http://seo2.sen.es.kr,20230531,19.7,30.3,672,753,20230531,6,66,9,8,8,7,8,7,239,266,238,205,252,,0,0,47,1425,2,4,0,0,20230531,0,,0,0.0,20230531,직영,3347,1430,1370646000,37.49120942,127.02595329,1165010800,서울시,19.8,17.4,서초구,23.0,20.9,3,225.0,0.0,
0,래미안서초스위트,80㎡,서울시 서초구 서초동,1165010800,1301-6,서울시 서초구 서운로 221,37.502179,127.020359,392,16,31,21,277,13,505,삼성물산(주),HT005,80.1,59.99,75,3,2,68,계단식,2129400,3521070,425880,965790,1309392,1091160,218232,,290590,216593,"19억 5,000","20억 5,000",,,,,,,서울서초초등학교,B100000764,서울특별시 서초구 서초동 1310-6,공립,단설,19801004,서울특별시교육청,http://seocho.sen.es.kr,20230531,25.3,27.8,531,496,20230531,7,52,5,6,6,6,6,7,144,164,172,173,172,,1,5,36,1027,1,2,0,0,20230531,15,,0,0.0,20230531,직영,3385,1084,1057499000,37.49924318,127.02411499,1165010800,서울시,19.8,17.4,서초구,23.0,20.9,7,197.0,166.0,
1,래미안서초스위트,112A㎡,서울시 서초구 서초동,1165010800,1301-6,서울시 서초구 서운로 221,37.502179,127.020359,392,16,31,21,277,13,505,삼성물산(주),HT005,112.74,84.95,75,3,2,139,계단식,2853000,4642650,570600,1219050,3007440,2506200,501240,,411491,306707,,23억,,,1억/400,8억/120,1억/400,8억/120,서울서초초등학교,B100000764,서울특별시 서초구 서초동 1310-6,공립,단설,19801004,서울특별시교육청,http://seocho.sen.es.kr,20230531,25.3,27.8,531,496,20230531,7,52,5,6,6,6,6,7,144,164,172,173,172,,1,5,36,1027,1,2,0,0,20230531,15,,0,0.0,20230531,직영,3385,1084,1057499000,37.49924318,127.02411499,1165010800,서울시,19.8,17.4,서초구,23.0,20.9,7,197.0,166.0,
2,래미안서초스위트,114B㎡,서울시 서초구 서초동,1165010800,1301-6,서울시 서초구 서운로 221,37.502179,127.020359,392,16,31,21,277,13,505,삼성물산(주),HT005,114.81,84.97,74,3,2,20,계단식,2818800,4589640,563760,1207080,2922624,2435520,487104,,411564,306762,,,,,,7억/150,,7억/150,서울서초초등학교,B100000764,서울특별시 서초구 서초동 1310-6,공립,단설,19801004,서울특별시교육청,http://seocho.sen.es.kr,20230531,25.3,27.8,531,496,20230531,7,52,5,6,6,6,6,7,144,164,172,173,172,,1,5,36,1027,1,2,0,0,20230531,15,,0,0.0,20230531,직영,3385,1084,1057499000,37.49924318,127.02411499,1165010800,서울시,19.8,17.4,서초구,23.0,20.9,7,197.0,166.0,
3,래미안서초스위트,125A㎡,서울시 서초구 서초동,1165010800,1301-6,서울시 서초구 서운로 221,37.502179,127.020359,392,16,31,21,277,13,505,삼성물산(주),HT005,125.96,95.75,76,3,2,60,계단식,3081600,4996980,616320,1299060,3574368,2978640,595728,,463793,345691,,26억,,12억,,1억/420,,1억/420,서울서초초등학교,B100000764,서울특별시 서초구 서초동 1310-6,공립,단설,19801004,서울특별시교육청,http://seocho.sen.es.kr,20230531,25.3,27.8,531,496,20230531,7,52,5,6,6,6,6,7,144,164,172,173,172,,1,5,36,1027,1,2,0,0,20230531,15,,0,0.0,20230531,직영,3385,1084,1057499000,37.49924318,127.02411499,1165010800,서울시,19.8,17.4,서초구,23.0,20.9,7,197.0,166.0,
4,래미안서초스위트,125B㎡,서울시 서초구 서초동,1165010800,1301-6,서울시 서초구 서운로 221,37.502179,127.020359,392,16,31,21,277,13,505,삼성물산(주),HT005,125.85,95.8,76,3,2,58,계단식,3081600,4996980,616320,1299060,3574368,2978640,595728,,464047,345880,,26억,,,,1억/420,,1억/420,서울서초초등학교,B100000764,서울특별시 서초구 서초동 1310-6,공립,단설,19801004,서울특별시교육청,http://seocho.sen.es.kr,20230531,25.3,27.8,531,496,20230531,7,52,5,6,6,6,6,7,144,164,172,173,172,,1,5,36,1027,1,2,0,0,20230531,15,,0,0.0,20230531,직영,3385,1084,1057499000,37.49924318,127.02411499,1165010800,서울시,19.8,17.4,서초구,23.0,20.9,7,197.0,166.0,
5,래미안서초스위트,125C,서울시 서초구 서초동,1165010800,1301-6,서울시 서초구 서운로 221,37.502179,127.020359,392,16,31,21,277,13,505,삼성물산(주),HT005,125.95,95.65,76,3,2,31,계단식,3081600,4996980,616320,1299060,3574368,2978640,595728,,463321,345339,,26억,,,,1억/420,,1억/420,서울서초초등학교,B100000764,서울특별시 서초구 서초동 1310-6,공립,단설,19801004,서울특별시교육청,http://seocho.sen.es.kr,20230531,25.3,27.8,531,496,20230531,7,52,5,6,6,6,6,7,144,164,172,173,172,,1,5,36,1027,1,2,0,0,20230531,15,,0,0.0,20230531,직영,3385,1084,1057499000,37.49924318,127.02411499,1165010800,서울시,19.8,17.4,서초구,23.0,20.9,7,197.0,166.0,
0,래미안서초에스티지,85A㎡,서울시 서초구 서초동,1165010800,1332-13,서울시 서초구 서운로 107,37.492833,127.025172,421,65,33,15,299,18,621,삼성물산(주),HT005,85.16,59.99,70,3,2,15,계단식,2203200,3635460,440640,991620,1433376,1194480,238896,,287540,236119,,,,,,,,,서울서이초등학교,B100000762,서울특별시 서초구 서초동 1334-2번지(서운로 85),공립,단설,19831203,서울특별시교육청,http://seo2.sen.es.kr,20230531,19.7,30.3,672,753,20230531,6,66,9,8,8,7,8,7,239,266,238,205,252,,0,0,47,1425,2,4,0,0,20230531,0,,0,0.0,20230531,직영,3347,1430,1370646000,37.49120942,127.02595329,1165010800,서울시,19.8,17.4,서초구,23.0,20.9,2,225.0,0.0,
1,래미안서초에스티지,85B㎡,서울시 서초구 서초동,1165010800,1332-13,서울시 서초구 서운로 107,37.492833,127.025172,421,65,33,15,299,18,621,삼성물산(주),HT005,85.76,59.99,70,3,2,5,계단식,2176200,3593610,435240,982170,1388016,1156680,231336,,287540,236119,,,,,,,,,서울서이초등학교,B100000762,서울특별시 서초구 서초동 1334-2번지(서운로 85),공립,단설,19831203,서울특별시교육청,http://seo2.sen.es.kr,20230531,19.7,30.3,672,753,20230531,6,66,9,8,8,7,8,7,239,266,238,205,252,,0,0,47,1425,2,4,0,0,20230531,0,,0,0.0,20230531,직영,3347,1430,1370646000,37.49120942,127.02595329,1165010800,서울시,19.8,17.4,서초구,23.0,20.9,2,225.0,0.0,
2,래미안서초에스티지,109B㎡,서울시 서초구 서초동,1165010800,1332-13,서울시 서초구 서운로 107,37.492833,127.025172,421,65,33,15,299,18,621,삼성물산(주),HT005,109.34,83.99,77,3,2,24,계단식,3079800,4994190,615960,1298430,3569904,2974920,594984,,402575,330582,,,,,,5억/290,,5억/290,서울서이초등학교,B100000762,서울특별시 서초구 서초동 1334-2번지(서운로 85),공립,단설,19831203,서울특별시교육청,http://seo2.sen.es.kr,20230531,19.7,30.3,672,753,20230531,6,66,9,8,8,7,8,7,239,266,238,205,252,,0,0,47,1425,2,4,0,0,20230531,0,,0,0.0,20230531,직영,3347,1430,1370646000,37.49120942,127.02595329,1165010800,서울시,19.8,17.4,서초구,23.0,20.9,2,225.0,0.0,
3,래미안서초에스티지,110C㎡,서울시 서초구 서초동,1165010800,1332-13,서울시 서초구 서운로 107,37.492833,127.025172,421,65,33,15,299,18,621,삼성물산(주),HT005,110.37,83.6,76,3,2,94,계단식,3079800,4994190,615960,1298430,3569904,2974920,594984,,400705,329047,25억,"27억 5,000",,"12억 5,000",,,,,서울서이초등학교,B100000762,서울특별시 서초구 서초동 1334-2번지(서운로 85),공립,단설,19831203,서울특별시교육청,http://seo2.sen.es.kr,20230531,19.7,30.3,672,753,20230531,6,66,9,8,8,7,8,7,239,266,238,205,252,,0,0,47,1425,2,4,0,0,20230531,0,,0,0.0,20230531,직영,3347,1430,1370646000,37.49120942,127.02595329,1165010800,서울시,19.8,17.4,서초구,23.0,20.9,2,225.0,0.0,
4,래미안서초에스티지,111A㎡,서울시 서초구 서초동,1165010800,1332-13,서울시 서초구 서운로 107,37.492833,127.025172,421,65,33,15,299,18,621,삼성물산(주),HT005,111.18,83.6,75,3,2,93,계단식,3117600,5052780,623520,1311660,3663648,3053040,610608,,400705,329047,25억,29억,,"12억 5,000",1억/480,8억/200,1억/480,8억/200,서울서이초등학교,B100000762,서울특별시 서초구 서초동 1334-2번지(서운로 85),공립,단설,19831203,서울특별시교육청,http://seo2.sen.es.kr,20230531,19.7,30.3,672,753,20230531,6,66,9,8,8,7,8,7,239,266,238,205,252,,0,0,47,1425,2,4,0,0,20230531,0,,0,0.0,20230531,직영,3347,1430,1370646000,37.49120942,127.02595329,1165010800,서울시,19.8,17.4,서초구,23.0,20.9,2,225.0,0.0,
5,래미안서초에스티지,134A㎡,서울시 서초구 서초동,1165010800,1332-13,서울시 서초구 서운로 107,37.492833,127.025172,421,65,33,15,299,18,621,삼성물산(주),HT005,134.94,101.55,75,3,2,30,계단식,3555000,5730750,711000,1464750,5396400,4497000,899400,,486742,399698,"28억 5,000","29억 5,000",15억,"16억 5,000",,,,,서울서이초등학교,B100000762,서울특별시 서초구 서초동 1334-2번지(서운로 85),공립,단설,19831203,서울특별시교육청,http://seo2.sen.es.kr,20230531,19.7,30.3,672,753,20230531,6,66,9,8,8,7,8,7,239,266,238,205,252,,0,0,47,1425,2,4,0,0,20230531,0,,0,0.0,20230531,직영,3347,1430,1370646000,37.49120942,127.02595329,1165010800,서울시,19.8,17.4,서초구,23.0,20.9,2,225.0,0.0,
6,래미안서초에스티지,134B㎡,서울시 서초구 서초동,1165010800,1332-13,서울시 서초구 서운로 107,37.492833,127.025172,421,65,33,15,299,18,621,삼성물산(주),HT005,134.47,101.55,76,3,2,30,계단식,3555000,5730750,711000,1464750,5396400,4497000,899400,,486742,399698,"29억 5,000","29억 7,000",,15억,,6억/400,,6억/400,서울서이초등학교,B100000762,서울특별시 서초구 서초동 1334-2번지(서운로 85),공립,단설,19831203,서울특별시교육청,http://seo2.sen.es.kr,20230531,19.7,30.3,672,753,20230531,6,66,9,8,8,7,8,7,239,266,238,205,252,,0,0,47,1425,2,4,0,0,20230531,0,,0,0.0,20230531,직영,3347,1430,1370646000,37.49120942,127.02595329,1165010800,서울시,19.8,17.4,서초구,23.0,20.9,2,225.0,0.0,
7,래미안서초에스티지,156㎡,서울시 서초구 서초동,1165010800,1332-13,서울시 서초구 서운로 107,37.492833,127.025172,421,65,33,15,299,18,621,삼성물산(주),HT005,156.68,125.79,80,4,2,31,계단식,3735000,6009750,747000,1527750,6130800,5109000,1021800,,602928,495106,,35억,,,,,,,서울서이초등학교,B100000762,서울특별시 서초구 서초동 1334-2번지(서운로 85),공립,단설,19831203,서울특별시교육청,http://seo2.sen.es.kr,20230531,19.7,30.3,672,753,20230531,6,66,9,8,8,7,8,7,239,266,238,205,252,,0,0,47,1425,2,4,0,0,20230531,0,,0,0.0,20230531,직영,3347,1430,1370646000,37.49120942,127.02595329,1165010800,서울시,19.8,17.4,서초구,23.0,20.9,2,225.0,0.0,
8,래미안서초에스티지,160P㎡,서울시 서초구 서초동,1165010800,1332-13,서울시 서초구 서운로 107,37.492833,127.025172,421,65,33,15,299,18,621,삼성물산(주),HT005,160.11,121.99,76,4,2,1,계단식,3691800,5942790,738360,1512630,5954544,4962120,992424,,584714,480149,,,,,,,,,서울서이초등학교,B100000762,서울특별시 서초구 서초동 1334-2번지(서운로 85),공립,단설,19831203,서울특별시교육청,http://seo2.sen.es.kr,20230531,19.7,30.3,672,753,20230531,6,66,9,8,8,7,8,7,239,266,238,205,252,,0,0,47,1425,2,4,0,0,20230531,0,,0,0.0,20230531,직영,3347,1430,1370646000,37.49120942,127.02595329,1165010800,서울시,19.8,17.4,서초구,23.0,20.9,2,225.0,0.0,
9,래미안서초에스티지,174㎡,서울시 서초구 서초동,1165010800,1332-13,서울시 서초구 서운로 107,37.492833,127.025172,421,65,33,15,299,18,621,삼성물산(주),HT005,174.17,139.99,80,4,2,31,계단식,3897000,6260850,779400,1584450,6791760,5659800,1131960,,670990,550997,,38억,,,2억/740,13억/280,2억/740,13억/280,서울서이초등학교,B100000762,서울특별시 서초구 서초동 1334-2번지(서운로 85),공립,단설,19831203,서울특별시교육청,http://seo2.sen.es.kr,20230531,19.7,30.3,672,753,20230531,6,66,9,8,8,7,8,7,239,266,238,205,252,,0,0,47,1425,2,4,0,0,20230531,0,,0,0.0,20230531,직영,3347,1430,1370646000,37.49120942,127.02595329,1165010800,서울시,19.8,17.4,서초구,23.0,20.9,2,225.0,0.0,
10,래미안서초에스티지,182P㎡,서울시 서초구 서초동,1165010800,1332-13,서울시 서초구 서운로 107,37.492833,127.025172,421,65,33,15,299,18,621,삼성물산(주),HT005,182.53,144.99,79,4,2,1,계단식,3972600,6378030,794520,1610910,7100208,5916840,1183368,,694956,570677,,,,,,,,,서울서이초등학교,B100000762,서울특별시 서초구 서초동 1334-2번지(서운로 85),공립,단설,19831203,서울특별시교육청,http://seo2.sen.es.kr,20230531,19.7,30.3,672,753,20230531,6,66,9,8,8,7,8,7,239,266,238,205,252,,0,0,47,1425,2,4,0,0,20230531,0,,0,0.0,20230531,직영,3347,1430,1370646000,37.49120942,127.02595329,1165010800,서울시,19.8,17.4,서초구,23.0,20.9,2,225.0,0.0,
11,래미안서초에스티지,183P,서울시 서초구 서초동,1165010800,1332-13,서울시 서초구 서운로 107,37.492833,127.025172,421,65,33,15,299,18,621,삼성물산(주),HT005,183.93,134.99,73,4,2,1,계단식,3897000,6260850,779400,1584450,6791760,5659800,1131960,,647024,531317,,,,,,,,,서울서이초등학교,B100000762,서울특별시 서초구 서초동 1334-2번지(서운로 85),공립,단설,19831203,서울특별시교육청,http://seo2.sen.es.kr,20230531,19.7,30.3,672,753,20230531,6,66,9,8,8,7,8,7,239,266,238,205,252,,0,0,47,1425,2,4,0,0,20230531,0,,0,0.0,20230531,직영,3347,1430,1370646000,37.49120942,127.02595329,1165010800,서울시,19.8,17.4,서초구,23.0,20.9,2,225.0,0.0,
0,래미안서초에스티지S,111A㎡,서울시 서초구 서초동,1165010800,1754,서울시 서초구 서운로 104,37.492859,127.027121,593,91,32,16,299,19,854,삼성물산(주),HT005,111.13,84.8,76,3,2,173,계단식,,,,,,,,,371415,312023,,30억,"12억 5,000",15억,3억/400,10억/120,3억/400,10억/120,서울서이초등학교,B100000762,서울특별시 서초구 서초동 1334-2번지(서운로 85),공립,단설,19831203,서울특별시교육청,http://seo2.sen.es.kr,20230531,19.7,30.3,672,753,20230531,6,66,9,8,8,7,8,7,239,266,238,205,252,,0,0,47,1425,2,4,0,0,20230531,0,,0,0.0,20230531,직영,3347,1430,1370646000,37.49120942,127.02595329,1165010800,서울시,19.8,17.4,서초구,23.0,20.9,3,225.0,0.0,
1,래미안서초에스티지S,111C㎡,서울시 서초구 서초동,1165010800,1754,서울시 서초구 서운로 104,37.492859,127.027121,593,91,32,16,299,19,854,삼성물산(주),HT005,111.42,84.96,76,3,2,112,계단식,,,,,,,,,372116,312611,"25억 8,000",28억,,13억,5억/360,10억/120,5억/360,10억/120,서울서이초등학교,B100000762,서울특별시 서초구 서초동 1334-2번지(서운로 85),공립,단설,19831203,서울특별시교육청,http://seo2.sen.es.kr,20230531,19.7,30.3,672,753,20230531,6,66,9,8,8,7,8,7,239,266,238,205,252,,0,0,47,1425,2,4,0,0,20230531,0,,0,0.0,20230531,직영,3347,1430,1370646000,37.49120942,127.02595329,1165010800,서울시,19.8,17.4,서초구,23.0,20.9,3,225.0,0.0,
2,래미안서초에스티지S,112B㎡,서울시 서초구 서초동,1165010800,1754,서울시 서초구 서운로 104,37.492859,127.027121,593,91,32,16,299,19,854,삼성물산(주),HT005,112.07,84.17,75,3,2,61,계단식,,,,,,,,,368656,309704,26억,"26억 5,000",,13억,,,,,서울서이초등학교,B100000762,서울특별시 서초구 서초동 1334-2번지(서운로 85),공립,단설,19831203,서울특별시교육청,http://seo2.sen.es.kr,20230531,19.7,30.3,672,753,20230531,6,66,9,8,8,7,8,7,239,266,238,205,252,,0,0,47,1425,2,4,0,0,20230531,0,,0,0.0,20230531,직영,3347,1430,1370646000,37.49120942,127.02595329,1165010800,서울시,19.8,17.4,서초구,23.0,20.9,3,225.0,0.0,
3,래미안서초에스티지S,144A㎡,서울시 서초구 서초동,1165010800,1754,서울시 서초구 서운로 104,37.492859,127.027121,593,91,32,16,299,19,854,삼성물산(주),HT005,144.67,111.89,77,4,2,31,계단식,,,,,,,,,490067,411700,,35억,,,,,,,서울서이초등학교,B100000762,서울특별시 서초구 서초동 1334-2번지(서운로 85),공립,단설,19831203,서울특별시교육청,http://seo2.sen.es.kr,20230531,19.7,30.3,672,753,20230531,6,66,9,8,8,7,8,7,239,266,238,205,252,,0,0,47,1425,2,4,0,0,20230531,0,,0,0.0,20230531,직영,3347,1430,1370646000,37.49120942,127.02595329,1165010800,서울시,19.8,17.4,서초구,23.0,20.9,3,225.0,0.0,
4,래미안서초에스티지S,144B㎡,서울시 서초구 서초동,1165010800,1754,서울시 서초구 서운로 104,37.492859,127.027121,593,91,32,16,299,19,854,삼성물산(주),HT005,144.83,111.95,77,4,2,17,계단식,,,,,,,,,490330,411921,32억,36억,,,,"5,000/720",,"5,000/720",서울서이초등학교,B100000762,서울특별시 서초구 서초동 1334-2번지(서운로 85),공립,단설,19831203,서울특별시교육청,http://seo2.sen.es.kr,20230531,19.7,30.3,672,753,20230531,6,66,9,8,8,7,8,7,239,266,238,205,252,,0,0,47,1425,2,4,0,0,20230531,0,,0,0.0,20230531,직영,3347,1430,1370646000,37.49120942,127.02595329,1165010800,서울시,19.8,17.4,서초구,23.0,20.9,3,225.0,0.0,
5,래미안서초에스티지S,145C㎡,서울시 서초구 서초동,1165010800,1754,서울시 서초구 서운로 104,37.492859,127.027121,593,91,32,16,299,19,854,삼성물산(주),HT005,145.17,111.01,76,4,2,56,계단식,,,,,,,,,486213,408462,33억,34억,,,,7억/240,,7억/240,서울서이초등학교,B100000762,서울특별시 서초구 서초동 1334-2번지(서운로 85),공립,단설,19831203,서울특별시교육청,http://seo2.sen.es.kr,20230531,19.7,30.3,672,753,20230531,6,66,9,8,8,7,8,7,239,266,238,205,252,,0,0,47,1425,2,4,0,0,20230531,0,,0,0.0,20230531,직영,3347,1430,1370646000,37.49120942,127.02595329,1165010800,서울시,19.8,17.4,서초구,23.0,20.9,3,225.0,0.0,
6,래미안서초에스티지S,171,서울시 서초구 서초동,1165010800,1754,서울시 서초구 서운로 104,37.492859,127.027121,593,91,32,16,299,19,854,삼성물산(주),HT005,171.74,134.27,78,4,2,52,계단식,,,,,,,,,588089,494048,38억,42억,,,,,,,서울서이초등학교,B100000762,서울특별시 서초구 서초동 1334-2번지(서운로 85),공립,단설,19831203,서울특별시교육청,http://seo2.sen.es.kr,20230531,19.7,30.3,672,753,20230531,6,66,9,8,8,7,8,7,239,266,238,205,252,,0,0,47,1425,2,4,0,0,20230531,0,,0,0.0,20230531,직영,3347,1430,1370646000,37.49120942,127.02595329,1165010800,서울시,19.8,17.4,서초구,23.0,20.9,3,225.0,0.0,
0,래미안서초유니빌(주상복합),46A-1㎡,서울시 서초구 서초동,1165010800,1445-4,서울시 서초구 서초중앙로 26,37.484562,127.016915,440,0,24,18,977,59,364,삼성물산(주),HT001,46.34,34.05,73,1,1,16,복도식,,,,,,,,,139460,159518,"3억 9,000",4억,,3억,,"1,000/100",,"1,000/100",서울서일초등학교,B100000763,서울특별시 서초구 서초동 1436-8번지,공립,단설,19861016,서울특별시교육청,http://seoulseoil.sen.es.kr,20230531,20.3,20.8,266,232,20230531,4,33,3,4,4,4,4,4,72,79,88,78,93,,1,5,23,498,1,4,0,0,20230531,6,,0,0.0,20230531,직영,3377,558,615924000,37.48478772,127.02260429,1165010800,서울시,19.8,17.4,서초구,23.0,20.9,11,83.0,87.0,
1,래미안서초유니빌(주상복합),48B-1㎡,서울시 서초구 서초동,1165010800,1445-4,서울시 서초구 서초중앙로 26,37.484562,127.016915,440,0,24,18,977,59,364,삼성물산(주),HT001,48.15,35.38,73,1,1,16,복도식,,,,,,,,,144911,165753,,,,,,,,,서울서일초등학교,B100000763,서울특별시 서초구 서초동 1436-8번지,공립,단설,19861016,서울특별시교육청,http://seoulseoil.sen.es.kr,20230531,20.3,20.8,266,232,20230531,4,33,3,4,4,4,4,4,72,79,88,78,93,,1,5,23,498,1,4,0,0,20230531,6,,0,0.0,20230531,직영,3377,558,615924000,37.48478772,127.02260429,1165010800,서울시,19.8,17.4,서초구,23.0,20.9,11,83.0,87.0,
2,래미안서초유니빌(주상복합),49C-1㎡,서울시 서초구 서초동,1165010800,1445-4,서울시 서초구 서초중앙로 26,37.484562,127.016915,440,0,24,18,977,59,364,삼성물산(주),HT001,49.81,36.59,73,1,1,16,복도식,,,,,,,,,149891,171450,,"3억 9,000",,"2억 8,000",,,,,서울서일초등학교,B100000763,서울특별시 서초구 서초동 1436-8번지,공립,단설,19861016,서울특별시교육청,http://seoulseoil.sen.es.kr,20230531,20.3,20.8,266,232,20230531,4,33,3,4,4,4,4,4,72,79,88,78,93,,1,5,23,498,1,4,0,0,20230531,6,,0,0.0,20230531,직영,3377,558,615924000,37.48478772,127.02260429,1165010800,서울시,19.8,17.4,서초구,23.0,20.9,11,83.0,87.0,
3,래미안서초유니빌(주상복합),50D-1㎡,서울시 서초구 서초동,1165010800,1445-4,서울시 서초구 서초중앙로 26,37.484562,127.016915,440,0,24,18,977,59,364,삼성물산(주),HT001,50.13,36.83,73,1,1,16,복도식,,,,,,,,,150870,172569,,,,,,,,,서울서일초등학교,B100000763,서울특별시 서초구 서초동 1436-8번지,공립,단설,19861016,서울특별시교육청,http://seoulseoil.sen.es.kr,20230531,20.3,20.8,266,232,20230531,4,33,3,4,4,4,4,4,72,79,88,78,93,,1,5,23,498,1,4,0,0,20230531,6,,0,0.0,20230531,직영,3377,558,615924000,37.48478772,127.02260429,1165010800,서울시,19.8,17.4,서초구,23.0,20.9,11,83.0,87.0,
4,래미안서초유니빌(주상복합),57A-2㎡,서울시 서초구 서초동,1165010800,1445-4,서울시 서초구 서초중앙로 26,37.484562,127.016915,440,0,24,18,977,59,364,삼성물산(주),HT001,57.16,42,73,1,1,22,복도식,,,,,,,,,172011,196751,,,,,,,,,서울서일초등학교,B100000763,서울특별시 서초구 서초동 1436-8번지,공립,단설,19861016,서울특별시교육청,http://seoulseoil.sen.es.kr,20230531,20.3,20.8,266,232,20230531,4,33,3,4,4,4,4,4,72,79,88,78,93,,1,5,23,498,1,4,0,0,20230531,6,,0,0.0,20230531,직영,3377,558,615924000,37.48478772,127.02260429,1165010800,서울시,19.8,17.4,서초구,23.0,20.9,11,83.0,87.0,
5,래미안서초유니빌(주상복합),59B-2㎡,서울시 서초구 서초동,1165010800,1445-4,서울시 서초구 서초중앙로 26,37.484562,127.016915,440,0,24,18,977,59,364,삼성물산(주),HT001,59.37,43.62,73,1,1,22,복도식,,,,,,,,,178666,204363,,"4억 6,000",,,,,,,서울서일초등학교,B100000763,서울특별시 서초구 서초동 1436-8번지,공립,단설,19861016,서울특별시교육청,http://seoulseoil.sen.es.kr,20230531,20.3,20.8,266,232,20230531,4,33,3,4,4,4,4,4,72,79,88,78,93,,1,5,23,498,1,4,0,0,20230531,6,,0,0.0,20230531,직영,3377,558,615924000,37.48478772,127.02260429,1165010800,서울시,19.8,17.4,서초구,23.0,20.9,11,83.0,87.0,
6,래미안서초유니빌(주상복합),60C-2㎡,서울시 서초구 서초동,1165010800,1445-4,서울시 서초구 서초중앙로 26,37.484562,127.016915,440,0,24,18,977,59,364,삼성물산(주),HT001,60.49,44.44,73,1,1,16,복도식,,,,,,,,,182033,208214,,,,,,,,,서울서일초등학교,B100000763,서울특별시 서초구 서초동 1436-8번지,공립,단설,19861016,서울특별시교육청,http://seoulseoil.sen.es.kr,20230531,20.3,20.8,266,232,20230531,4,33,3,4,4,4,4,4,72,79,88,78,93,,1,5,23,498,1,4,0,0,20230531,6,,0,0.0,20230531,직영,3377,558,615924000,37.48478772,127.02260429,1165010800,서울시,19.8,17.4,서초구,23.0,20.9,11,83.0,87.0,
7,래미안서초유니빌(주상복합),61D-2㎡,서울시 서초구 서초동,1165010800,1445-4,서울시 서초구 서초중앙로 26,37.484562,127.016915,440,0,24,18,977,59,364,삼성물산(주),HT001,61.59,45.25,73,1,1,144,복도식,,,,,,,,,185342,211999,"4억 5,000","6억 2,000","3억 3,000","3억 5,000","2,000/110","2억 5,000/35","2,000/110","2억 5,000/35",서울서일초등학교,B100000763,서울특별시 서초구 서초동 1436-8번지,공립,단설,19861016,서울특별시교육청,http://seoulseoil.sen.es.kr,20230531,20.3,20.8,266,232,20230531,4,33,3,4,4,4,4,4,72,79,88,78,93,,1,5,23,498,1,4,0,0,20230531,6,,0,0.0,20230531,직영,3377,558,615924000,37.48478772,127.02260429,1165010800,서울시,19.8,17.4,서초구,23.0,20.9,11,83.0,87.0,
8,래미안서초유니빌(주상복합),61F-2㎡,서울시 서초구 서초동,1165010800,1445-4,서울시 서초구 서초중앙로 26,37.484562,127.016915,440,0,24,18,977,59,364,삼성물산(주),HT001,61.59,45.25,73,1,1,22,복도식,,,,,,,,,185337,211994,"5억 2,000","6억 5,000",,"3억 4,000",,"2,000/130",,"2,000/130",서울서일초등학교,B100000763,서울특별시 서초구 서초동 1436-8번지,공립,단설,19861016,서울특별시교육청,http://seoulseoil.sen.es.kr,20230531,20.3,20.8,266,232,20230531,4,33,3,4,4,4,4,4,72,79,88,78,93,,1,5,23,498,1,4,0,0,20230531,6,,0,0.0,20230531,직영,3377,558,615924000,37.48478772,127.02260429,1165010800,서울시,19.8,17.4,서초구,23.0,20.9,11,83.0,87.0,
9,래미안서초유니빌(주상복합),61E-2㎡,서울시 서초구 서초동,1165010800,1445-4,서울시 서초구 서초중앙로 26,37.484562,127.016915,440,0,24,18,977,59,364,삼성물산(주),HT001,61.59,45.25,73,1,1,16,복도식,,,,,,,,,199196,236096,"4억 6,000",5억,,,,,,,서울서일초등학교,B100000763,서울특별시 서초구 서초동 1436-8번지,공립,단설,19861016,서울특별시교육청,http://seoulseoil.sen.es.kr,20230531,20.3,20.8,266,232,20230531,4,33,3,4,4,4,4,4,72,79,88,78,93,,1,5,23,498,1,4,0,0,20230531,6,,0,0.0,20230531,직영,3377,558,615924000,37.48478772,127.02260429,1165010800,서울시,19.8,17.4,서초구,23.0,20.9,11,83.0,87.0,
10,래미안서초유니빌(주상복합),63A-3㎡,서울시 서초구 서초동,1165010800,1445-4,서울시 서초구 서초중앙로 26,37.484562,127.016915,440,0,24,18,977,59,364,삼성물산(주),HT001,63.08,46.35,73,1,1,5,복도식,,,,,,,,,189826,217129,,,,,,,,,서울서일초등학교,B100000763,서울특별시 서초구 서초동 1436-8번지,공립,단설,19861016,서울특별시교육청,http://seoulseoil.sen.es.kr,20230531,20.3,20.8,266,232,20230531,4,33,3,4,4,4,4,4,72,79,88,78,93,,1,5,23,498,1,4,0,0,20230531,6,,0,0.0,20230531,직영,3377,558,615924000,37.48478772,127.02260429,1165010800,서울시,19.8,17.4,서초구,23.0,20.9,11,83.0,87.0,
11,래미안서초유니빌(주상복합),64G-2㎡,서울시 서초구 서초동,1165010800,1445-4,서울시 서초구 서초중앙로 26,37.484562,127.016915,440,0,24,18,977,59,364,삼성물산(주),HT001,64.45,47.35,73,1,1,22,복도식,,,,,,,,,193950,221846,"4억 7,000","5억 8,000",,,,,,,서울서일초등학교,B100000763,서울특별시 서초구 서초동 1436-8번지,공립,단설,19861016,서울특별시교육청,http://seoulseoil.sen.es.kr,20230531,20.3,20.8,266,232,20230531,4,33,3,4,4,4,4,4,72,79,88,78,93,,1,5,23,498,1,4,0,0,20230531,6,,0,0.0,20230531,직영,3377,558,615924000,37.48478772,127.02260429,1165010800,서울시,19.8,17.4,서초구,23.0,20.9,11,83.0,87.0,
12,래미안서초유니빌(주상복합),67B-3㎡,서울시 서초구 서초동,1165010800,1445-4,서울시 서초구 서초중앙로 26,37.484562,127.016915,440,0,24,18,977,59,364,삼성물산(주),HT001,67.7,49.74,73,1,1,21,복도식,,,,,,,,,203731,233033,,7억,,"4억 8,000",,,,,서울서일초등학교,B100000763,서울특별시 서초구 서초동 1436-8번지,공립,단설,19861016,서울특별시교육청,http://seoulseoil.sen.es.kr,20230531,20.3,20.8,266,232,20230531,4,33,3,4,4,4,4,4,72,79,88,78,93,,1,5,23,498,1,4,0,0,20230531,6,,0,0.0,20230531,직영,3377,558,615924000,37.48478772,127.02260429,1165010800,서울시,19.8,17.4,서초구,23.0,20.9,11,83.0,87.0,
13,래미안서초유니빌(주상복합),68C-3㎡,서울시 서초구 서초동,1165010800,1445-4,서울시 서초구 서초중앙로 26,37.484562,127.016915,440,0,24,18,977,59,364,삼성물산(주),HT001,68.3,50.19,73,1,1,22,복도식,,,,,,,,,205553,235117,,"7억 4,000",,"4억 7,500",,,,,서울서일초등학교,B100000763,서울특별시 서초구 서초동 1436-8번지,공립,단설,19861016,서울특별시교육청,http://seoulseoil.sen.es.kr,20230531,20.3,20.8,266,232,20230531,4,33,3,4,4,4,4,4,72,79,88,78,93,,1,5,23,498,1,4,0,0,20230531,6,,0,0.0,20230531,직영,3377,558,615924000,37.48478772,127.02260429,1165010800,서울시,19.8,17.4,서초구,23.0,20.9,11,83.0,87.0,
14,래미안서초유니빌(주상복합),68D-3㎡,서울시 서초구 서초동,1165010800,1445-4,서울시 서초구 서초중앙로 26,37.484562,127.016915,440,0,24,18,977,59,364,삼성물산(주),HT001,68.59,50.4,73,1,1,8,복도식,,,,,,,,,206413,236101,7억,"7억 2,000",,,,"5,000/200",,"5,000/200",서울서일초등학교,B100000763,서울특별시 서초구 서초동 1436-8번지,공립,단설,19861016,서울특별시교육청,http://seoulseoil.sen.es.kr,20230531,20.3,20.8,266,232,20230531,4,33,3,4,4,4,4,4,72,79,88,78,93,,1,5,23,498,1,4,0,0,20230531,6,,0,0.0,20230531,직영,3377,558,615924000,37.48478772,127.02260429,1165010800,서울시,19.8,17.4,서초구,23.0,20.9,11,83.0,87.0,
15,래미안서초유니빌(주상복합),70E-3㎡,서울시 서초구 서초동,1165010800,1445-4,서울시 서초구 서초중앙로 26,37.484562,127.016915,440,0,24,18,977,59,364,삼성물산(주),HT001,70.43,51.75,73,1,1,4,복도식,,,,,,,,,211942,242425,,,,,,,,,서울서일초등학교,B100000763,서울특별시 서초구 서초동 1436-8번지,공립,단설,19861016,서울특별시교육청,http://seoulseoil.sen.es.kr,20230531,20.3,20.8,266,232,20230531,4,33,3,4,4,4,4,4,72,79,88,78,93,,1,5,23,498,1,4,0,0,20230531,6,,0,0.0,20230531,직영,3377,558,615924000,37.48478772,127.02260429,1165010800,서울시,19.8,17.4,서초구,23.0,20.9,11,83.0,87.0,
16,래미안서초유니빌(주상복합),76A-4㎡,서울시 서초구 서초동,1165010800,1445-4,서울시 서초구 서초중앙로 26,37.484562,127.016915,440,0,24,18,977,59,364,삼성물산(주),HT001,76.68,56.34,73,1,1,15,복도식,,,,,,,,,230757,263946,,,,,,,,,서울서일초등학교,B100000763,서울특별시 서초구 서초동 1436-8번지,공립,단설,19861016,서울특별시교육청,http://seoulseoil.sen.es.kr,20230531,20.3,20.8,266,232,20230531,4,33,3,4,4,4,4,4,72,79,88,78,93,,1,5,23,498,1,4,0,0,20230531,6,,0,0.0,20230531,직영,3377,558,615924000,37.48478772,127.02260429,1165010800,서울시,19.8,17.4,서초구,23.0,20.9,11,83.0,87.0,
17,래미안서초유니빌(주상복합),79B-4㎡,서울시 서초구 서초동,1165010800,1445-4,서울시 서초구 서초중앙로 26,37.484562,127.016915,440,0,24,18,977,59,364,삼성물산(주),HT001,79.75,58.6,73,1,1,15,복도식,,,,,,,,,240000,274519,,"7억 5,000",,,,,,,서울서일초등학교,B100000763,서울특별시 서초구 서초동 1436-8번지,공립,단설,19861016,서울특별시교육청,http://seoulseoil.sen.es.kr,20230531,20.3,20.8,266,232,20230531,4,33,3,4,4,4,4,4,72,79,88,78,93,,1,5,23,498,1,4,0,0,20230531,6,,0,0.0,20230531,직영,3377,558,615924000,37.48478772,127.02260429,1165010800,서울시,19.8,17.4,서초구,23.0,20.9,11,83.0,87.0,
18,래미안서초유니빌(주상복합),82A-5㎡,서울시 서초구 서초동,1165010800,1445-4,서울시 서초구 서초중앙로 26,37.484562,127.016915,440,0,24,18,977,59,364,삼성물산(주),HT001,82.54,60.65,73,1,1,1,복도식,,,,,,,,,248392,284118,,,,,,,,,서울서일초등학교,B100000763,서울특별시 서초구 서초동 1436-8번지,공립,단설,19861016,서울특별시교육청,http://seoulseoil.sen.es.kr,20230531,20.3,20.8,266,232,20230531,4,33,3,4,4,4,4,4,72,79,88,78,93,,1,5,23,498,1,4,0,0,20230531,6,,0,0.0,20230531,직영,3377,558,615924000,37.48478772,127.02260429,1165010800,서울시,19.8,17.4,서초구,23.0,20.9,11,83.0,87.0,
19,래미안서초유니빌(주상복합),90B-5㎡,서울시 서초구 서초동,1165010800,1445-4,서울시 서초구 서초중앙로 26,37.484562,127.016915,440,0,24,18,977,59,364,삼성물산(주),HT001,90.38,66.41,73,1,1,16,복도식,,,,,,,,,272002,311124,,"8억 5,000",,,,"3,000/200",,"3,000/200",서울서일초등학교,B100000763,서울특별시 서초구 서초동 1436-8번지,공립,단설,19861016,서울특별시교육청,http://seoulseoil.sen.es.kr,20230531,20.3,20.8,266,232,20230531,4,33,3,4,4,4,4,4,72,79,88,78,93,,1,5,23,498,1,4,0,0,20230531,6,,0,0.0,20230531,직영,3377,558,615924000,37.48478772,127.02260429,1165010800,서울시,19.8,17.4,서초구,23.0,20.9,11,83.0,87.0,
20,래미안서초유니빌(주상복합),90C-5,서울시 서초구 서초동,1165010800,1445-4,서울시 서초구 서초중앙로 26,37.484562,127.016915,440,0,24,18,977,59,364,삼성물산(주),HT001,90.38,66.41,73,1,1,5,복도식,,,,,,,,,272002,311124,,"10억 6,000",,,,,,,서울서일초등학교,B100000763,서울특별시 서초구 서초동 1436-8번지,공립,단설,19861016,서울특별시교육청,http://seoulseoil.sen.es.kr,20230531,20.3,20.8,266,232,20230531,4,33,3,4,4,4,4,4,72,79,88,78,93,,1,5,23,498,1,4,0,0,20230531,6,,0,0.0,20230531,직영,3377,558,615924000,37.48478772,127.02260429,1165010800,서울시,19.8,17.4,서초구,23.0,20.9,11,83.0,87.0,
0,로얄파크,93㎡,서울시 서초구 서초동,1165010800,1527-13,서울시 서초구 효령로45길 11,37.484204,127.008541,13,0,7,6,232,42,22,에스씨건설주식회사,HT001,93.53,83.44,89,3,2,1,계단식,275400,649260,55080,318780,0,0,0,,,,,,,,,,,,서울신중초등학교,B100000768,서울특별시 서초구 서초동 1466-6번지,공립,단설,19360601,서울특별시교육청,http://sinjung.sen.es.kr,20230531,21.0,22.5,455,378,20230531,4,57,5,6,6,6,7,6,130,124,135,138,166,,1,5,36,833,1,3,0,0,20230531,10,,0,0.0,20230531,직영,3385,931,831091000,37.4801795,127.0093516,1165010800,서울시,19.8,17.4,서초구,23.0,20.9,8,135.0,162.0,
1,로얄파크,97㎡,서울시 서초구 서초동,1165010800,1527-13,서울시 서초구 효령로45길 11,37.484204,127.008541,13,0,7,6,232,42,22,에스씨건설주식회사,HT001,97.12,86.65,89,3,2,1,계단식,273600,645840,54720,317520,0,0,0,,,,,,,,,,,,서울신중초등학교,B100000768,서울특별시 서초구 서초동 1466-6번지,공립,단설,19360601,서울특별시교육청,http://sinjung.sen.es.kr,20230531,21.0,22.5,455,378,20230531,4,57,5,6,6,6,7,6,130,124,135,138,166,,1,5,36,833,1,3,0,0,20230531,10,,0,0.0,20230531,직영,3385,931,831091000,37.4801795,127.0093516,1165010800,서울시,19.8,17.4,서초구,23.0,20.9,8,135.0,162.0,
2,로얄파크,114㎡,서울시 서초구 서초동,1165010800,1527-13,서울시 서초구 효령로45길 11,37.484204,127.008541,13,0,7,6,232,42,22,에스씨건설주식회사,HT001,114.59,102.23,89,3,2,1,계단식,329400,751860,65880,356580,0,0,0,,,,,,,,,,,,서울신중초등학교,B100000768,서울특별시 서초구 서초동 1466-6번지,공립,단설,19360601,서울특별시교육청,http://sinjung.sen.es.kr,20230531,21.0,22.5,455,378,20230531,4,57,5,6,6,6,7,6,130,124,135,138,166,,1,5,36,833,1,3,0,0,20230531,10,,0,0.0,20230531,직영,3385,931,831091000,37.4801795,127.0093516,1165010800,서울시,19.8,17.4,서초구,23.0,20.9,8,135.0,162.0,
3,로얄파크,132㎡,서울시 서초구 서초동,1165010800,1527-13,서울시 서초구 효령로45길 11,37.484204,127.008541,13,0,7,6,232,42,22,에스씨건설주식회사,HT001,132.67,118.35,89,4,2,1,계단식,505575,1060920,101115,454230,0,0,0,,,,,,,,,,,,서울신중초등학교,B100000768,서울특별시 서초구 서초동 1466-6번지,공립,단설,19360601,서울특별시교육청,http://sinjung.sen.es.kr,20230531,21.0,22.5,455,378,20230531,4,57,5,6,6,6,7,6,130,124,135,138,166,,1,5,36,833,1,3,0,0,20230531,10,,0,0.0,20230531,직영,3385,931,831091000,37.4801795,127.0093516,1165010800,서울시,19.8,17.4,서초구,23.0,20.9,8,135.0,162.0,
4,로얄파크,145㎡,서울시 서초구 서초동,1165010800,1527-13,서울시 서초구 효령로45길 11,37.484204,127.008541,13,0,7,6,232,42,22,에스씨건설주식회사,HT001,145.6,129.89,89,4,2,1,계단식,601650,1214640,120330,492660,0,0,0,,,,,,,,,,,,서울신중초등학교,B100000768,서울특별시 서초구 서초동 1466-6번지,공립,단설,19360601,서울특별시교육청,http://sinjung.sen.es.kr,20230531,21.0,22.5,455,378,20230531,4,57,5,6,6,6,7,6,130,124,135,138,166,,1,5,36,833,1,3,0,0,20230531,10,,0,0.0,20230531,직영,3385,931,831091000,37.4801795,127.0093516,1165010800,서울시,19.8,17.4,서초구,23.0,20.9,8,135.0,162.0,
5,로얄파크,151㎡,서울시 서초구 서초동,1165010800,1527-13,서울시 서초구 효령로45길 11,37.484204,127.008541,13,0,7,6,232,42,22,에스씨건설주식회사,HT001,151.2,134.88,89,4,2,4,계단식,652050,1295280,130410,512820,0,0,0,,,,,,,,,,,,서울신중초등학교,B100000768,서울특별시 서초구 서초동 1466-6번지,공립,단설,19360601,서울특별시교육청,http://sinjung.sen.es.kr,20230531,21.0,22.5,455,378,20230531,4,57,5,6,6,6,7,6,130,124,135,138,166,,1,5,36,833,1,3,0,0,20230531,10,,0,0.0,20230531,직영,3385,931,831091000,37.4801795,127.0093516,1165010800,서울시,19.8,17.4,서초구,23.0,20.9,8,135.0,162.0,
6,로얄파크,164,서울시 서초구 서초동,1165010800,1527-13,서울시 서초구 효령로45길 11,37.484204,127.008541,13,0,7,6,232,42,22,에스씨건설주식회사,HT001,164.29,146.56,89,4,2,4,계단식,999000,1768950,199800,570150,0,0,0,,,,,,,,,,,,서울신중초등학교,B100000768,서울특별시 서초구 서초동 1466-6번지,공립,단설,19360601,서울특별시교육청,http://sinjung.sen.es.kr,20230531,21.0,22.5,455,378,20230531,4,57,5,6,6,6,7,6,130,124,135,138,166,,1,5,36,833,1,3,0,0,20230531,10,,0,0.0,20230531,직영,3385,931,831091000,37.4801795,127.0093516,1165010800,서울시,19.8,17.4,서초구,23.0,20.9,8,135.0,162.0,
0,로얄하이츠,107㎡,서울시 서초구 서초동,1165010800,1471-5,서울시 서초구 반포대로3길 45,37.481179,127.009938,12,0,6,6,243,47,21,대봉에스케이(주),HT001,107.03,97.86,91,3,2,2,계단식,357300,804870,71460,376110,0,0,0,,,,,,,,,,,,서울신중초등학교,B100000768,서울특별시 서초구 서초동 1466-6번지,공립,단설,19360601,서울특별시교육청,http://sinjung.sen.es.kr,20230531,21.0,22.5,455,378,20230531,4,57,5,6,6,6,7,6,130,124,135,138,166,,1,5,36,833,1,3,0,0,20230531,10,,0,0.0,20230531,직영,3385,931,831091000,37.4801795,127.0093516,1165010800,서울시,19.8,17.4,서초구,23.0,20.9,3,135.0,162.0,
1,로얄하이츠,153,서울시 서초구 서초동,1165010800,1471-5,서울시 서초구 반포대로3길 45,37.481179,127.009938,12,0,6,6,243,47,21,대봉에스케이(주),HT001,153.68,140.51,91,4,2,10,계단식,700875,1373400,140175,532350,0,0,0,,,,,"15억 9,000",,,,,,,서울신중초등학교,B100000768,서울특별시 서초구 서초동 1466-6번지,공립,단설,19360601,서울특별시교육청,http://sinjung.sen.es.kr,20230531,21.0,22.5,455,378,20230531,4,57,5,6,6,6,7,6,130,124,135,138,166,,1,5,36,833,1,3,0,0,20230531,10,,0,0.0,20230531,직영,3385,931,831091000,37.4801795,127.0093516,1165010800,서울시,19.8,17.4,서초구,23.0,20.9,3,135.0,162.0,
0,롯데캐슬SPA,207㎡,서울시 서초구 서초동,1165010800,1647-1,서울시 서초구 사임당로23길 12,37.49088,127.02138,58,0,15,14,299,23,200,롯데건설(주),HT001,207.68,182.74,88,5,2,2,계단식,1825200,3049560,365040,859320,798336,665280,133056,,,,,,,,,,,,서울서이초등학교,B100000762,서울특별시 서초구 서초동 1334-2번지(서운로 85),공립,단설,19831203,서울특별시교육청,http://seo2.sen.es.kr,20230531,19.7,30.3,672,753,20230531,6,66,9,8,8,7,8,7,239,266,238,205,252,,0,0,47,1425,2,4,0,0,20230531,0,,0,0.0,20230531,직영,3347,1430,1370646000,37.49120942,127.02595329,1165010800,서울시,19.8,17.4,서초구,23.0,20.9,6,225.0,0.0,
1,롯데캐슬SPA,220㎡,서울시 서초구 서초동,1165010800,1647-1,서울시 서초구 사임당로23길 12,37.49088,127.02138,58,0,15,14,299,23,200,롯데건설(주),HT001,220.45,194.51,88,5,2,54,계단식,2268000,3735900,453600,1014300,1556640,1297200,259440,,,,,,,,,,,,서울서이초등학교,B100000762,서울특별시 서초구 서초동 1334-2번지(서운로 85),공립,단설,19831203,서울특별시교육청,http://seo2.sen.es.kr,20230531,19.7,30.3,672,753,20230531,6,66,9,8,8,7,8,7,239,266,238,205,252,,0,0,47,1425,2,4,0,0,20230531,0,,0,0.0,20230531,직영,3347,1430,1370646000,37.49120942,127.02595329,1165010800,서울시,19.8,17.4,서초구,23.0,20.9,6,225.0,0.0,
2,롯데캐슬SPA,275,서울시 서초구 서초동,1165010800,1647-1,서울시 서초구 사임당로23길 12,37.49088,127.02138,58,0,15,14,299,23,200,롯데건설(주),HT001,275.29,241.17,88,5,4,2,계단식,2550600,4173930,510120,1113210,2257488,1881240,376248,,,,,,,,,,,,서울서이초등학교,B100000762,서울특별시 서초구 서초동 1334-2번지(서운로 85),공립,단설,19831203,서울특별시교육청,http://seo2.sen.es.kr,20230531,19.7,30.3,672,753,20230531,6,66,9,8,8,7,8,7,239,266,238,205,252,,0,0,47,1425,2,4,0,0,20230531,0,,0,0.0,20230531,직영,3347,1430,1370646000,37.49120942,127.02595329,1165010800,서울시,19.8,17.4,서초구,23.0,20.9,6,225.0,0.0,
0,롯데캐슬주피터,110㎡,서울시 서초구 서초동,1165010800,1359-50,서울시 서초구 서운로6길 15-20,37.486377,127.030403,110,0,12,9,271,30,289,롯데건설,HT001,110.44,95.33,86,3,2,2,계단식,1292400,2223720,258480,672840,0,0,0,,,,,,,,,,,,서울서일초등학교,B100000763,서울특별시 서초구 서초동 1436-8번지,공립,단설,19861016,서울특별시교육청,http://seoulseoil.sen.es.kr,20230531,20.3,20.8,266,232,20230531,4,33,3,4,4,4,4,4,72,79,88,78,93,,1,5,23,498,1,4,0,0,20230531,6,,0,0.0,20230531,직영,3377,558,615924000,37.48478772,127.02260429,1165010800,서울시,19.8,17.4,서초구,23.0,20.9,15,83.0,87.0,
1,롯데캐슬주피터,114㎡,서울시 서초구 서초동,1165010800,1359-50,서울시 서초구 서운로6길 15-20,37.486377,127.030403,110,0,12,9,271,30,289,롯데건설,HT001,114.01,99.23,87,3,2,4,계단식,1326600,2276730,265320,684810,0,0,0,,,,"18억 4,000","18억 7,000",,,,,,,서울서일초등학교,B100000763,서울특별시 서초구 서초동 1436-8번지,공립,단설,19861016,서울특별시교육청,http://seoulseoil.sen.es.kr,20230531,20.3,20.8,266,232,20230531,4,33,3,4,4,4,4,4,72,79,88,78,93,,1,5,23,498,1,4,0,0,20230531,6,,0,0.0,20230531,직영,3377,558,615924000,37.48478772,127.02260429,1165010800,서울시,19.8,17.4,서초구,23.0,20.9,15,83.0,87.0,
2,롯데캐슬주피터,116㎡,서울시 서초구 서초동,1165010800,1359-50,서울시 서초구 서운로6길 15-20,37.486377,127.030403,110,0,12,9,271,30,289,롯데건설,HT001,116.72,101.73,87,3,2,2,계단식,1477800,2511090,295560,737730,214704,178920,35784,,,,,,,,,,,,서울서일초등학교,B100000763,서울특별시 서초구 서초동 1436-8번지,공립,단설,19861016,서울특별시교육청,http://seoulseoil.sen.es.kr,20230531,20.3,20.8,266,232,20230531,4,33,3,4,4,4,4,4,72,79,88,78,93,,1,5,23,498,1,4,0,0,20230531,6,,0,0.0,20230531,직영,3377,558,615924000,37.48478772,127.02260429,1165010800,서울시,19.8,17.4,서초구,23.0,20.9,15,83.0,87.0,
3,롯데캐슬주피터,133㎡,서울시 서초구 서초동,1165010800,1359-50,서울시 서초구 서운로6길 15-20,37.486377,127.030403,110,0,12,9,271,30,289,롯데건설,HT001,133.16,114.2,86,3,2,1,계단식,1459800,2483190,291960,731430,184464,153720,30744,,,,,,,,,,,,서울서일초등학교,B100000763,서울특별시 서초구 서초동 1436-8번지,공립,단설,19861016,서울특별시교육청,http://seoulseoil.sen.es.kr,20230531,20.3,20.8,266,232,20230531,4,33,3,4,4,4,4,4,72,79,88,78,93,,1,5,23,498,1,4,0,0,20230531,6,,0,0.0,20230531,직영,3377,558,615924000,37.48478772,127.02260429,1165010800,서울시,19.8,17.4,서초구,23.0,20.9,15,83.0,87.0,
4,롯데캐슬주피터,145A㎡,서울시 서초구 서초동,1165010800,1359-50,서울시 서초구 서운로6길 15-20,37.486377,127.030403,110,0,12,9,271,30,289,롯데건설,HT001,145.58,125.58,86,3,2,2,계단식,1711800,2873790,342360,819630,607824,506520,101304,,,,,,,,,,,,서울서일초등학교,B100000763,서울특별시 서초구 서초동 1436-8번지,공립,단설,19861016,서울특별시교육청,http://seoulseoil.sen.es.kr,20230531,20.3,20.8,266,232,20230531,4,33,3,4,4,4,4,4,72,79,88,78,93,,1,5,23,498,1,4,0,0,20230531,6,,0,0.0,20230531,직영,3377,558,615924000,37.48478772,127.02260429,1165010800,서울시,19.8,17.4,서초구,23.0,20.9,15,83.0,87.0,
5,롯데캐슬주피터,146B㎡,서울시 서초구 서초동,1165010800,1359-50,서울시 서초구 서운로6길 15-20,37.486377,127.030403,110,0,12,9,271,30,289,롯데건설,HT001,146.66,127.67,87,3,2,2,계단식,1524600,2583630,304920,754110,293328,244440,48888,,,,,,,,,,,,서울서일초등학교,B100000763,서울특별시 서초구 서초동 1436-8번지,공립,단설,19861016,서울특별시교육청,http://seoulseoil.sen.es.kr,20230531,20.3,20.8,266,232,20230531,4,33,3,4,4,4,4,4,72,79,88,78,93,,1,5,23,498,1,4,0,0,20230531,6,,0,0.0,20230531,직영,3377,558,615924000,37.48478772,127.02260429,1165010800,서울시,19.8,17.4,서초구,23.0,20.9,15,83.0,87.0,
6,롯데캐슬주피터,148㎡,서울시 서초구 서초동,1165010800,1359-50,서울시 서초구 서운로6길 15-20,37.486377,127.030403,110,0,12,9,271,30,289,롯데건설,HT001,148.81,129.66,87,3,2,2,계단식,1632600,2751030,326520,791910,474768,395640,79128,,,,,,,,,,,,서울서일초등학교,B100000763,서울특별시 서초구 서초동 1436-8번지,공립,단설,19861016,서울특별시교육청,http://seoulseoil.sen.es.kr,20230531,20.3,20.8,266,232,20230531,4,33,3,4,4,4,4,4,72,79,88,78,93,,1,5,23,498,1,4,0,0,20230531,6,,0,0.0,20230531,직영,3377,558,615924000,37.48478772,127.02260429,1165010800,서울시,19.8,17.4,서초구,23.0,20.9,15,83.0,87.0,
7,롯데캐슬주피터,150A㎡,서울시 서초구 서초동,1165010800,1359-50,서울시 서초구 서운로6길 15-20,37.486377,127.030403,110,0,12,9,271,30,289,롯데건설,HT001,150.9,130.66,87,3,2,2,계단식,1866600,3113730,373320,873810,867888,723240,144648,,,,,,,,,,,,서울서일초등학교,B100000763,서울특별시 서초구 서초동 1436-8번지,공립,단설,19861016,서울특별시교육청,http://seoulseoil.sen.es.kr,20230531,20.3,20.8,266,232,20230531,4,33,3,4,4,4,4,4,72,79,88,78,93,,1,5,23,498,1,4,0,0,20230531,6,,0,0.0,20230531,직영,3377,558,615924000,37.48478772,127.02260429,1165010800,서울시,19.8,17.4,서초구,23.0,20.9,15,83.0,87.0,
8,롯데캐슬주피터,153B㎡,서울시 서초구 서초동,1165010800,1359-50,서울시 서초구 서운로6길 15-20,37.486377,127.030403,110,0,12,9,271,30,289,롯데건설,HT001,153.07,131.99,86,3,2,1,계단식,1632600,2751030,326520,791910,474768,395640,79128,,,,,,,,,,,,서울서일초등학교,B100000763,서울특별시 서초구 서초동 1436-8번지,공립,단설,19861016,서울특별시교육청,http://seoulseoil.sen.es.kr,20230531,20.3,20.8,266,232,20230531,4,33,3,4,4,4,4,4,72,79,88,78,93,,1,5,23,498,1,4,0,0,20230531,6,,0,0.0,20230531,직영,3377,558,615924000,37.48478772,127.02260429,1165010800,서울시,19.8,17.4,서초구,23.0,20.9,15,83.0,87.0,
9,롯데캐슬주피터,158㎡,서울시 서초구 서초동,1165010800,1359-50,서울시 서초구 서운로6길 15-20,37.486377,127.030403,110,0,12,9,271,30,289,롯데건설,HT001,158.06,138.97,88,4,2,14,계단식,1866600,3113730,373320,873810,867888,723240,144648,,,,,,,,,,,,서울서일초등학교,B100000763,서울특별시 서초구 서초동 1436-8번지,공립,단설,19861016,서울특별시교육청,http://seoulseoil.sen.es.kr,20230531,20.3,20.8,266,232,20230531,4,33,3,4,4,4,4,4,72,79,88,78,93,,1,5,23,498,1,4,0,0,20230531,6,,0,0.0,20230531,직영,3377,558,615924000,37.48478772,127.02260429,1165010800,서울시,19.8,17.4,서초구,23.0,20.9,15,83.0,87.0,
10,롯데캐슬주피터,171B㎡,서울시 서초구 서초동,1165010800,1359-50,서울시 서초구 서운로6길 15-20,37.486377,127.030403,110,0,12,9,271,30,289,롯데건설,HT001,171.79,150.56,88,4,2,2,계단식,1951200,3244860,390240,903420,1010016,841680,168336,,,,,,,,,,,,서울서일초등학교,B100000763,서울특별시 서초구 서초동 1436-8번지,공립,단설,19861016,서울특별시교육청,http://seoulseoil.sen.es.kr,20230531,20.3,20.8,266,232,20230531,4,33,3,4,4,4,4,4,72,79,88,78,93,,1,5,23,498,1,4,0,0,20230531,6,,0,0.0,20230531,직영,3377,558,615924000,37.48478772,127.02260429,1165010800,서울시,19.8,17.4,서초구,23.0,20.9,15,83.0,87.0,
11,롯데캐슬주피터,172A㎡,서울시 서초구 서초동,1165010800,1359-50,서울시 서초구 서운로6길 15-20,37.486377,127.030403,110,0,12,9,271,30,289,롯데건설,HT001,172.17,150.09,87,4,2,2,계단식,1697400,2851470,339480,814590,583632,486360,97272,,,,,,,,,,,,서울서일초등학교,B100000763,서울특별시 서초구 서초동 1436-8번지,공립,단설,19861016,서울특별시교육청,http://seoulseoil.sen.es.kr,20230531,20.3,20.8,266,232,20230531,4,33,3,4,4,4,4,4,72,79,88,78,93,,1,5,23,498,1,4,0,0,20230531,6,,0,0.0,20230531,직영,3377,558,615924000,37.48478772,127.02260429,1165010800,서울시,19.8,17.4,서초구,23.0,20.9,15,83.0,87.0,
12,롯데캐슬주피터,175㎡,서울시 서초구 서초동,1165010800,1359-50,서울시 서초구 서운로6길 15-20,37.486377,127.030403,110,0,12,9,271,30,289,롯데건설,HT001,175.7,152.86,87,4,2,2,계단식,1978200,3286710,395640,912870,1055376,879480,175896,,,,,24억,,,,,,,서울서일초등학교,B100000763,서울특별시 서초구 서초동 1436-8번지,공립,단설,19861016,서울특별시교육청,http://seoulseoil.sen.es.kr,20230531,20.3,20.8,266,232,20230531,4,33,3,4,4,4,4,4,72,79,88,78,93,,1,5,23,498,1,4,0,0,20230531,6,,0,0.0,20230531,직영,3377,558,615924000,37.48478772,127.02260429,1165010800,서울시,19.8,17.4,서초구,23.0,20.9,15,83.0,87.0,
13,롯데캐슬주피터,184A㎡,서울시 서초구 서초동,1165010800,1359-50,서울시 서초구 서운로6길 15-20,37.486377,127.030403,110,0,12,9,271,30,289,롯데건설,HT001,184.2,161.12,87,4,2,1,계단식,2035800,3375990,407160,933030,1152144,960120,192024,,,,,,,,,,,,서울서일초등학교,B100000763,서울특별시 서초구 서초동 1436-8번지,공립,단설,19861016,서울특별시교육청,http://seoulseoil.sen.es.kr,20230531,20.3,20.8,266,232,20230531,4,33,3,4,4,4,4,4,72,79,88,78,93,,1,5,23,498,1,4,0,0,20230531,6,,0,0.0,20230531,직영,3377,558,615924000,37.48478772,127.02260429,1165010800,서울시,19.8,17.4,서초구,23.0,20.9,15,83.0,87.0,
14,롯데캐슬주피터,186B㎡,서울시 서초구 서초동,1165010800,1359-50,서울시 서초구 서운로6길 15-20,37.486377,127.030403,110,0,12,9,271,30,289,롯데건설,HT001,186.25,162.41,87,4,2,36,계단식,2089800,3459690,417960,951930,1242864,1035720,207144,,,,,,,13억,,,,,서울서일초등학교,B100000763,서울특별시 서초구 서초동 1436-8번지,공립,단설,19861016,서울특별시교육청,http://seoulseoil.sen.es.kr,20230531,20.3,20.8,266,232,20230531,4,33,3,4,4,4,4,4,72,79,88,78,93,,1,5,23,498,1,4,0,0,20230531,6,,0,0.0,20230531,직영,3377,558,615924000,37.48478772,127.02260429,1165010800,서울시,19.8,17.4,서초구,23.0,20.9,15,83.0,87.0,
15,롯데캐슬주피터,187㎡,서울시 서초구 서초동,1165010800,1359-50,서울시 서초구 서운로6길 15-20,37.486377,127.030403,110,0,12,9,271,30,289,롯데건설,HT001,187.99,164.05,87,3,2,27,계단식,2089800,3459690,417960,951930,1242864,1035720,207144,,,,,,,13억,,11억/70,,11억/70,서울서일초등학교,B100000763,서울특별시 서초구 서초동 1436-8번지,공립,단설,19861016,서울특별시교육청,http://seoulseoil.sen.es.kr,20230531,20.3,20.8,266,232,20230531,4,33,3,4,4,4,4,4,72,79,88,78,93,,1,5,23,498,1,4,0,0,20230531,6,,0,0.0,20230531,직영,3377,558,615924000,37.48478772,127.02260429,1165010800,서울시,19.8,17.4,서초구,23.0,20.9,15,83.0,87.0,
16,롯데캐슬주피터,195㎡,서울시 서초구 서초동,1165010800,1359-50,서울시 서초구 서운로6길 15-20,37.486377,127.030403,110,0,12,9,271,30,289,롯데건설,HT001,195,170.22,87,4,2,1,계단식,2104200,3482010,420840,956970,1267056,1055880,211176,,,,,,,,,,,,서울서일초등학교,B100000763,서울특별시 서초구 서초동 1436-8번지,공립,단설,19861016,서울특별시교육청,http://seoulseoil.sen.es.kr,20230531,20.3,20.8,266,232,20230531,4,33,3,4,4,4,4,4,72,79,88,78,93,,1,5,23,498,1,4,0,0,20230531,6,,0,0.0,20230531,직영,3377,558,615924000,37.48478772,127.02260429,1165010800,서울시,19.8,17.4,서초구,23.0,20.9,15,83.0,87.0,
17,롯데캐슬주피터,197,서울시 서초구 서초동,1165010800,1359-50,서울시 서초구 서운로6길 15-20,37.486377,127.030403,110,0,12,9,271,30,289,롯데건설,HT001,197.29,172.33,87,4,2,7,계단식,2104200,3482010,420840,956970,1267056,1055880,211176,,,,,,,,,,,,서울서일초등학교,B100000763,서울특별시 서초구 서초동 1436-8번지,공립,단설,19861016,서울특별시교육청,http://seoulseoil.sen.es.kr,20230531,20.3,20.8,266,232,20230531,4,33,3,4,4,4,4,4,72,79,88,78,93,,1,5,23,498,1,4,0,0,20230531,6,,0,0.0,20230531,직영,3377,558,615924000,37.48478772,127.02260429,1165010800,서울시,19.8,17.4,서초구,23.0,20.9,15,83.0,87.0,
0,롯데캐슬클래식,94㎡,서울시 서초구 서초동,1165010800,1312-3,서울시 서초구 서운로 197,37.500515,127.021806,990,0,27,15,296,16,1442,롯데건설(주),HT005,94.91,74.3,78,3,2,214,계단식,2379600,3908880,475920,1053360,1833408,1527840,305568,,333230,224308,21억,23억,9억,"9억 5,000",1억/320,3억/260,1억/320,3억/260,서울서초초등학교,B100000764,서울특별시 서초구 서초동 1310-6,공립,단설,19801004,서울특별시교육청,http://seocho.sen.es.kr,20230531,25.3,27.8,531,496,20230531,7,52,5,6,6,6,6,7,144,164,172,173,172,,1,5,36,1027,1,2,0,0,20230531,15,,0,0.0,20230531,직영,3385,1084,1057499000,37.49924318,127.02411499,1165010800,서울시,19.8,17.4,서초구,23.0,20.9,1,197.0,166.0,
1,롯데캐슬클래식,106㎡,서울시 서초구 서초동,1165010800,1312-3,서울시 서초구 서운로 197,37.500515,127.021806,990,0,27,15,296,16,1442,롯데건설(주),HT005,106.52,84.98,80,3,2,346,계단식,2683800,4380390,536760,1159830,2587824,2156520,431304,,381129,256550,22억,24억,10억,12억,1억/370,10억/50,1억/370,10억/50,서울서초초등학교,B100000764,서울특별시 서초구 서초동 1310-6,공립,단설,19801004,서울특별시교육청,http://seocho.sen.es.kr,20230531,25.3,27.8,531,496,20230531,7,52,5,6,6,6,6,7,144,164,172,173,172,,1,5,36,1027,1,2,0,0,20230531,15,,0,0.0,20230531,직영,3385,1084,1057499000,37.49924318,127.02411499,1165010800,서울시,19.8,17.4,서초구,23.0,20.9,1,197.0,166.0,
2,롯데캐슬클래식,142㎡,서울시 서초구 서초동,1165010800,1312-3,서울시 서초구 서운로 197,37.500515,127.021806,990,0,27,15,296,16,1442,롯데건설(주),HT005,142.14,120.18,85,5,2,294,계단식,3117600,5052780,623520,1311660,3663648,3053040,610608,,538998,362817,29억,36억,"12억 4,000",13억,5억/300,5억/320,5억/300,5억/320,서울서초초등학교,B100000764,서울특별시 서초구 서초동 1310-6,공립,단설,19801004,서울특별시교육청,http://seocho.sen.es.kr,20230531,25.3,27.8,531,496,20230531,7,52,5,6,6,6,6,7,144,164,172,173,172,,1,5,36,1027,1,2,0,0,20230531,15,,0,0.0,20230531,직영,3385,1084,1057499000,37.49924318,127.02411499,1165010800,서울시,19.8,17.4,서초구,23.0,20.9,1,197.0,166.0,
3,롯데캐슬클래식,154,서울시 서초구 서초동,1165010800,1312-3,서울시 서초구 서운로 197,37.500515,127.021806,990,0,27,15,296,16,1442,롯데건설(주),HT005,154.9,133.45,86,5,2,136,계단식,3187800,5161590,637560,1336230,3898224,3248520,649704,,598513,402878,31억,37억,,,5억/300,5억/350,5억/300,5억/350,서울서초초등학교,B100000764,서울특별시 서초구 서초동 1310-6,공립,단설,19801004,서울특별시교육청,http://seocho.sen.es.kr,20230531,25.3,27.8,531,496,20230531,7,52,5,6,6,6,6,7,144,164,172,173,172,,1,5,36,1027,1,2,0,0,20230531,15,,0,0.0,20230531,직영,3385,1084,1057499000,37.49924318,127.02411499,1165010800,서울시,19.8,17.4,서초구,23.0,20.9,1,197.0,166.0,
0,루컴즈힐서리풀,103C㎡,서울시 서초구 서초동,1165010800,1496-6,서울시 서초구 명달로 97-13,37.485958,127.003153,28,0,7,7,199,38,43,주)포스코에이앤씨건축사사무소,HT001,103.58,78.55,76,3,2,3,계단식,,,,,,,,,,,,"17억 5,000",,,,,,,서울신중초등학교,B100000768,서울특별시 서초구 서초동 1466-6번지,공립,단설,19360601,서울특별시교육청,http://sinjung.sen.es.kr,20230531,21.0,22.5,455,378,20230531,4,57,5,6,6,6,7,6,130,124,135,138,166,,1,5,36,833,1,3,0,0,20230531,10,,0,0.0,20230531,직영,3385,931,831091000,37.4801795,127.0093516,1165010800,서울시,19.8,17.4,서초구,23.0,20.9,17,135.0,162.0,
1,루컴즈힐서리풀,103J㎡,서울시 서초구 서초동,1165010800,1496-6,서울시 서초구 명달로 97-13,37.485958,127.003153,28,0,7,7,199,38,43,주)포스코에이앤씨건축사사무소,HT001,103.85,78.76,76,2,2,1,계단식,,,,,,,,,,,,,,,,,,,서울신중초등학교,B100000768,서울특별시 서초구 서초동 1466-6번지,공립,단설,19360601,서울특별시교육청,http://sinjung.sen.es.kr,20230531,21.0,22.5,455,378,20230531,4,57,5,6,6,6,7,6,130,124,135,138,166,,1,5,36,833,1,3,0,0,20230531,10,,0,0.0,20230531,직영,3385,931,831091000,37.4801795,127.0093516,1165010800,서울시,19.8,17.4,서초구,23.0,20.9,17,135.0,162.0,
2,루컴즈힐서리풀,105I㎡,서울시 서초구 서초동,1165010800,1496-6,서울시 서초구 명달로 97-13,37.485958,127.003153,28,0,7,7,199,38,43,주)포스코에이앤씨건축사사무소,HT001,105.41,79.94,76,2,2,1,계단식,,,,,,,,,,,,17억,,,,,,,서울신중초등학교,B100000768,서울특별시 서초구 서초동 1466-6번지,공립,단설,19360601,서울특별시교육청,http://sinjung.sen.es.kr,20230531,21.0,22.5,455,378,20230531,4,57,5,6,6,6,7,6,130,124,135,138,166,,1,5,36,833,1,3,0,0,20230531,10,,0,0.0,20230531,직영,3385,931,831091000,37.4801795,127.0093516,1165010800,서울시,19.8,17.4,서초구,23.0,20.9,17,135.0,162.0,
3,루컴즈힐서리풀,106H㎡,서울시 서초구 서초동,1165010800,1496-6,서울시 서초구 명달로 97-13,37.485958,127.003153,28,0,7,7,199,38,43,주)포스코에이앤씨건축사사무소,HT001,106.2,80.54,76,2,2,1,계단식,,,,,,,,,,,,,,,,,,,서울신중초등학교,B100000768,서울특별시 서초구 서초동 1466-6번지,공립,단설,19360601,서울특별시교육청,http://sinjung.sen.es.kr,20230531,21.0,22.5,455,378,20230531,4,57,5,6,6,6,7,6,130,124,135,138,166,,1,5,36,833,1,3,0,0,20230531,10,,0,0.0,20230531,직영,3385,931,831091000,37.4801795,127.0093516,1165010800,서울시,19.8,17.4,서초구,23.0,20.9,17,135.0,162.0,
4,루컴즈힐서리풀,106K㎡,서울시 서초구 서초동,1165010800,1496-6,서울시 서초구 명달로 97-13,37.485958,127.003153,28,0,7,7,199,38,43,주)포스코에이앤씨건축사사무소,HT001,106.03,80.41,76,2,2,1,계단식,,,,,,,,,,,,,,,,,,,서울신중초등학교,B100000768,서울특별시 서초구 서초동 1466-6번지,공립,단설,19360601,서울특별시교육청,http://sinjung.sen.es.kr,20230531,21.0,22.5,455,378,20230531,4,57,5,6,6,6,7,6,130,124,135,138,166,,1,5,36,833,1,3,0,0,20230531,10,,0,0.0,20230531,직영,3385,931,831091000,37.4801795,127.0093516,1165010800,서울시,19.8,17.4,서초구,23.0,20.9,17,135.0,162.0,
5,루컴즈힐서리풀,110A㎡,서울시 서초구 서초동,1165010800,1496-6,서울시 서초구 명달로 97-13,37.485958,127.003153,28,0,7,7,199,38,43,주)포스코에이앤씨건축사사무소,HT001,110.5,83.8,76,2,2,12,계단식,,,,,,,,,,,,,,,,,,,서울신중초등학교,B100000768,서울특별시 서초구 서초동 1466-6번지,공립,단설,19360601,서울특별시교육청,http://sinjung.sen.es.kr,20230531,21.0,22.5,455,378,20230531,4,57,5,6,6,6,7,6,130,124,135,138,166,,1,5,36,833,1,3,0,0,20230531,10,,0,0.0,20230531,직영,3385,931,831091000,37.4801795,127.0093516,1165010800,서울시,19.8,17.4,서초구,23.0,20.9,17,135.0,162.0,
6,루컴즈힐서리풀,110B㎡,서울시 서초구 서초동,1165010800,1496-6,서울시 서초구 명달로 97-13,37.485958,127.003153,28,0,7,7,199,38,43,주)포스코에이앤씨건축사사무소,HT001,110.66,83.92,76,2,2,5,계단식,,,,,,,,,,,,,,,,,,,서울신중초등학교,B100000768,서울특별시 서초구 서초동 1466-6번지,공립,단설,19360601,서울특별시교육청,http://sinjung.sen.es.kr,20230531,21.0,22.5,455,378,20230531,4,57,5,6,6,6,7,6,130,124,135,138,166,,1,5,36,833,1,3,0,0,20230531,10,,0,0.0,20230531,직영,3385,931,831091000,37.4801795,127.0093516,1165010800,서울시,19.8,17.4,서초구,23.0,20.9,17,135.0,162.0,
7,루컴즈힐서리풀,110D㎡,서울시 서초구 서초동,1165010800,1496-6,서울시 서초구 명달로 97-13,37.485958,127.003153,28,0,7,7,199,38,43,주)포스코에이앤씨건축사사무소,HT001,110.21,83.58,76,2,2,1,계단식,,,,,,,,,,,,,,,,,,,서울신중초등학교,B100000768,서울특별시 서초구 서초동 1466-6번지,공립,단설,19360601,서울특별시교육청,http://sinjung.sen.es.kr,20230531,21.0,22.5,455,378,20230531,4,57,5,6,6,6,7,6,130,124,135,138,166,,1,5,36,833,1,3,0,0,20230531,10,,0,0.0,20230531,직영,3385,931,831091000,37.4801795,127.0093516,1165010800,서울시,19.8,17.4,서초구,23.0,20.9,17,135.0,162.0,
8,루컴즈힐서리풀,111F㎡,서울시 서초구 서초동,1165010800,1496-6,서울시 서초구 명달로 97-13,37.485958,127.003153,28,0,7,7,199,38,43,주)포스코에이앤씨건축사사무소,HT001,111.24,84.36,76,3,2,1,계단식,,,,,,,,,,,,,,"8억 4,000",,,,,서울신중초등학교,B100000768,서울특별시 서초구 서초동 1466-6번지,공립,단설,19360601,서울특별시교육청,http://sinjung.sen.es.kr,20230531,21.0,22.5,455,378,20230531,4,57,5,6,6,6,7,6,130,124,135,138,166,,1,5,36,833,1,3,0,0,20230531,10,,0,0.0,20230531,직영,3385,931,831091000,37.4801795,127.0093516,1165010800,서울시,19.8,17.4,서초구,23.0,20.9,17,135.0,162.0,
9,루컴즈힐서리풀,112E㎡,서울시 서초구 서초동,1165010800,1496-6,서울시 서초구 명달로 97-13,37.485958,127.003153,28,0,7,7,199,38,43,주)포스코에이앤씨건축사사무소,HT001,112.03,84.96,76,2,2,1,계단식,,,,,,,,,,,,,,,,,,,서울신중초등학교,B100000768,서울특별시 서초구 서초동 1466-6번지,공립,단설,19360601,서울특별시교육청,http://sinjung.sen.es.kr,20230531,21.0,22.5,455,378,20230531,4,57,5,6,6,6,7,6,130,124,135,138,166,,1,5,36,833,1,3,0,0,20230531,10,,0,0.0,20230531,직영,3385,931,831091000,37.4801795,127.0093516,1165010800,서울시,19.8,17.4,서초구,23.0,20.9,17,135.0,162.0,
10,루컴즈힐서리풀,112G,서울시 서초구 서초동,1165010800,1496-6,서울시 서초구 명달로 97-13,37.485958,127.003153,28,0,7,7,199,38,43,주)포스코에이앤씨건축사사무소,HT001,112.03,84.96,76,3,2,1,계단식,,,,,,,,,,,,,,,,,,,서울신중초등학교,B100000768,서울특별시 서초구 서초동 1466-6번지,공립,단설,19360601,서울특별시교육청,http://sinjung.sen.es.kr,20230531,21.0,22.5,455,378,20230531,4,57,5,6,6,6,7,6,130,124,135,138,166,,1,5,36,833,1,3,0,0,20230531,10,,0,0.0,20230531,직영,3385,931,831091000,37.4801795,127.0093516,1165010800,서울시,19.8,17.4,서초구,23.0,20.9,17,135.0,162.0,
0,리안하우스,140A㎡,서울시 서초구 서초동,1165010800,1491-8,서울시 서초구 명달로11길 6,37.483536,127.003765,12,0,7,7,258,53,25,(주)토디아종합건설,HT001,140.9,128.15,91,4,2,1,계단식,776475,1494360,155295,562590,0,0,0,,,,,,,,,,,,서울신중초등학교,B100000768,서울특별시 서초구 서초동 1466-6번지,공립,단설,19360601,서울특별시교육청,http://sinjung.sen.es.kr,20230531,21.0,22.5,455,378,20230531,4,57,5,6,6,6,7,6,130,124,135,138,166,,1,5,36,833,1,3,0,0,20230531,10,,0,0.0,20230531,직영,3385,931,831091000,37.4801795,127.0093516,1165010800,서울시,19.8,17.4,서초구,23.0,20.9,12,135.0,162.0,
1,리안하우스,143B㎡,서울시 서초구 서초동,1165010800,1491-8,서울시 서초구 명달로11길 6,37.483536,127.003765,12,0,7,7,258,53,25,(주)토디아종합건설,HT001,143.77,130.76,91,4,2,5,계단식,1130400,1972620,226080,616140,0,0,0,,,,,,,,,12억/60,,12억/60,서울신중초등학교,B100000768,서울특별시 서초구 서초동 1466-6번지,공립,단설,19360601,서울특별시교육청,http://sinjung.sen.es.kr,20230531,21.0,22.5,455,378,20230531,4,57,5,6,6,6,7,6,130,124,135,138,166,,1,5,36,833,1,3,0,0,20230531,10,,0,0.0,20230531,직영,3385,931,831091000,37.4801795,127.0093516,1165010800,서울시,19.8,17.4,서초구,23.0,20.9,12,135.0,162.0,
2,리안하우스,168,서울시 서초구 서초동,1165010800,1491-8,서울시 서초구 명달로11길 6,37.483536,127.003765,12,0,7,7,258,53,25,(주)토디아종합건설,HT001,168.88,153.6,91,5,3,6,계단식,1542600,2611530,308520,760410,323568,269640,53928,,,,,25억,,13억,,10억/120,,10억/120,서울신중초등학교,B100000768,서울특별시 서초구 서초동 1466-6번지,공립,단설,19360601,서울특별시교육청,http://sinjung.sen.es.kr,20230531,21.0,22.5,455,378,20230531,4,57,5,6,6,6,7,6,130,124,135,138,166,,1,5,36,833,1,3,0,0,20230531,10,,0,0.0,20230531,직영,3385,931,831091000,37.4801795,127.0093516,1165010800,서울시,19.8,17.4,서초구,23.0,20.9,12,135.0,162.0,
0,마샹스1차,104A㎡,서울시 서초구 서초동,1165010800,1466-3,서울시 서초구 명달로4길 76,37.48074,127.010181,17,0,6,6,284,54,24,(주)계명종합건설,HT001,104.73,92.2,88,3,2,1,계단식,360900,811710,72180,378630,0,0,0,,,,,,,,,,,,서울신중초등학교,B100000768,서울특별시 서초구 서초동 1466-6번지,공립,단설,19360601,서울특별시교육청,http://sinjung.sen.es.kr,20230531,21.0,22.5,455,378,20230531,4,57,5,6,6,6,7,6,130,124,135,138,166,,1,5,36,833,1,3,0,0,20230531,10,,0,0.0,20230531,직영,3385,931,831091000,37.4801795,127.0093516,1165010800,서울시,19.8,17.4,서초구,23.0,20.9,2,135.0,162.0,
1,마샹스1차,107B㎡,서울시 서초구 서초동,1165010800,1466-3,서울시 서초구 명달로4길 76,37.48074,127.010181,17,0,6,6,284,54,24,(주)계명종합건설,HT001,107.24,94.4,88,3,2,1,계단식,393300,873270,78660,401310,0,0,0,,,,,,,,,,,,서울신중초등학교,B100000768,서울특별시 서초구 서초동 1466-6번지,공립,단설,19360601,서울특별시교육청,http://sinjung.sen.es.kr,20230531,21.0,22.5,455,378,20230531,4,57,5,6,6,6,7,6,130,124,135,138,166,,1,5,36,833,1,3,0,0,20230531,10,,0,0.0,20230531,직영,3385,931,831091000,37.4801795,127.0093516,1165010800,서울시,19.8,17.4,서초구,23.0,20.9,2,135.0,162.0,
2,마샹스1차,117㎡,서울시 서초구 서초동,1165010800,1466-3,서울시 서초구 명달로4길 76,37.48074,127.010181,17,0,6,6,284,54,24,(주)계명종합건설,HT001,117.25,103.22,88,3,2,9,계단식,533925,1106280,106785,465570,0,0,0,,,,,12억,,,,,,,서울신중초등학교,B100000768,서울특별시 서초구 서초동 1466-6번지,공립,단설,19360601,서울특별시교육청,http://sinjung.sen.es.kr,20230531,21.0,22.5,455,378,20230531,4,57,5,6,6,6,7,6,130,124,135,138,166,,1,5,36,833,1,3,0,0,20230531,10,,0,0.0,20230531,직영,3385,931,831091000,37.4801795,127.0093516,1165010800,서울시,19.8,17.4,서초구,23.0,20.9,2,135.0,162.0,
3,마샹스1차,118㎡,서울시 서초구 서초동,1165010800,1466-3,서울시 서초구 명달로4길 76,37.48074,127.010181,17,0,6,6,284,54,24,(주)계명종합건설,HT001,118.06,103.92,88,3,2,1,계단식,461475,990360,92295,436590,0,0,0,,,,,,,,,,,,서울신중초등학교,B100000768,서울특별시 서초구 서초동 1466-6번지,공립,단설,19360601,서울특별시교육청,http://sinjung.sen.es.kr,20230531,21.0,22.5,455,378,20230531,4,57,5,6,6,6,7,6,130,124,135,138,166,,1,5,36,833,1,3,0,0,20230531,10,,0,0.0,20230531,직영,3385,931,831091000,37.4801795,127.0093516,1165010800,서울시,19.8,17.4,서초구,23.0,20.9,2,135.0,162.0,
4,마샹스1차,135,서울시 서초구 서초동,1165010800,1466-3,서울시 서초구 명달로4길 76,37.48074,127.010181,17,0,6,6,284,54,24,(주)계명종합건설,HT001,135.16,118.98,88,4,2,5,계단식,681975,1343160,136395,524790,0,0,0,,,,,,,,,,,,서울신중초등학교,B100000768,서울특별시 서초구 서초동 1466-6번지,공립,단설,19360601,서울특별시교육청,http://sinjung.sen.es.kr,20230531,21.0,22.5,455,378,20230531,4,57,5,6,6,6,7,6,130,124,135,138,166,,1,5,36,833,1,3,0,0,20230531,10,,0,0.0,20230531,직영,3385,931,831091000,37.4801795,127.0093516,1165010800,서울시,19.8,17.4,서초구,23.0,20.9,2,135.0,162.0,
0,마샹스2차,88㎡,서울시 서초구 서초동,1165010800,1487-144,서울시 서초구 명달로6길 20,37.480575,127.006667,12,0,6,6,264,48,15,(주)계명종합건설,HT001,88.83,79.63,90,3,2,2,계단식,271800,642420,54360,316260,0,0,0,,,,,,,,,,,,서울신중초등학교,B100000768,서울특별시 서초구 서초동 1466-6번지,공립,단설,19360601,서울특별시교육청,http://sinjung.sen.es.kr,20230531,21.0,22.5,455,378,20230531,4,57,5,6,6,6,7,6,130,124,135,138,166,,1,5,36,833,1,3,0,0,20230531,10,,0,0.0,20230531,직영,3385,931,831091000,37.4801795,127.0093516,1165010800,서울시,19.8,17.4,서초구,23.0,20.9,5,135.0,162.0,
1,마샹스2차,109㎡,서울시 서초구 서초동,1165010800,1487-144,서울시 서초구 명달로6길 20,37.480575,127.006667,12,0,6,6,264,48,15,(주)계명종합건설,HT001,109.22,98.03,90,3,2,2,계단식,303300,702270,60660,338310,0,0,0,,,,,,,,,,,,서울신중초등학교,B100000768,서울특별시 서초구 서초동 1466-6번지,공립,단설,19360601,서울특별시교육청,http://sinjung.sen.es.kr,20230531,21.0,22.5,455,378,20230531,4,57,5,6,6,6,7,6,130,124,135,138,166,,1,5,36,833,1,3,0,0,20230531,10,,0,0.0,20230531,직영,3385,931,831091000,37.4801795,127.0093516,1165010800,서울시,19.8,17.4,서초구,23.0,20.9,5,135.0,162.0,
2,마샹스2차,112,서울시 서초구 서초동,1165010800,1487-144,서울시 서초구 명달로6길 20,37.480575,127.006667,12,0,6,6,264,48,15,(주)계명종합건설,HT001,112.26,100.71,90,3,2,8,계단식,359100,808290,71820,377370,0,0,0,,,,,,,,,,,,서울신중초등학교,B100000768,서울특별시 서초구 서초동 1466-6번지,공립,단설,19360601,서울특별시교육청,http://sinjung.sen.es.kr,20230531,21.0,22.5,455,378,20230531,4,57,5,6,6,6,7,6,130,124,135,138,166,,1,5,36,833,1,3,0,0,20230531,10,,0,0.0,20230531,직영,3385,931,831091000,37.4801795,127.0093516,1165010800,서울시,19.8,17.4,서초구,23.0,20.9,5,135.0,162.0,
0,마제스타시티힐스테이트서리풀(주거복합),88A㎡,서울시 서초구 서초동,1165010800,1498-5,서울시 서초구 서초대로38길 12,37.490268,127.005958,116,0,22,10,399,47,150,현대엔지니어링(주),HT001,88.47,59.97,68,3,2,58,계단식,1729800,2901690,345960,825930,638064,531720,106344,,,,"18억 5,000","19억 5,000",,,,,,,서울신중초등학교,B100000768,서울특별시 서초구 서초동 1466-6번지,공립,단설,19360601,서울특별시교육청,http://sinjung.sen.es.kr,20230531,21.0,22.5,455,378,20230531,4,57,5,6,6,6,7,6,130,124,135,138,166,,1,5,36,833,1,3,0,0,20230531,10,,0,0.0,20230531,직영,3385,931,831091000,37.4801795,127.0093516,1165010800,서울시,19.8,17.4,서초구,23.0,20.9,21,135.0,162.0,
1,마제스타시티힐스테이트서리풀(주거복합),88B,서울시 서초구 서초동,1165010800,1498-5,서울시 서초구 서초대로38길 12,37.490268,127.005958,116,0,22,10,399,47,150,현대엔지니어링(주),HT001,88.02,59.95,68,3,2,58,계단식,1729800,2901690,345960,825930,638064,531720,106344,,,,"17억 9,000","19억 5,000",,10억,,5억/160,,5억/160,서울신중초등학교,B100000768,서울특별시 서초구 서초동 1466-6번지,공립,단설,19360601,서울특별시교육청,http://sinjung.sen.es.kr,20230531,21.0,22.5,455,378,20230531,4,57,5,6,6,6,7,6,130,124,135,138,166,,1,5,36,833,1,3,0,0,20230531,10,,0,0.0,20230531,직영,3385,931,831091000,37.4801795,127.0093516,1165010800,서울시,19.8,17.4,서초구,23.0,20.9,21,135.0,162.0,
0,"밀라텔쉐르빌(엠쉐르빌,주상복합)",42㎡,서울시 서초구 서초동,1165010800,1316-31,서울시 서초구 강남대로61길 17,37.498713,127.025064,125,0,23,23,1095,58,128,삼성중공업(주),HT001,42.38,32.66,77,2,1,30,계단식,,,,,,,,,,,"3억 6,000","3억 7,000",,"2억 5,000",,,,,서울서초초등학교,B100000764,서울특별시 서초구 서초동 1310-6,공립,단설,19801004,서울특별시교육청,http://seocho.sen.es.kr,20230531,25.3,27.8,531,496,20230531,7,52,5,6,6,6,6,7,144,164,172,173,172,,1,5,36,1027,1,2,0,0,20230531,15,,0,0.0,20230531,직영,3385,1084,1057499000,37.49924318,127.02411499,1165010800,서울시,19.8,17.4,서초구,23.0,20.9,2,197.0,166.0,
1,"밀라텔쉐르빌(엠쉐르빌,주상복합)",59A㎡,서울시 서초구 서초동,1165010800,1316-31,서울시 서초구 강남대로61길 17,37.498713,127.025064,125,0,23,23,1095,58,128,삼성중공업(주),HT001,59.19,45.62,77,2,1,17,계단식,,,,,,,,,,,,"7억 2,000",,,,"2,000/180",,"2,000/180",서울서초초등학교,B100000764,서울특별시 서초구 서초동 1310-6,공립,단설,19801004,서울특별시교육청,http://seocho.sen.es.kr,20230531,25.3,27.8,531,496,20230531,7,52,5,6,6,6,6,7,144,164,172,173,172,,1,5,36,1027,1,2,0,0,20230531,15,,0,0.0,20230531,직영,3385,1084,1057499000,37.49924318,127.02411499,1165010800,서울시,19.8,17.4,서초구,23.0,20.9,2,197.0,166.0,
2,"밀라텔쉐르빌(엠쉐르빌,주상복합)",60B㎡,서울시 서초구 서초동,1165010800,1316-31,서울시 서초구 강남대로61길 17,37.498713,127.025064,125,0,23,23,1095,58,128,삼성중공업(주),HT001,60.05,46.28,77,2,1,17,계단식,,,,,,,,,,,,,,,,"2,000/180",,"2,000/180",서울서초초등학교,B100000764,서울특별시 서초구 서초동 1310-6,공립,단설,19801004,서울특별시교육청,http://seocho.sen.es.kr,20230531,25.3,27.8,531,496,20230531,7,52,5,6,6,6,6,7,144,164,172,173,172,,1,5,36,1027,1,2,0,0,20230531,15,,0,0.0,20230531,직영,3385,1084,1057499000,37.49924318,127.02411499,1165010800,서울시,19.8,17.4,서초구,23.0,20.9,2,197.0,166.0,
3,"밀라텔쉐르빌(엠쉐르빌,주상복합)",65㎡,서울시 서초구 서초동,1165010800,1316-31,서울시 서초구 강남대로61길 17,37.498713,127.025064,125,0,23,23,1095,58,128,삼성중공업(주),HT001,65.24,50.28,77,2,1,17,계단식,,,,,,,,,,,,,,,,,,,서울서초초등학교,B100000764,서울특별시 서초구 서초동 1310-6,공립,단설,19801004,서울특별시교육청,http://seocho.sen.es.kr,20230531,25.3,27.8,531,496,20230531,7,52,5,6,6,6,6,7,144,164,172,173,172,,1,5,36,1027,1,2,0,0,20230531,15,,0,0.0,20230531,직영,3385,1084,1057499000,37.49924318,127.02411499,1165010800,서울시,19.8,17.4,서초구,23.0,20.9,2,197.0,166.0,
4,"밀라텔쉐르빌(엠쉐르빌,주상복합)",84㎡,서울시 서초구 서초동,1165010800,1316-31,서울시 서초구 강남대로61길 17,37.498713,127.025064,125,0,23,23,1095,58,128,삼성중공업(주),HT001,84.75,65.32,77,3,1,26,계단식,,,,,,,,,,,"8억 7,000","8억 8,000",,,2억/190,4억/50,2억/190,4억/50,서울서초초등학교,B100000764,서울특별시 서초구 서초동 1310-6,공립,단설,19801004,서울특별시교육청,http://seocho.sen.es.kr,20230531,25.3,27.8,531,496,20230531,7,52,5,6,6,6,6,7,144,164,172,173,172,,1,5,36,1027,1,2,0,0,20230531,15,,0,0.0,20230531,직영,3385,1084,1057499000,37.49924318,127.02411499,1165010800,서울시,19.8,17.4,서초구,23.0,20.9,2,197.0,166.0,
5,"밀라텔쉐르빌(엠쉐르빌,주상복합)",86㎡,서울시 서초구 서초동,1165010800,1316-31,서울시 서초구 강남대로61길 17,37.498713,127.025064,125,0,23,23,1095,58,128,삼성중공업(주),HT001,86.92,66.99,77,3,1,17,계단식,,,,,,,,,,,,,,,,"3억 5,000/60",,"3억 5,000/60",서울서초초등학교,B100000764,서울특별시 서초구 서초동 1310-6,공립,단설,19801004,서울특별시교육청,http://seocho.sen.es.kr,20230531,25.3,27.8,531,496,20230531,7,52,5,6,6,6,6,7,144,164,172,173,172,,1,5,36,1027,1,2,0,0,20230531,15,,0,0.0,20230531,직영,3385,1084,1057499000,37.49924318,127.02411499,1165010800,서울시,19.8,17.4,서초구,23.0,20.9,2,197.0,166.0,
6,"밀라텔쉐르빌(엠쉐르빌,주상복합)",127,서울시 서초구 서초동,1165010800,1316-31,서울시 서초구 강남대로61길 17,37.498713,127.025064,125,0,23,23,1095,58,128,삼성중공업(주),HT001,127.22,97.98,77,3,2,1,계단식,,,,,,,,,,,,,,,,,,,서울서초초등학교,B100000764,서울특별시 서초구 서초동 1310-6,공립,단설,19801004,서울특별시교육청,http://seocho.sen.es.kr,20230531,25.3,27.8,531,496,20230531,7,52,5,6,6,6,6,7,144,164,172,173,172,,1,5,36,1027,1,2,0,0,20230531,15,,0,0.0,20230531,직영,3385,1084,1057499000,37.49924318,127.02411499,1165010800,서울시,19.8,17.4,서초구,23.0,20.9,2,197.0,166.0,
0,베스트,141㎡,서울시 서초구 서초동,1165010800,1515-14,서울시 서초구 명달로22길 18-8,37.486211,127.00502,15,0,8,7,340,52,25,정안건설(주),HT001,141.73,131.87,93,4,2,2,계단식,322200,738180,64440,351540,0,0,0,,,,,,,"7억 5,000",,,,,서울신중초등학교,B100000768,서울특별시 서초구 서초동 1466-6번지,공립,단설,19360601,서울특별시교육청,http://sinjung.sen.es.kr,20230531,21.0,22.5,455,378,20230531,4,57,5,6,6,6,7,6,130,124,135,138,166,,1,5,36,833,1,3,0,0,20230531,10,,0,0.0,20230531,직영,3385,931,831091000,37.4801795,127.0093516,1165010800,서울시,19.8,17.4,서초구,23.0,20.9,15,135.0,162.0,
1,베스트,173㎡,서울시 서초구 서초동,1165010800,1515-14,서울시 서초구 명달로22길 18-8,37.486211,127.00502,15,0,8,7,340,52,25,정안건설(주),HT001,173.44,155.27,90,4,2,1,계단식,374400,837360,74880,388080,0,0,0,,,,,,,,,,,,서울신중초등학교,B100000768,서울특별시 서초구 서초동 1466-6번지,공립,단설,19360601,서울특별시교육청,http://sinjung.sen.es.kr,20230531,21.0,22.5,455,378,20230531,4,57,5,6,6,6,7,6,130,124,135,138,166,,1,5,36,833,1,3,0,0,20230531,10,,0,0.0,20230531,직영,3385,931,831091000,37.4801795,127.0093516,1165010800,서울시,19.8,17.4,서초구,23.0,20.9,15,135.0,162.0,
2,베스트,213A㎡,서울시 서초구 서초동,1165010800,1515-14,서울시 서초구 명달로22길 18-8,37.486211,127.00502,15,0,8,7,340,52,25,정안건설(주),HT001,213.56,203.7,95,4,2,1,계단식,718200,1401120,143640,539280,0,0,0,,,,,,,,,,,,서울신중초등학교,B100000768,서울특별시 서초구 서초동 1466-6번지,공립,단설,19360601,서울특별시교육청,http://sinjung.sen.es.kr,20230531,21.0,22.5,455,378,20230531,4,57,5,6,6,6,7,6,130,124,135,138,166,,1,5,36,833,1,3,0,0,20230531,10,,0,0.0,20230531,직영,3385,931,831091000,37.4801795,127.0093516,1165010800,서울시,19.8,17.4,서초구,23.0,20.9,15,135.0,162.0,
3,베스트,213B㎡,서울시 서초구 서초동,1165010800,1515-14,서울시 서초구 명달로22길 18-8,37.486211,127.00502,15,0,8,7,340,52,25,정안건설(주),HT001,213.64,203.78,95,4,2,1,계단식,718200,1401120,143640,539280,0,0,0,,,,,,,,,,,,서울신중초등학교,B100000768,서울특별시 서초구 서초동 1466-6번지,공립,단설,19360601,서울특별시교육청,http://sinjung.sen.es.kr,20230531,21.0,22.5,455,378,20230531,4,57,5,6,6,6,7,6,130,124,135,138,166,,1,5,36,833,1,3,0,0,20230531,10,,0,0.0,20230531,직영,3385,931,831091000,37.4801795,127.0093516,1165010800,서울시,19.8,17.4,서초구,23.0,20.9,15,135.0,162.0,
4,베스트,233㎡,서울시 서초구 서초동,1165010800,1515-14,서울시 서초구 명달로22길 18-8,37.486211,127.00502,15,0,8,7,340,52,25,정안건설(주),HT001,233.02,223.18,96,4,2,4,계단식,1009800,1785690,201960,573930,0,0,0,,,,,20억,,,,,,,서울신중초등학교,B100000768,서울특별시 서초구 서초동 1466-6번지,공립,단설,19360601,서울특별시교육청,http://sinjung.sen.es.kr,20230531,21.0,22.5,455,378,20230531,4,57,5,6,6,6,7,6,130,124,135,138,166,,1,5,36,833,1,3,0,0,20230531,10,,0,0.0,20230531,직영,3385,931,831091000,37.4801795,127.0093516,1165010800,서울시,19.8,17.4,서초구,23.0,20.9,15,135.0,162.0,
5,베스트,233C㎡,서울시 서초구 서초동,1165010800,1515-14,서울시 서초구 명달로22길 18-8,37.486211,127.00502,15,0,8,7,340,52,25,정안건설(주),HT001,233.86,223.98,96,4,2,4,계단식,1009800,1785690,201960,573930,0,0,0,,,,,,,,,,,,서울신중초등학교,B100000768,서울특별시 서초구 서초동 1466-6번지,공립,단설,19360601,서울특별시교육청,http://sinjung.sen.es.kr,20230531,21.0,22.5,455,378,20230531,4,57,5,6,6,6,7,6,130,124,135,138,166,,1,5,36,833,1,3,0,0,20230531,10,,0,0.0,20230531,직영,3385,931,831091000,37.4801795,127.0093516,1165010800,서울시,19.8,17.4,서초구,23.0,20.9,15,135.0,162.0,
6,베스트,234A㎡,서울시 서초구 서초동,1165010800,1515-14,서울시 서초구 명달로22길 18-8,37.486211,127.00502,15,0,8,7,340,52,25,정안건설(주),HT001,234.58,222.83,95,4,2,1,계단식,716625,1398600,143325,538650,0,0,0,,,,,,,,,,,,서울신중초등학교,B100000768,서울특별시 서초구 서초동 1466-6번지,공립,단설,19360601,서울특별시교육청,http://sinjung.sen.es.kr,20230531,21.0,22.5,455,378,20230531,4,57,5,6,6,6,7,6,130,124,135,138,166,,1,5,36,833,1,3,0,0,20230531,10,,0,0.0,20230531,직영,3385,931,831091000,37.4801795,127.0093516,1165010800,서울시,19.8,17.4,서초구,23.0,20.9,15,135.0,162.0,
7,베스트,235B,서울시 서초구 서초동,1165010800,1515-14,서울시 서초구 명달로22길 18-8,37.486211,127.00502,15,0,8,7,340,52,25,정안건설(주),HT001,235.62,223.82,95,4,2,1,계단식,716625,1398600,143325,538650,0,0,0,,,,,,,,,,,,서울신중초등학교,B100000768,서울특별시 서초구 서초동 1466-6번지,공립,단설,19360601,서울특별시교육청,http://sinjung.sen.es.kr,20230531,21.0,22.5,455,378,20230531,4,57,5,6,6,6,7,6,130,124,135,138,166,,1,5,36,833,1,3,0,0,20230531,10,,0,0.0,20230531,직영,3385,931,831091000,37.4801795,127.0093516,1165010800,서울시,19.8,17.4,서초구,23.0,20.9,15,135.0,162.0,
0,벽산서초블루밍,273㎡,서울시 서초구 서초동,1165010800,1464-4,서울시 서초구 반포대로1길 11,37.481231,127.011859,19,0,6,5,199,43,57,벽산건설(주),HT001,273.28,170.01,62,4,2,1,계단식,1431000,2438550,286200,721350,136080,113400,22680,,,,,,,,,,,,서울신중초등학교,B100000768,서울특별시 서초구 서초동 1466-6번지,공립,단설,19360601,서울특별시교육청,http://sinjung.sen.es.kr,20230531,21.0,22.5,455,378,20230531,4,57,5,6,6,6,7,6,130,124,135,138,166,,1,5,36,833,1,3,0,0,20230531,10,,0,0.0,20230531,직영,3385,931,831091000,37.4801795,127.0093516,1165010800,서울시,19.8,17.4,서초구,23.0,20.9,4,135.0,162.0,
1,벽산서초블루밍,287㎡,서울시 서초구 서초동,1165010800,1464-4,서울시 서초구 반포대로1길 11,37.481231,127.011859,19,0,6,5,199,43,57,벽산건설(주),HT001,287.49,178.85,62,4,2,4,계단식,1504800,2552940,300960,747180,260064,216720,43344,,,,,,,,,,,,서울신중초등학교,B100000768,서울특별시 서초구 서초동 1466-6번지,공립,단설,19360601,서울특별시교육청,http://sinjung.sen.es.kr,20230531,21.0,22.5,455,378,20230531,4,57,5,6,6,6,7,6,130,124,135,138,166,,1,5,36,833,1,3,0,0,20230531,10,,0,0.0,20230531,직영,3385,931,831091000,37.4801795,127.0093516,1165010800,서울시,19.8,17.4,서초구,23.0,20.9,4,135.0,162.0,
2,벽산서초블루밍,303㎡,서울시 서초구 서초동,1165010800,1464-4,서울시 서초구 반포대로1길 11,37.481231,127.011859,19,0,6,5,199,43,57,벽산건설(주),HT001,303.01,188.51,62,4,2,7,계단식,1672200,2812410,334440,805770,541296,451080,90216,,,,,,,,,,,,서울신중초등학교,B100000768,서울특별시 서초구 서초동 1466-6번지,공립,단설,19360601,서울특별시교육청,http://sinjung.sen.es.kr,20230531,21.0,22.5,455,378,20230531,4,57,5,6,6,6,7,6,130,124,135,138,166,,1,5,36,833,1,3,0,0,20230531,10,,0,0.0,20230531,직영,3385,931,831091000,37.4801795,127.0093516,1165010800,서울시,19.8,17.4,서초구,23.0,20.9,4,135.0,162.0,
3,벽산서초블루밍,305㎡,서울시 서초구 서초동,1165010800,1464-4,서울시 서초구 반포대로1길 11,37.481231,127.011859,19,0,6,5,199,43,57,벽산건설(주),HT001,305.84,190.27,62,4,2,2,계단식,1668600,2806830,333720,804510,535248,446040,89208,,,,,,,,,,,,서울신중초등학교,B100000768,서울특별시 서초구 서초동 1466-6번지,공립,단설,19360601,서울특별시교육청,http://sinjung.sen.es.kr,20230531,21.0,22.5,455,378,20230531,4,57,5,6,6,6,7,6,130,124,135,138,166,,1,5,36,833,1,3,0,0,20230531,10,,0,0.0,20230531,직영,3385,931,831091000,37.4801795,127.0093516,1165010800,서울시,19.8,17.4,서초구,23.0,20.9,4,135.0,162.0,
4,벽산서초블루밍,340㎡,서울시 서초구 서초동,1165010800,1464-4,서울시 서초구 반포대로1길 11,37.481231,127.011859,19,0,6,5,199,43,57,벽산건설(주),HT001,340.28,211.7,62,4,2,1,계단식,1933200,3216960,386640,897120,979776,816480,163296,,,,,,,,,,,,서울신중초등학교,B100000768,서울특별시 서초구 서초동 1466-6번지,공립,단설,19360601,서울특별시교육청,http://sinjung.sen.es.kr,20230531,21.0,22.5,455,378,20230531,4,57,5,6,6,6,7,6,130,124,135,138,166,,1,5,36,833,1,3,0,0,20230531,10,,0,0.0,20230531,직영,3385,931,831091000,37.4801795,127.0093516,1165010800,서울시,19.8,17.4,서초구,23.0,20.9,4,135.0,162.0,
5,벽산서초블루밍,354㎡,서울시 서초구 서초동,1165010800,1464-4,서울시 서초구 반포대로1길 11,37.481231,127.011859,19,0,6,5,199,43,57,벽산건설(주),HT001,354.17,220.34,62,4,2,1,계단식,1857600,3099780,371520,870660,852768,710640,142128,,,,,35억,,,,,,,서울신중초등학교,B100000768,서울특별시 서초구 서초동 1466-6번지,공립,단설,19360601,서울특별시교육청,http://sinjung.sen.es.kr,20230531,21.0,22.5,455,378,20230531,4,57,5,6,6,6,7,6,130,124,135,138,166,,1,5,36,833,1,3,0,0,20230531,10,,0,0.0,20230531,직영,3385,931,831091000,37.4801795,127.0093516,1165010800,서울시,19.8,17.4,서초구,23.0,20.9,4,135.0,162.0,
6,벽산서초블루밍,365,서울시 서초구 서초동,1165010800,1464-4,서울시 서초구 반포대로1길 11,37.481231,127.011859,19,0,6,5,199,43,57,벽산건설(주),HT001,365.58,227.44,62,4,2,3,계단식,2091600,3462480,418320,952560,1245888,1038240,207648,,,,,30억,,,,,,,서울신중초등학교,B100000768,서울특별시 서초구 서초동 1466-6번지,공립,단설,19360601,서울특별시교육청,http://sinjung.sen.es.kr,20230531,21.0,22.5,455,378,20230531,4,57,5,6,6,6,7,6,130,124,135,138,166,,1,5,36,833,1,3,0,0,20230531,10,,0,0.0,20230531,직영,3385,931,831091000,37.4801795,127.0093516,1165010800,서울시,19.8,17.4,서초구,23.0,20.9,4,135.0,162.0,
0,보미리즌빌,121㎡,서울시 서초구 서초동,1165010800,1527-1,서울시 서초구 효령로43길 26,37.484654,127.008444,10,0,5,5,238,55,15,(주)보미,HT001,121.21,83.3,69,3,2,1,계단식,194400,495360,38880,262080,0,0,0,,,,,,,,,,,,서울신중초등학교,B100000768,서울특별시 서초구 서초동 1466-6번지,공립,단설,19360601,서울특별시교육청,http://sinjung.sen.es.kr,20230531,21.0,22.5,455,378,20230531,4,57,5,6,6,6,7,6,130,124,135,138,166,,1,5,36,833,1,3,0,0,20230531,10,,0,0.0,20230531,직영,3385,931,831091000,37.4801795,127.0093516,1165010800,서울시,19.8,17.4,서초구,23.0,20.9,10,135.0,162.0,
1,보미리즌빌,127㎡,서울시 서초구 서초동,1165010800,1527-1,서울시 서초구 효령로43길 26,37.484654,127.008444,10,0,5,5,238,55,15,(주)보미,HT001,127.05,87.31,69,4,2,1,계단식,202500,510750,40500,267750,0,0,0,,,,,,,,,,,,서울신중초등학교,B100000768,서울특별시 서초구 서초동 1466-6번지,공립,단설,19360601,서울특별시교육청,http://sinjung.sen.es.kr,20230531,21.0,22.5,455,378,20230531,4,57,5,6,6,6,7,6,130,124,135,138,166,,1,5,36,833,1,3,0,0,20230531,10,,0,0.0,20230531,직영,3385,931,831091000,37.4801795,127.0093516,1165010800,서울시,19.8,17.4,서초구,23.0,20.9,10,135.0,162.0,
2,보미리즌빌,166㎡,서울시 서초구 서초동,1165010800,1527-1,서울시 서초구 효령로43길 26,37.484654,127.008444,10,0,5,5,238,55,15,(주)보미,HT001,166.38,114.34,69,4,2,1,계단식,295200,686880,59040,332640,0,0,0,,,,,,,,,,,,서울신중초등학교,B100000768,서울특별시 서초구 서초동 1466-6번지,공립,단설,19360601,서울특별시교육청,http://sinjung.sen.es.kr,20230531,21.0,22.5,455,378,20230531,4,57,5,6,6,6,7,6,130,124,135,138,166,,1,5,36,833,1,3,0,0,20230531,10,,0,0.0,20230531,직영,3385,931,831091000,37.4801795,127.0093516,1165010800,서울시,19.8,17.4,서초구,23.0,20.9,10,135.0,162.0,
3,보미리즌빌,175㎡,서울시 서초구 서초동,1165010800,1527-1,서울시 서초구 효령로43길 26,37.484654,127.008444,10,0,5,5,238,55,15,(주)보미,HT001,175.17,120.38,69,4,2,2,계단식,341100,774090,68220,364770,0,0,0,,,,,,,,,,,,서울신중초등학교,B100000768,서울특별시 서초구 서초동 1466-6번지,공립,단설,19360601,서울특별시교육청,http://sinjung.sen.es.kr,20230531,21.0,22.5,455,378,20230531,4,57,5,6,6,6,7,6,130,124,135,138,166,,1,5,36,833,1,3,0,0,20230531,10,,0,0.0,20230531,직영,3385,931,831091000,37.4801795,127.0093516,1165010800,서울시,19.8,17.4,서초구,23.0,20.9,10,135.0,162.0,
4,보미리즌빌,189,서울시 서초구 서초동,1165010800,1527-1,서울시 서초구 효령로43길 26,37.484654,127.008444,10,0,5,5,238,55,15,(주)보미,HT001,189.85,130.47,69,4,2,5,계단식,422100,927360,84420,420840,0,0,0,,,,,,,,,,,,서울신중초등학교,B100000768,서울특별시 서초구 서초동 1466-6번지,공립,단설,19360601,서울특별시교육청,http://sinjung.sen.es.kr,20230531,21.0,22.5,455,378,20230531,4,57,5,6,6,6,7,6,130,124,135,138,166,,1,5,36,833,1,3,0,0,20230531,10,,0,0.0,20230531,직영,3385,931,831091000,37.4801795,127.0093516,1165010800,서울시,19.8,17.4,서초구,23.0,20.9,10,135.0,162.0,
0,브라운스톤서초(주상복합),103㎡,서울시 서초구 서초동,1165010800,1677-1,서울시 서초구 서초대로 334,37.494755,127.018285,42,0,15,15,734,59,22,이수건설(주),HT001,103.04,76.51,74,3,2,14,복도식,,,,,,,,,,,"14억 5,000","15억 5,000",,,,,,,서울서초초등학교,B100000764,서울특별시 서초구 서초동 1310-6,공립,단설,19801004,서울특별시교육청,http://seocho.sen.es.kr,20230531,25.3,27.8,531,496,20230531,7,52,5,6,6,6,6,7,144,164,172,173,172,,1,5,36,1027,1,2,0,0,20230531,15,,0,0.0,20230531,직영,3385,1084,1057499000,37.49924318,127.02411499,1165010800,서울시,19.8,17.4,서초구,23.0,20.9,14,197.0,166.0,
1,브라운스톤서초(주상복합),107㎡,서울시 서초구 서초동,1165010800,1677-1,서울시 서초구 서초대로 334,37.494755,127.018285,42,0,15,15,734,59,22,이수건설(주),HT001,107.86,80.09,74,3,2,14,복도식,,,,,,,,,,,15억,"16억 2,000",,,,,,,서울서초초등학교,B100000764,서울특별시 서초구 서초동 1310-6,공립,단설,19801004,서울특별시교육청,http://seocho.sen.es.kr,20230531,25.3,27.8,531,496,20230531,7,52,5,6,6,6,6,7,144,164,172,173,172,,1,5,36,1027,1,2,0,0,20230531,15,,0,0.0,20230531,직영,3385,1084,1057499000,37.49924318,127.02411499,1165010800,서울시,19.8,17.4,서초구,23.0,20.9,14,197.0,166.0,
2,브라운스톤서초(주상복합),113,서울시 서초구 서초동,1165010800,1677-1,서울시 서초구 서초대로 334,37.494755,127.018285,42,0,15,15,734,59,22,이수건설(주),HT001,113.43,84.23,74,3,2,14,복도식,,,,,,,,,,,16억,"16억 5,000",,,,,,,서울서초초등학교,B100000764,서울특별시 서초구 서초동 1310-6,공립,단설,19801004,서울특별시교육청,http://seocho.sen.es.kr,20230531,25.3,27.8,531,496,20230531,7,52,5,6,6,6,6,7,144,164,172,173,172,,1,5,36,1027,1,2,0,0,20230531,15,,0,0.0,20230531,직영,3385,1084,1057499000,37.49924318,127.02411499,1165010800,서울시,19.8,17.4,서초구,23.0,20.9,14,197.0,166.0,
0,블루힐65(도시형),35,서울시 서초구 서초동,1165010800,1553-15,서울시 서초구 반포대로30길 9,37.491732,127.009075,10,0,11,9,481,54,8,광일종합건설(주),HT001,35.7,22.5,63,1,1,10,복도식,,,,,,,,,,,,,,,,"5,000/105",,"5,000/105",서울신중초등학교,B100000768,서울특별시 서초구 서초동 1466-6번지,공립,단설,19360601,서울특별시교육청,http://sinjung.sen.es.kr,20230531,21.0,22.5,455,378,20230531,4,57,5,6,6,6,7,6,130,124,135,138,166,,1,5,36,833,1,3,0,0,20230531,10,,0,0.0,20230531,직영,3385,931,831091000,37.4801795,127.0093516,1165010800,서울시,19.8,17.4,서초구,23.0,20.9,22,135.0,162.0,
0,비버리캐슬,68T㎡,서울시 서초구 서초동,1165010800,1486-17,서울시 서초구 반포대로9길 70,37.482915,127.007982,42,0,8,8,249,49,33,주식회사 덕인컨스텍,HT001,68.58,49.09,72,3,2,6,계단식,,,,,,,,,,,,,,,,,,,서울신중초등학교,B100000768,서울특별시 서초구 서초동 1466-6번지,공립,단설,19360601,서울특별시교육청,http://sinjung.sen.es.kr,20230531,21.0,22.5,455,378,20230531,4,57,5,6,6,6,7,6,130,124,135,138,166,,1,5,36,833,1,3,0,0,20230531,10,,0,0.0,20230531,직영,3385,931,831091000,37.4801795,127.0093516,1165010800,서울시,19.8,17.4,서초구,23.0,20.9,7,135.0,162.0,
1,비버리캐슬,71T㎡,서울시 서초구 서초동,1165010800,1486-17,서울시 서초구 반포대로9길 70,37.482915,127.007982,42,0,8,8,249,49,33,주식회사 덕인컨스텍,HT001,71.4,52.33,73,3,2,6,계단식,,,,,,,,,,,,,,,,,,,서울신중초등학교,B100000768,서울특별시 서초구 서초동 1466-6번지,공립,단설,19360601,서울특별시교육청,http://sinjung.sen.es.kr,20230531,21.0,22.5,455,378,20230531,4,57,5,6,6,6,7,6,130,124,135,138,166,,1,5,36,833,1,3,0,0,20230531,10,,0,0.0,20230531,직영,3385,931,831091000,37.4801795,127.0093516,1165010800,서울시,19.8,17.4,서초구,23.0,20.9,7,135.0,162.0,
2,비버리캐슬,81A㎡,서울시 서초구 서초동,1165010800,1486-17,서울시 서초구 반포대로9길 70,37.482915,127.007982,42,0,8,8,249,49,33,주식회사 덕인컨스텍,HT001,81.03,59.49,73,3,2,25,계단식,,,,,,,,,,,,14억,,,,,,,서울신중초등학교,B100000768,서울특별시 서초구 서초동 1466-6번지,공립,단설,19360601,서울특별시교육청,http://sinjung.sen.es.kr,20230531,21.0,22.5,455,378,20230531,4,57,5,6,6,6,7,6,130,124,135,138,166,,1,5,36,833,1,3,0,0,20230531,10,,0,0.0,20230531,직영,3385,931,831091000,37.4801795,127.0093516,1165010800,서울시,19.8,17.4,서초구,23.0,20.9,7,135.0,162.0,
3,비버리캐슬,81T,서울시 서초구 서초동,1165010800,1486-17,서울시 서초구 반포대로9길 70,37.482915,127.007982,42,0,8,8,249,49,33,주식회사 덕인컨스텍,HT001,81.03,59.49,73,3,2,5,계단식,,,,,,,,,,,,,,"7억 2,000",,,,,서울신중초등학교,B100000768,서울특별시 서초구 서초동 1466-6번지,공립,단설,19360601,서울특별시교육청,http://sinjung.sen.es.kr,20230531,21.0,22.5,455,378,20230531,4,57,5,6,6,6,7,6,130,124,135,138,166,,1,5,36,833,1,3,0,0,20230531,10,,0,0.0,20230531,직영,3385,931,831091000,37.4801795,127.0093516,1165010800,서울시,19.8,17.4,서초구,23.0,20.9,7,135.0,162.0,
0,삼성서초가든스위트,236㎡,서울시 서초구 서초동,1165010800,1326,서울시 서초구 서운로 122,37.494845,127.02585,141,0,23,2,277,24,721,삼성물산(주)주택부문,HT002,236.14,162.73,69,4,2,1,계단식,2653200,4332960,530640,1149120,2511936,2093280,418656,,,,,,,,,,,,서울서이초등학교,B100000762,서울특별시 서초구 서초동 1334-2번지(서운로 85),공립,단설,19831203,서울특별시교육청,http://seo2.sen.es.kr,20230531,19.7,30.3,672,753,20230531,6,66,9,8,8,7,8,7,239,266,238,205,252,,0,0,47,1425,2,4,0,0,20230531,0,,0,0.0,20230531,직영,3347,1430,1370646000,37.49120942,127.02595329,1165010800,서울시,19.8,17.4,서초구,23.0,20.9,5,225.0,0.0,
1,삼성서초가든스위트,238A㎡,서울시 서초구 서초동,1165010800,1326,서울시 서초구 서운로 122,37.494845,127.02585,141,0,23,2,277,24,721,삼성물산(주)주택부문,HT002,238.46,164.33,69,4,2,3,계단식,2849400,4637070,569880,1217790,2998512,2498760,499752,,,,,,,,,,,,서울서이초등학교,B100000762,서울특별시 서초구 서초동 1334-2번지(서운로 85),공립,단설,19831203,서울특별시교육청,http://seo2.sen.es.kr,20230531,19.7,30.3,672,753,20230531,6,66,9,8,8,7,8,7,239,266,238,205,252,,0,0,47,1425,2,4,0,0,20230531,0,,0,0.0,20230531,직영,3347,1430,1370646000,37.49120942,127.02595329,1165010800,서울시,19.8,17.4,서초구,23.0,20.9,5,225.0,0.0,
2,삼성서초가든스위트,238B㎡,서울시 서초구 서초동,1165010800,1326,서울시 서초구 서운로 122,37.494845,127.02585,141,0,23,2,277,24,721,삼성물산(주)주택부문,HT002,238.5,164.36,69,4,2,2,계단식,2761200,4500360,552240,1186920,2779776,2316480,463296,,,,"32억 9,000",33억,,20억,,,,,서울서이초등학교,B100000762,서울특별시 서초구 서초동 1334-2번지(서운로 85),공립,단설,19831203,서울특별시교육청,http://seo2.sen.es.kr,20230531,19.7,30.3,672,753,20230531,6,66,9,8,8,7,8,7,239,266,238,205,252,,0,0,47,1425,2,4,0,0,20230531,0,,0,0.0,20230531,직영,3347,1430,1370646000,37.49120942,127.02595329,1165010800,서울시,19.8,17.4,서초구,23.0,20.9,5,225.0,0.0,
3,삼성서초가든스위트,238C㎡,서울시 서초구 서초동,1165010800,1326,서울시 서초구 서운로 122,37.494845,127.02585,141,0,23,2,277,24,721,삼성물산(주)주택부문,HT002,238.91,164.64,69,4,2,2,계단식,2761200,4500360,552240,1186920,2779776,2316480,463296,,,,,,,,,,,,서울서이초등학교,B100000762,서울특별시 서초구 서초동 1334-2번지(서운로 85),공립,단설,19831203,서울특별시교육청,http://seo2.sen.es.kr,20230531,19.7,30.3,672,753,20230531,6,66,9,8,8,7,8,7,239,266,238,205,252,,0,0,47,1425,2,4,0,0,20230531,0,,0,0.0,20230531,직영,3347,1430,1370646000,37.49120942,127.02595329,1165010800,서울시,19.8,17.4,서초구,23.0,20.9,5,225.0,0.0,
4,삼성서초가든스위트,238㎡,서울시 서초구 서초동,1165010800,1326,서울시 서초구 서운로 122,37.494845,127.02585,141,0,23,2,277,24,721,삼성물산(주)주택부문,HT002,238.26,164.19,69,4,2,1,계단식,2653200,4332960,530640,1149120,2511936,2093280,418656,,,,,,,,,,,,서울서이초등학교,B100000762,서울특별시 서초구 서초동 1334-2번지(서운로 85),공립,단설,19831203,서울특별시교육청,http://seo2.sen.es.kr,20230531,19.7,30.3,672,753,20230531,6,66,9,8,8,7,8,7,239,266,238,205,252,,0,0,47,1425,2,4,0,0,20230531,0,,0,0.0,20230531,직영,3347,1430,1370646000,37.49120942,127.02595329,1165010800,서울시,19.8,17.4,서초구,23.0,20.9,5,225.0,0.0,
5,삼성서초가든스위트,239D㎡,서울시 서초구 서초동,1165010800,1326,서울시 서초구 서운로 122,37.494845,127.02585,141,0,23,2,277,24,721,삼성물산(주)주택부문,HT002,239.04,164.73,69,4,2,1,계단식,2761200,4500360,552240,1186920,2779776,2316480,463296,,,,,,,,,,,,서울서이초등학교,B100000762,서울특별시 서초구 서초동 1334-2번지(서운로 85),공립,단설,19831203,서울특별시교육청,http://seo2.sen.es.kr,20230531,19.7,30.3,672,753,20230531,6,66,9,8,8,7,8,7,239,266,238,205,252,,0,0,47,1425,2,4,0,0,20230531,0,,0,0.0,20230531,직영,3347,1430,1370646000,37.49120942,127.02595329,1165010800,서울시,19.8,17.4,서초구,23.0,20.9,5,225.0,0.0,
6,삼성서초가든스위트,255㎡,서울시 서초구 서초동,1165010800,1326,서울시 서초구 서운로 122,37.494845,127.02585,141,0,23,2,277,24,721,삼성물산(주)주택부문,HT002,255.74,176.24,69,4,2,30,계단식,3020400,4902120,604080,1277640,3422592,2852160,570432,,,,35억,40억,20억,22억,10억/350,10억/360,10억/350,10억/360,서울서이초등학교,B100000762,서울특별시 서초구 서초동 1334-2번지(서운로 85),공립,단설,19831203,서울특별시교육청,http://seo2.sen.es.kr,20230531,19.7,30.3,672,753,20230531,6,66,9,8,8,7,8,7,239,266,238,205,252,,0,0,47,1425,2,4,0,0,20230531,0,,0,0.0,20230531,직영,3347,1430,1370646000,37.49120942,127.02595329,1165010800,서울시,19.8,17.4,서초구,23.0,20.9,5,225.0,0.0,
7,삼성서초가든스위트,263㎡,서울시 서초구 서초동,1165010800,1326,서울시 서초구 서운로 122,37.494845,127.02585,141,0,23,2,277,24,721,삼성물산(주)주택부문,HT002,263.38,181.5,69,5,2,16,계단식,3335400,5390370,667080,1387890,4500432,3750360,750072,,,,,,,,,,,,서울서이초등학교,B100000762,서울특별시 서초구 서초동 1334-2번지(서운로 85),공립,단설,19831203,서울특별시교육청,http://seo2.sen.es.kr,20230531,19.7,30.3,672,753,20230531,6,66,9,8,8,7,8,7,239,266,238,205,252,,0,0,47,1425,2,4,0,0,20230531,0,,0,0.0,20230531,직영,3347,1430,1370646000,37.49120942,127.02595329,1165010800,서울시,19.8,17.4,서초구,23.0,20.9,5,225.0,0.0,
8,삼성서초가든스위트,267A㎡,서울시 서초구 서초동,1165010800,1326,서울시 서초구 서운로 122,37.494845,127.02585,141,0,23,2,277,24,721,삼성물산(주)주택부문,HT002,267.67,184.46,69,5,2,1,계단식,4388400,7022520,877680,1756440,8796672,7330560,1466112,,,,,,,,,,,,서울서이초등학교,B100000762,서울특별시 서초구 서초동 1334-2번지(서운로 85),공립,단설,19831203,서울특별시교육청,http://seo2.sen.es.kr,20230531,19.7,30.3,672,753,20230531,6,66,9,8,8,7,8,7,239,266,238,205,252,,0,0,47,1425,2,4,0,0,20230531,0,,0,0.0,20230531,직영,3347,1430,1370646000,37.49120942,127.02595329,1165010800,서울시,19.8,17.4,서초구,23.0,20.9,5,225.0,0.0,
9,삼성서초가든스위트,268B㎡,서울시 서초구 서초동,1165010800,1326,서울시 서초구 서운로 122,37.494845,127.02585,141,0,23,2,277,24,721,삼성물산(주)주택부문,HT002,268.53,185.05,69,5,2,1,계단식,4388400,7022520,877680,1756440,8796672,7330560,1466112,,,,,,,,,,,,서울서이초등학교,B100000762,서울특별시 서초구 서초동 1334-2번지(서운로 85),공립,단설,19831203,서울특별시교육청,http://seo2.sen.es.kr,20230531,19.7,30.3,672,753,20230531,6,66,9,8,8,7,8,7,239,266,238,205,252,,0,0,47,1425,2,4,0,0,20230531,0,,0,0.0,20230531,직영,3347,1430,1370646000,37.49120942,127.02595329,1165010800,서울시,19.8,17.4,서초구,23.0,20.9,5,225.0,0.0,
10,삼성서초가든스위트,273A㎡,서울시 서초구 서초동,1165010800,1326,서울시 서초구 서운로 122,37.494845,127.02585,141,0,23,2,277,24,721,삼성물산(주)주택부문,HT002,273.03,188.15,69,5,2,1,계단식,4388400,7022520,877680,1756440,8796672,7330560,1466112,,,,,,,,,,,,서울서이초등학교,B100000762,서울특별시 서초구 서초동 1334-2번지(서운로 85),공립,단설,19831203,서울특별시교육청,http://seo2.sen.es.kr,20230531,19.7,30.3,672,753,20230531,6,66,9,8,8,7,8,7,239,266,238,205,252,,0,0,47,1425,2,4,0,0,20230531,0,,0,0.0,20230531,직영,3347,1430,1370646000,37.49120942,127.02595329,1165010800,서울시,19.8,17.4,서초구,23.0,20.9,5,225.0,0.0,
11,삼성서초가든스위트,275B㎡,서울시 서초구 서초동,1165010800,1326,서울시 서초구 서운로 122,37.494845,127.02585,141,0,23,2,277,24,721,삼성물산(주)주택부문,HT002,275.44,189.81,69,5,2,33,계단식,4098600,6573330,819720,1655010,7614288,6345240,1269048,,,,,,,,1억/1000,10억/360,1억/1000,10억/360,서울서이초등학교,B100000762,서울특별시 서초구 서초동 1334-2번지(서운로 85),공립,단설,19831203,서울특별시교육청,http://seo2.sen.es.kr,20230531,19.7,30.3,672,753,20230531,6,66,9,8,8,7,8,7,239,266,238,205,252,,0,0,47,1425,2,4,0,0,20230531,0,,0,0.0,20230531,직영,3347,1430,1370646000,37.49120942,127.02595329,1165010800,서울시,19.8,17.4,서초구,23.0,20.9,5,225.0,0.0,
12,삼성서초가든스위트,287㎡,서울시 서초구 서초동,1165010800,1326,서울시 서초구 서운로 122,37.494845,127.02585,141,0,23,2,277,24,721,삼성물산(주)주택부문,HT002,287.01,197.79,69,4,2,30,계단식,4276800,6849540,855360,1717380,8341344,6951120,1390224,,,,,38억,,,,,,,서울서이초등학교,B100000762,서울특별시 서초구 서초동 1334-2번지(서운로 85),공립,단설,19831203,서울특별시교육청,http://seo2.sen.es.kr,20230531,19.7,30.3,672,753,20230531,6,66,9,8,8,7,8,7,239,266,238,205,252,,0,0,47,1425,2,4,0,0,20230531,0,,0,0.0,20230531,직영,3347,1430,1370646000,37.49120942,127.02595329,1165010800,서울시,19.8,17.4,서초구,23.0,20.9,5,225.0,0.0,
13,삼성서초가든스위트,353B㎡,서울시 서초구 서초동,1165010800,1326,서울시 서초구 서운로 122,37.494845,127.02585,141,0,23,2,277,24,721,삼성물산(주)주택부문,HT002,353.93,243.9,69,6,3,2,계단식,5414400,8612820,1082880,2115540,13725792,11438160,2287632,,,,,55억,,,,,,,서울서이초등학교,B100000762,서울특별시 서초구 서초동 1334-2번지(서운로 85),공립,단설,19831203,서울특별시교육청,http://seo2.sen.es.kr,20230531,19.7,30.3,672,753,20230531,6,66,9,8,8,7,8,7,239,266,238,205,252,,0,0,47,1425,2,4,0,0,20230531,0,,0,0.0,20230531,직영,3347,1430,1370646000,37.49120942,127.02595329,1165010800,서울시,19.8,17.4,서초구,23.0,20.9,5,225.0,0.0,
14,삼성서초가든스위트,353A㎡,서울시 서초구 서초동,1165010800,1326,서울시 서초구 서운로 122,37.494845,127.02585,141,0,23,2,277,24,721,삼성물산(주)주택부문,HT002,353.58,243.66,69,6,3,1,계단식,5054400,8054820,1010880,1989540,11680992,9734160,1946832,,,,,,,,,,,,서울서이초등학교,B100000762,서울특별시 서초구 서초동 1334-2번지(서운로 85),공립,단설,19831203,서울특별시교육청,http://seo2.sen.es.kr,20230531,19.7,30.3,672,753,20230531,6,66,9,8,8,7,8,7,239,266,238,205,252,,0,0,47,1425,2,4,0,0,20230531,0,,0,0.0,20230531,직영,3347,1430,1370646000,37.49120942,127.02595329,1165010800,서울시,19.8,17.4,서초구,23.0,20.9,5,225.0,0.0,
15,삼성서초가든스위트,354C㎡,서울시 서초구 서초동,1165010800,1326,서울시 서초구 서운로 122,37.494845,127.02585,141,0,23,2,277,24,721,삼성물산(주)주택부문,HT002,354.1,244.02,69,6,3,3,계단식,5054400,8054820,1010880,1989540,11680992,9734160,1946832,,,,,,,35억,,5억/1000,,5억/1000,서울서이초등학교,B100000762,서울특별시 서초구 서초동 1334-2번지(서운로 85),공립,단설,19831203,서울특별시교육청,http://seo2.sen.es.kr,20230531,19.7,30.3,672,753,20230531,6,66,9,8,8,7,8,7,239,266,238,205,252,,0,0,47,1425,2,4,0,0,20230531,0,,0,0.0,20230531,직영,3347,1430,1370646000,37.49120942,127.02595329,1165010800,서울시,19.8,17.4,서초구,23.0,20.9,5,225.0,0.0,
16,삼성서초가든스위트,354D㎡,서울시 서초구 서초동,1165010800,1326,서울시 서초구 서운로 122,37.494845,127.02585,141,0,23,2,277,24,721,삼성물산(주)주택부문,HT002,354.43,244.25,69,6,3,2,계단식,5018400,7999020,1003680,1976940,11476512,9563760,1912752,,,,,,,,,,,,서울서이초등학교,B100000762,서울특별시 서초구 서초동 1334-2번지(서운로 85),공립,단설,19831203,서울특별시교육청,http://seo2.sen.es.kr,20230531,19.7,30.3,672,753,20230531,6,66,9,8,8,7,8,7,239,266,238,205,252,,0,0,47,1425,2,4,0,0,20230531,0,,0,0.0,20230531,직영,3347,1430,1370646000,37.49120942,127.02595329,1165010800,서울시,19.8,17.4,서초구,23.0,20.9,5,225.0,0.0,
17,삼성서초가든스위트,354E㎡,서울시 서초구 서초동,1165010800,1326,서울시 서초구 서운로 122,37.494845,127.02585,141,0,23,2,277,24,721,삼성물산(주)주택부문,HT002,354.48,244.28,69,6,3,1,계단식,5054400,8054820,1010880,1989540,11680992,9734160,1946832,,,,,,,,,,,,서울서이초등학교,B100000762,서울특별시 서초구 서초동 1334-2번지(서운로 85),공립,단설,19831203,서울특별시교육청,http://seo2.sen.es.kr,20230531,19.7,30.3,672,753,20230531,6,66,9,8,8,7,8,7,239,266,238,205,252,,0,0,47,1425,2,4,0,0,20230531,0,,0,0.0,20230531,직영,3347,1430,1370646000,37.49120942,127.02595329,1165010800,서울시,19.8,17.4,서초구,23.0,20.9,5,225.0,0.0,
18,삼성서초가든스위트,354F㎡,서울시 서초구 서초동,1165010800,1326,서울시 서초구 서운로 122,37.494845,127.02585,141,0,23,2,277,24,721,삼성물산(주)주택부문,HT002,354.59,244.36,69,6,3,1,계단식,5452200,8671410,1090440,2128770,13940496,11617080,2323416,,,,,,,,,,,,서울서이초등학교,B100000762,서울특별시 서초구 서초동 1334-2번지(서운로 85),공립,단설,19831203,서울특별시교육청,http://seo2.sen.es.kr,20230531,19.7,30.3,672,753,20230531,6,66,9,8,8,7,8,7,239,266,238,205,252,,0,0,47,1425,2,4,0,0,20230531,0,,0,0.0,20230531,직영,3347,1430,1370646000,37.49120942,127.02595329,1165010800,서울시,19.8,17.4,서초구,23.0,20.9,5,225.0,0.0,
19,삼성서초가든스위트,354G㎡,서울시 서초구 서초동,1165010800,1326,서울시 서초구 서운로 122,37.494845,127.02585,141,0,23,2,277,24,721,삼성물산(주)주택부문,HT002,354.94,244.6,69,6,3,1,계단식,5452200,8671410,1090440,2128770,13940496,11617080,2323416,,,,,,,,,,,,서울서이초등학교,B100000762,서울특별시 서초구 서초동 1334-2번지(서운로 85),공립,단설,19831203,서울특별시교육청,http://seo2.sen.es.kr,20230531,19.7,30.3,672,753,20230531,6,66,9,8,8,7,8,7,239,266,238,205,252,,0,0,47,1425,2,4,0,0,20230531,0,,0,0.0,20230531,직영,3347,1430,1370646000,37.49120942,127.02595329,1165010800,서울시,19.8,17.4,서초구,23.0,20.9,5,225.0,0.0,
20,삼성서초가든스위트,355H㎡,서울시 서초구 서초동,1165010800,1326,서울시 서초구 서운로 122,37.494845,127.02585,141,0,23,2,277,24,721,삼성물산(주)주택부문,HT002,355.07,244.69,69,6,3,4,계단식,5414400,8612820,1082880,2115540,13725792,11438160,2287632,,,,,,,,,,,,서울서이초등학교,B100000762,서울특별시 서초구 서초동 1334-2번지(서운로 85),공립,단설,19831203,서울특별시교육청,http://seo2.sen.es.kr,20230531,19.7,30.3,672,753,20230531,6,66,9,8,8,7,8,7,239,266,238,205,252,,0,0,47,1425,2,4,0,0,20230531,0,,0,0.0,20230531,직영,3347,1430,1370646000,37.49120942,127.02595329,1165010800,서울시,19.8,17.4,서초구,23.0,20.9,5,225.0,0.0,
21,삼성서초가든스위트,355I㎡,서울시 서초구 서초동,1165010800,1326,서울시 서초구 서운로 122,37.494845,127.02585,141,0,23,2,277,24,721,삼성물산(주)주택부문,HT002,355.28,244.83,69,6,3,2,계단식,4068000,6525900,813600,1644300,7489440,6241200,1248240,,,,,55억,,,,,,,서울서이초등학교,B100000762,서울특별시 서초구 서초동 1334-2번지(서운로 85),공립,단설,19831203,서울특별시교육청,http://seo2.sen.es.kr,20230531,19.7,30.3,672,753,20230531,6,66,9,8,8,7,8,7,239,266,238,205,252,,0,0,47,1425,2,4,0,0,20230531,0,,0,0.0,20230531,직영,3347,1430,1370646000,37.49120942,127.02595329,1165010800,서울시,19.8,17.4,서초구,23.0,20.9,5,225.0,0.0,
22,삼성서초가든스위트,355㎡,서울시 서초구 서초동,1165010800,1326,서울시 서초구 서운로 122,37.494845,127.02585,141,0,23,2,277,24,721,삼성물산(주)주택부문,HT002,355.48,244.97,69,6,3,1,계단식,5452200,8671410,1090440,2128770,13940496,11617080,2323416,,,,,,,,,,,,서울서이초등학교,B100000762,서울특별시 서초구 서초동 1334-2번지(서운로 85),공립,단설,19831203,서울특별시교육청,http://seo2.sen.es.kr,20230531,19.7,30.3,672,753,20230531,6,66,9,8,8,7,8,7,239,266,238,205,252,,0,0,47,1425,2,4,0,0,20230531,0,,0,0.0,20230531,직영,3347,1430,1370646000,37.49120942,127.02595329,1165010800,서울시,19.8,17.4,서초구,23.0,20.9,5,225.0,0.0,
23,삼성서초가든스위트,355J,서울시 서초구 서초동,1165010800,1326,서울시 서초구 서운로 122,37.494845,127.02585,141,0,23,2,277,24,721,삼성물산(주)주택부문,HT002,355.33,244.87,69,6,3,1,계단식,5452200,8671410,1090440,2128770,13940496,11617080,2323416,,,,,,,,,,,,서울서이초등학교,B100000762,서울특별시 서초구 서초동 1334-2번지(서운로 85),공립,단설,19831203,서울특별시교육청,http://seo2.sen.es.kr,20230531,19.7,30.3,672,753,20230531,6,66,9,8,8,7,8,7,239,266,238,205,252,,0,0,47,1425,2,4,0,0,20230531,0,,0,0.0,20230531,직영,3347,1430,1370646000,37.49120942,127.02595329,1165010800,서울시,19.8,17.4,서초구,23.0,20.9,5,225.0,0.0,
0,삼성쉐르빌II(주상복합),50A㎡,서울시 서초구 서초동,1165010800,1330,서울시 서초구 강남대로53길 11,37.49396,127.027795,365,0,21,12,1008,59,269,삼성중공업(주),HT001,50.63,35.22,70,1,1,243,계단식,68550,220230,13710,137970,0,0,0,,213117,215208,"2억 9,300","3억 9,500","2억 4,500","3억 1,000","2,000/120","1억 5,000/65","2,000/120","1억 5,000/65",서울서이초등학교,B100000762,서울특별시 서초구 서초동 1334-2번지(서운로 85),공립,단설,19831203,서울특별시교육청,http://seo2.sen.es.kr,20230531,19.7,30.3,672,753,20230531,6,66,9,8,8,7,8,7,239,266,238,205,252,,0,0,47,1425,2,4,0,0,20230531,0,,0,0.0,20230531,직영,3347,1430,1370646000,37.49120942,127.02595329,1165010800,서울시,19.8,17.4,서초구,23.0,20.9,7,225.0,0.0,
1,삼성쉐르빌II(주상복합),50B㎡,서울시 서초구 서초동,1165010800,1330,서울시 서초구 강남대로53길 11,37.49396,127.027795,365,0,21,12,1008,59,269,삼성중공업(주),HT001,50.59,35.17,70,1,1,33,계단식,68550,220230,13710,137970,0,0,0,,212815,214902,,3억,,"2억 7,000",,,,,서울서이초등학교,B100000762,서울특별시 서초구 서초동 1334-2번지(서운로 85),공립,단설,19831203,서울특별시교육청,http://seo2.sen.es.kr,20230531,19.7,30.3,672,753,20230531,6,66,9,8,8,7,8,7,239,266,238,205,252,,0,0,47,1425,2,4,0,0,20230531,0,,0,0.0,20230531,직영,3347,1430,1370646000,37.49120942,127.02595329,1165010800,서울시,19.8,17.4,서초구,23.0,20.9,7,225.0,0.0,
2,삼성쉐르빌II(주상복합),50C㎡,서울시 서초구 서초동,1165010800,1330,서울시 서초구 강남대로53길 11,37.49396,127.027795,365,0,21,12,1008,59,269,삼성중공업(주),HT001,50.7,35.23,69,1,1,3,계단식,67200,216720,13440,136080,0,0,0,,213177,215269,,,,,,,,,서울서이초등학교,B100000762,서울특별시 서초구 서초동 1334-2번지(서운로 85),공립,단설,19831203,서울특별시교육청,http://seo2.sen.es.kr,20230531,19.7,30.3,672,753,20230531,6,66,9,8,8,7,8,7,239,266,238,205,252,,0,0,47,1425,2,4,0,0,20230531,0,,0,0.0,20230531,직영,3347,1430,1370646000,37.49120942,127.02595329,1165010800,서울시,19.8,17.4,서초구,23.0,20.9,7,225.0,0.0,
3,삼성쉐르빌II(주상복합),69㎡,서울시 서초구 서초동,1165010800,1330,서울시 서초구 강남대로53길 11,37.49396,127.027795,365,0,21,12,1008,59,269,삼성중공업(주),HT001,69.31,48.19,70,1,1,4,계단식,233100,568890,46620,289170,0,0,0,,291599,294460,,,,,,,,,서울서이초등학교,B100000762,서울특별시 서초구 서초동 1334-2번지(서운로 85),공립,단설,19831203,서울특별시교육청,http://seo2.sen.es.kr,20230531,19.7,30.3,672,753,20230531,6,66,9,8,8,7,8,7,239,266,238,205,252,,0,0,47,1425,2,4,0,0,20230531,0,,0,0.0,20230531,직영,3347,1430,1370646000,37.49120942,127.02595329,1165010800,서울시,19.8,17.4,서초구,23.0,20.9,7,225.0,0.0,
4,삼성쉐르빌II(주상복합),73㎡,서울시 서초구 서초동,1165010800,1330,서울시 서초구 강남대로53길 11,37.49396,127.027795,365,0,21,12,1008,59,269,삼성중공업(주),HT001,73.48,51.08,70,1,1,6,계단식,233100,568890,46620,289170,0,0,0,,309087,312119,,,,,,,,,서울서이초등학교,B100000762,서울특별시 서초구 서초동 1334-2번지(서운로 85),공립,단설,19831203,서울특별시교육청,http://seo2.sen.es.kr,20230531,19.7,30.3,672,753,20230531,6,66,9,8,8,7,8,7,239,266,238,205,252,,0,0,47,1425,2,4,0,0,20230531,0,,0,0.0,20230531,직영,3347,1430,1370646000,37.49120942,127.02595329,1165010800,서울시,19.8,17.4,서초구,23.0,20.9,7,225.0,0.0,
5,삼성쉐르빌II(주상복합),75B㎡,서울시 서초구 서초동,1165010800,1330,서울시 서초구 강남대로53길 11,37.49396,127.027795,365,0,21,12,1008,59,269,삼성중공업(주),HT001,75.98,52.83,70,1,1,20,계단식,233100,568890,46620,289170,0,0,0,,319676,322812,"6억 7,000","7억 5,000",,"4억 1,000",,"4,000/160",,"4,000/160",서울서이초등학교,B100000762,서울특별시 서초구 서초동 1334-2번지(서운로 85),공립,단설,19831203,서울특별시교육청,http://seo2.sen.es.kr,20230531,19.7,30.3,672,753,20230531,6,66,9,8,8,7,8,7,239,266,238,205,252,,0,0,47,1425,2,4,0,0,20230531,0,,0,0.0,20230531,직영,3347,1430,1370646000,37.49120942,127.02595329,1165010800,서울시,19.8,17.4,서초구,23.0,20.9,7,225.0,0.0,
6,삼성쉐르빌II(주상복합),75A㎡,서울시 서초구 서초동,1165010800,1330,서울시 서초구 강남대로53길 11,37.49396,127.027795,365,0,21,12,1008,59,269,삼성중공업(주),HT001,75.97,52.81,70,1,1,2,계단식,221400,546660,44280,280980,0,0,0,,319555,322690,,,"4억 1,000","4억 1,350",,,,,서울서이초등학교,B100000762,서울특별시 서초구 서초동 1334-2번지(서운로 85),공립,단설,19831203,서울특별시교육청,http://seo2.sen.es.kr,20230531,19.7,30.3,672,753,20230531,6,66,9,8,8,7,8,7,239,266,238,205,252,,0,0,47,1425,2,4,0,0,20230531,0,,0,0.0,20230531,직영,3347,1430,1370646000,37.49120942,127.02595329,1165010800,서울시,19.8,17.4,서초구,23.0,20.9,7,225.0,0.0,
7,삼성쉐르빌II(주상복합),75C㎡,서울시 서초구 서초동,1165010800,1330,서울시 서초구 강남대로53길 11,37.49396,127.027795,365,0,21,12,1008,59,269,삼성중공업(주),HT001,75.99,52.84,70,1,1,2,계단식,221400,546660,44280,280980,0,0,0,,319736,322873,,,,,,,,,서울서이초등학교,B100000762,서울특별시 서초구 서초동 1334-2번지(서운로 85),공립,단설,19831203,서울특별시교육청,http://seo2.sen.es.kr,20230531,19.7,30.3,672,753,20230531,6,66,9,8,8,7,8,7,239,266,238,205,252,,0,0,47,1425,2,4,0,0,20230531,0,,0,0.0,20230531,직영,3347,1430,1370646000,37.49120942,127.02595329,1165010800,서울시,19.8,17.4,서초구,23.0,20.9,7,225.0,0.0,
8,삼성쉐르빌II(주상복합),101,서울시 서초구 서초동,1165010800,1330,서울시 서초구 강남대로53길 11,37.49396,127.027795,365,0,21,12,1008,59,269,삼성중공업(주),HT001,101.38,70.49,70,2,2,52,계단식,366300,821970,73260,382410,0,0,0,,426537,430721,8억,"9억 8,000","5억 8,000",7억,"5,000/230","6억 5,000/30","5,000/230","6억 5,000/30",서울서이초등학교,B100000762,서울특별시 서초구 서초동 1334-2번지(서운로 85),공립,단설,19831203,서울특별시교육청,http://seo2.sen.es.kr,20230531,19.7,30.3,672,753,20230531,6,66,9,8,8,7,8,7,239,266,238,205,252,,0,0,47,1425,2,4,0,0,20230531,0,,0,0.0,20230531,직영,3347,1430,1370646000,37.49120942,127.02595329,1165010800,서울시,19.8,17.4,서초구,23.0,20.9,7,225.0,0.0,
0,삼풍,105㎡,서울시 서초구 서초동,1165010800,1685,서울시 서초구 서초중앙로 200,37.499179,127.016033,2390,0,15,9,221,16,3800,"현대,우성",HT005,105.63,79.47,75,3,1,1050,복도식,2683800,4380390,536760,1159830,2587824,2156520,431304,,365217,252819,"24억 9,000",26억,"6억 5,000","8억 5,000",2억/200,"6억 5,000/60",2억/200,"6억 5,000/60",서울원명초등학교,B100000779,서울특별시 서초구 서초동 1685-1번지,공립,단설,19890704,서울특별시교육청,http://wonmyong.sen.es.kr,20230531,25.9,27.3,635,540,20230531,8,71,7,6,7,8,8,7,175,183,206,208,204,,0,0,43,1175,3,2,0,0,20230531,15,,0,0.0,20230531,직영,3347,1386,1232065000,37.50050946,127.01679619,1165010800,서울시,19.8,17.4,서초구,23.0,20.9,2,199.0,223.0,
1,삼풍,151㎡,서울시 서초구 서초동,1165010800,1685,서울시 서초구 서초중앙로 200,37.499179,127.016033,2390,0,15,9,221,16,3800,"현대,우성",HT005,151,130.23,86,4,2,186,계단식,3837600,6168780,767520,1563660,6549408,5457840,1091568,,598492,414302,,35억,"11억 5,000",15억,7억/230,10억/120,7억/230,10억/120,서울원명초등학교,B100000779,서울특별시 서초구 서초동 1685-1번지,공립,단설,19890704,서울특별시교육청,http://wonmyong.sen.es.kr,20230531,25.9,27.3,635,540,20230531,8,71,7,6,7,8,8,7,175,183,206,208,204,,0,0,43,1175,3,2,0,0,20230531,15,,0,0.0,20230531,직영,3347,1386,1232065000,37.50050946,127.01679619,1165010800,서울시,19.8,17.4,서초구,23.0,20.9,2,199.0,223.0,
2,삼풍,154㎡,서울시 서초구 서초동,1165010800,1685,서울시 서초구 서초중앙로 200,37.499179,127.016033,2390,0,15,9,221,16,3800,"현대,우성",HT005,154.33,130.73,85,4,2,540,계단식,3970800,6375240,794160,1610280,7092864,5910720,1182144,,600790,415893,32억,37억,"8억 3,000",15억,7억/230,10억/160,7억/230,10억/160,서울원명초등학교,B100000779,서울특별시 서초구 서초동 1685-1번지,공립,단설,19890704,서울특별시교육청,http://wonmyong.sen.es.kr,20230531,25.9,27.3,635,540,20230531,8,71,7,6,7,8,8,7,175,183,206,208,204,,0,0,43,1175,3,2,0,0,20230531,15,,0,0.0,20230531,직영,3347,1386,1232065000,37.50050946,127.01679619,1165010800,서울시,19.8,17.4,서초구,23.0,20.9,2,199.0,223.0,
3,삼풍,185㎡,서울시 서초구 서초동,1165010800,1685,서울시 서초구 서초중앙로 200,37.499179,127.016033,2390,0,15,9,221,16,3800,"현대,우성",HT005,185.91,163.81,88,5,2,240,계단식,4341600,6949980,868320,1740060,8605728,7171440,1434288,,752815,521130,40억,45억,13억,16억,2억/500,"16억 5,000/40",2억/500,"16억 5,000/40",서울원명초등학교,B100000779,서울특별시 서초구 서초동 1685-1번지,공립,단설,19890704,서울특별시교육청,http://wonmyong.sen.es.kr,20230531,25.9,27.3,635,540,20230531,8,71,7,6,7,8,8,7,175,183,206,208,204,,0,0,43,1175,3,2,0,0,20230531,15,,0,0.0,20230531,직영,3347,1386,1232065000,37.50050946,127.01679619,1165010800,서울시,19.8,17.4,서초구,23.0,20.9,2,199.0,223.0,
4,삼풍,189㎡,서울시 서초구 서초동,1165010800,1685,서울시 서초구 서초중앙로 200,37.499179,127.016033,2390,0,15,9,221,16,3800,"현대,우성",HT005,189.05,165.92,88,5,2,330,계단식,4341600,6949980,868320,1740060,8605728,7171440,1434288,,762512,527843,39억,45억,14억,15억,4억/400,"16억 5,000/40",4억/400,"16억 5,000/40",서울원명초등학교,B100000779,서울특별시 서초구 서초동 1685-1번지,공립,단설,19890704,서울특별시교육청,http://wonmyong.sen.es.kr,20230531,25.9,27.3,635,540,20230531,8,71,7,6,7,8,8,7,175,183,206,208,204,,0,0,43,1175,3,2,0,0,20230531,15,,0,0.0,20230531,직영,3347,1386,1232065000,37.50050946,127.01679619,1165010800,서울시,19.8,17.4,서초구,23.0,20.9,2,199.0,223.0,
5,삼풍,192,서울시 서초구 서초동,1165010800,1685,서울시 서초구 서초중앙로 200,37.499179,127.016033,2390,0,15,9,221,16,3800,"현대,우성",HT005,192.9,165.36,86,5,2,44,계단식,4485600,7173180,897120,1790460,9193248,7661040,1532208,,759938,526061,,,,15억,,10억/140,,10억/140,서울원명초등학교,B100000779,서울특별시 서초구 서초동 1685-1번지,공립,단설,19890704,서울특별시교육청,http://wonmyong.sen.es.kr,20230531,25.9,27.3,635,540,20230531,8,71,7,6,7,8,8,7,175,183,206,208,204,,0,0,43,1175,3,2,0,0,20230531,15,,0,0.0,20230531,직영,3347,1386,1232065000,37.50050946,127.01679619,1165010800,서울시,19.8,17.4,서초구,23.0,20.9,2,199.0,223.0,
0,삼환바우스(주상복합),101A㎡,서울시 서초구 서초동,1165010800,1677-11,서울시 서초구 서초대로 340,37.494949,127.018814,40,0,15,15,698,59,60,(주)삼환기업,HT001,101.17,84.74,84,3,2,20,계단식,,,,,,,,,,,"13억 3,000","14억 3,000",,,,,,,서울서초초등학교,B100000764,서울특별시 서초구 서초동 1310-6,공립,단설,19801004,서울특별시교육청,http://seocho.sen.es.kr,20230531,25.3,27.8,531,496,20230531,7,52,5,6,6,6,6,7,144,164,172,173,172,,1,5,36,1027,1,2,0,0,20230531,15,,0,0.0,20230531,직영,3385,1084,1057499000,37.49924318,127.02411499,1165010800,서울시,19.8,17.4,서초구,23.0,20.9,12,197.0,166.0,
1,삼환바우스(주상복합),101B,서울시 서초구 서초동,1165010800,1677-11,서울시 서초구 서초대로 340,37.494949,127.018814,40,0,15,15,698,59,60,(주)삼환기업,HT001,101.45,84.98,84,3,2,20,계단식,,,,,,,,,,,,"13억 3,000",,,,,,,서울서초초등학교,B100000764,서울특별시 서초구 서초동 1310-6,공립,단설,19801004,서울특별시교육청,http://seocho.sen.es.kr,20230531,25.3,27.8,531,496,20230531,7,52,5,6,6,6,6,7,144,164,172,173,172,,1,5,36,1027,1,2,0,0,20230531,15,,0,0.0,20230531,직영,3385,1084,1057499000,37.49924318,127.02411499,1165010800,서울시,19.8,17.4,서초구,23.0,20.9,12,197.0,166.0,
0,상지리츠빌2차,165㎡,서울시 서초구 서초동,1165010800,1617-8,서울시 서초구 서리풀4길 34,37.488021,127.022207,36,0,7,5,249,43,82,상지건영주식회사,HT001,165.92,151.61,91,4,2,2,계단식,1191600,2067480,238320,637560,0,0,0,,,,,,,,,,,,서울서일초등학교,B100000763,서울특별시 서초구 서초동 1436-8번지,공립,단설,19861016,서울특별시교육청,http://seoulseoil.sen.es.kr,20230531,20.3,20.8,266,232,20230531,4,33,3,4,4,4,4,4,72,79,88,78,93,,1,5,23,498,1,4,0,0,20230531,6,,0,0.0,20230531,직영,3377,558,615924000,37.48478772,127.02260429,1165010800,서울시,19.8,17.4,서초구,23.0,20.9,8,83.0,87.0,
1,상지리츠빌2차,168㎡,서울시 서초구 서초동,1165010800,1617-8,서울시 서초구 서리풀4길 34,37.488021,127.022207,36,0,7,5,249,43,82,상지건영주식회사,HT001,168.8,151.07,89,3,2,1,계단식,1182600,2053530,236520,634410,0,0,0,,,,,,,,,,,,서울서일초등학교,B100000763,서울특별시 서초구 서초동 1436-8번지,공립,단설,19861016,서울특별시교육청,http://seoulseoil.sen.es.kr,20230531,20.3,20.8,266,232,20230531,4,33,3,4,4,4,4,4,72,79,88,78,93,,1,5,23,498,1,4,0,0,20230531,6,,0,0.0,20230531,직영,3377,558,615924000,37.48478772,127.02260429,1165010800,서울시,19.8,17.4,서초구,23.0,20.9,8,83.0,87.0,
2,상지리츠빌2차,183㎡,서울시 서초구 서초동,1165010800,1617-8,서울시 서초구 서리풀4길 34,37.488021,127.022207,36,0,7,5,249,43,82,상지건영주식회사,HT001,183.09,163.84,89,4,2,20,계단식,1519200,2575260,303840,752220,284256,236880,47376,,,,,"21억 5,000",,,,,,,서울서일초등학교,B100000763,서울특별시 서초구 서초동 1436-8번지,공립,단설,19861016,서울특별시교육청,http://seoulseoil.sen.es.kr,20230531,20.3,20.8,266,232,20230531,4,33,3,4,4,4,4,4,72,79,88,78,93,,1,5,23,498,1,4,0,0,20230531,6,,0,0.0,20230531,직영,3377,558,615924000,37.48478772,127.02260429,1165010800,서울시,19.8,17.4,서초구,23.0,20.9,8,83.0,87.0,
3,상지리츠빌2차,191㎡,서울시 서초구 서초동,1165010800,1617-8,서울시 서초구 서리풀4길 34,37.488021,127.022207,36,0,7,5,249,43,82,상지건영주식회사,HT001,191.4,163.59,85,4,2,4,계단식,1562400,2642220,312480,767340,356832,297360,59472,,,,,,,,,,,,서울서일초등학교,B100000763,서울특별시 서초구 서초동 1436-8번지,공립,단설,19861016,서울특별시교육청,http://seoulseoil.sen.es.kr,20230531,20.3,20.8,266,232,20230531,4,33,3,4,4,4,4,4,72,79,88,78,93,,1,5,23,498,1,4,0,0,20230531,6,,0,0.0,20230531,직영,3377,558,615924000,37.48478772,127.02260429,1165010800,서울시,19.8,17.4,서초구,23.0,20.9,8,83.0,87.0,
4,상지리츠빌2차,195㎡,서울시 서초구 서초동,1165010800,1617-8,서울시 서초구 서리풀4길 34,37.488021,127.022207,36,0,7,5,249,43,82,상지건영주식회사,HT001,195.11,170.8,88,4,2,4,계단식,1701000,2857050,340200,815850,589680,491400,98280,,,,,25억,,,,,,,서울서일초등학교,B100000763,서울특별시 서초구 서초동 1436-8번지,공립,단설,19861016,서울특별시교육청,http://seoulseoil.sen.es.kr,20230531,20.3,20.8,266,232,20230531,4,33,3,4,4,4,4,4,72,79,88,78,93,,1,5,23,498,1,4,0,0,20230531,6,,0,0.0,20230531,직영,3377,558,615924000,37.48478772,127.02260429,1165010800,서울시,19.8,17.4,서초구,23.0,20.9,8,83.0,87.0,
5,상지리츠빌2차,198㎡,서울시 서초구 서초동,1165010800,1617-8,서울시 서초구 서리풀4길 34,37.488021,127.022207,36,0,7,5,249,43,82,상지건영주식회사,HT001,198.21,177.36,89,4,2,1,계단식,1557000,2633850,311400,765450,347760,289800,57960,,,,,28억,,18억,,,,,서울서일초등학교,B100000763,서울특별시 서초구 서초동 1436-8번지,공립,단설,19861016,서울특별시교육청,http://seoulseoil.sen.es.kr,20230531,20.3,20.8,266,232,20230531,4,33,3,4,4,4,4,4,72,79,88,78,93,,1,5,23,498,1,4,0,0,20230531,6,,0,0.0,20230531,직영,3377,558,615924000,37.48478772,127.02260429,1165010800,서울시,19.8,17.4,서초구,23.0,20.9,8,83.0,87.0,
6,상지리츠빌2차,216㎡,서울시 서초구 서초동,1165010800,1617-8,서울시 서초구 서리풀4길 34,37.488021,127.022207,36,0,7,5,249,43,82,상지건영주식회사,HT001,216.32,184.9,85,4,2,1,계단식,1807200,3021660,361440,853020,768096,640080,128016,,,,,,,,,,,,서울서일초등학교,B100000763,서울특별시 서초구 서초동 1436-8번지,공립,단설,19861016,서울특별시교육청,http://seoulseoil.sen.es.kr,20230531,20.3,20.8,266,232,20230531,4,33,3,4,4,4,4,4,72,79,88,78,93,,1,5,23,498,1,4,0,0,20230531,6,,0,0.0,20230531,직영,3377,558,615924000,37.48478772,127.02260429,1165010800,서울시,19.8,17.4,서초구,23.0,20.9,8,83.0,87.0,
7,상지리츠빌2차,217B㎡,서울시 서초구 서초동,1165010800,1617-8,서울시 서초구 서리풀4길 34,37.488021,127.022207,36,0,7,5,249,43,82,상지건영주식회사,HT001,217.48,198.74,91,4,2,1,계단식,1661400,2795670,332280,801990,523152,435960,87192,,,,,,,,,,,,서울서일초등학교,B100000763,서울특별시 서초구 서초동 1436-8번지,공립,단설,19861016,서울특별시교육청,http://seoulseoil.sen.es.kr,20230531,20.3,20.8,266,232,20230531,4,33,3,4,4,4,4,4,72,79,88,78,93,,1,5,23,498,1,4,0,0,20230531,6,,0,0.0,20230531,직영,3377,558,615924000,37.48478772,127.02260429,1165010800,서울시,19.8,17.4,서초구,23.0,20.9,8,83.0,87.0,
8,상지리츠빌2차,219A㎡,서울시 서초구 서초동,1165010800,1617-8,서울시 서초구 서리풀4길 34,37.488021,127.022207,36,0,7,5,249,43,82,상지건영주식회사,HT001,219.36,196.29,89,4,2,1,계단식,1584000,2675700,316800,774900,393120,327600,65520,,,,,,,,,,,,서울서일초등학교,B100000763,서울특별시 서초구 서초동 1436-8번지,공립,단설,19861016,서울특별시교육청,http://seoulseoil.sen.es.kr,20230531,20.3,20.8,266,232,20230531,4,33,3,4,4,4,4,4,72,79,88,78,93,,1,5,23,498,1,4,0,0,20230531,6,,0,0.0,20230531,직영,3377,558,615924000,37.48478772,127.02260429,1165010800,서울시,19.8,17.4,서초구,23.0,20.9,8,83.0,87.0,
9,상지리츠빌2차,237,서울시 서초구 서초동,1165010800,1617-8,서울시 서초구 서리풀4길 34,37.488021,127.022207,36,0,7,5,249,43,82,상지건영주식회사,HT001,237.74,208.15,88,4,2,1,계단식,1764000,2954700,352800,837900,695520,579600,115920,,,,,,,,,,,,서울서일초등학교,B100000763,서울특별시 서초구 서초동 1436-8번지,공립,단설,19861016,서울특별시교육청,http://seoulseoil.sen.es.kr,20230531,20.3,20.8,266,232,20230531,4,33,3,4,4,4,4,4,72,79,88,78,93,,1,5,23,498,1,4,0,0,20230531,6,,0,0.0,20230531,직영,3377,558,615924000,37.48478772,127.02260429,1165010800,서울시,19.8,17.4,서초구,23.0,20.9,8,83.0,87.0,
0,새티스(1435-2),75㎡,서울시 서초구 서초동,1165010800,1435-2,서울시 서초구 남부순환로337가길 51-6,37.484694,127.024082,18,0,6,6,269,53,26,(주)새티스건설,HT001,75.28,68.25,91,3,2,1,계단식,216000,536400,43200,277200,0,0,0,,,,,"12억 9,000",,,,,,,서울서일초등학교,B100000763,서울특별시 서초구 서초동 1436-8번지,공립,단설,19861016,서울특별시교육청,http://seoulseoil.sen.es.kr,20230531,20.3,20.8,266,232,20230531,4,33,3,4,4,4,4,4,72,79,88,78,93,,1,5,23,498,1,4,0,0,20230531,6,,0,0.0,20230531,직영,3377,558,615924000,37.48478772,127.02260429,1165010800,서울시,19.8,17.4,서초구,23.0,20.9,1,83.0,87.0,
1,새티스(1435-2),81㎡,서울시 서초구 서초동,1165010800,1435-2,서울시 서초구 남부순환로337가길 51-6,37.484694,127.024082,18,0,6,6,269,53,26,(주)새티스건설,HT001,81.17,73.59,91,3,2,1,계단식,216000,536400,43200,277200,0,0,0,,,,,,,,,,,,서울서일초등학교,B100000763,서울특별시 서초구 서초동 1436-8번지,공립,단설,19861016,서울특별시교육청,http://seoulseoil.sen.es.kr,20230531,20.3,20.8,266,232,20230531,4,33,3,4,4,4,4,4,72,79,88,78,93,,1,5,23,498,1,4,0,0,20230531,6,,0,0.0,20230531,직영,3377,558,615924000,37.48478772,127.02260429,1165010800,서울시,19.8,17.4,서초구,23.0,20.9,1,83.0,87.0,
2,새티스(1435-2),89A㎡,서울시 서초구 서초동,1165010800,1435-2,서울시 서초구 남부순환로337가길 51-6,37.484694,127.024082,18,0,6,6,269,53,26,(주)새티스건설,HT001,89.18,80.85,91,3,2,1,계단식,300600,697140,60120,336420,0,0,0,,,,,,,,,,,,서울서일초등학교,B100000763,서울특별시 서초구 서초동 1436-8번지,공립,단설,19861016,서울특별시교육청,http://seoulseoil.sen.es.kr,20230531,20.3,20.8,266,232,20230531,4,33,3,4,4,4,4,4,72,79,88,78,93,,1,5,23,498,1,4,0,0,20230531,6,,0,0.0,20230531,직영,3377,558,615924000,37.48478772,127.02260429,1165010800,서울시,19.8,17.4,서초구,23.0,20.9,1,83.0,87.0,
3,새티스(1435-2),90B㎡,서울시 서초구 서초동,1165010800,1435-2,서울시 서초구 남부순환로337가길 51-6,37.484694,127.024082,18,0,6,6,269,53,26,(주)새티스건설,HT001,90.75,82.27,91,3,2,1,계단식,304200,703980,60840,338940,0,0,0,,,,,,,,,,,,서울서일초등학교,B100000763,서울특별시 서초구 서초동 1436-8번지,공립,단설,19861016,서울특별시교육청,http://seoulseoil.sen.es.kr,20230531,20.3,20.8,266,232,20230531,4,33,3,4,4,4,4,4,72,79,88,78,93,,1,5,23,498,1,4,0,0,20230531,6,,0,0.0,20230531,직영,3377,558,615924000,37.48478772,127.02260429,1165010800,서울시,19.8,17.4,서초구,23.0,20.9,1,83.0,87.0,
4,새티스(1435-2),105㎡,서울시 서초구 서초동,1165010800,1435-2,서울시 서초구 남부순환로337가길 51-6,37.484694,127.024082,18,0,6,6,269,53,26,(주)새티스건설,HT001,105.04,95.23,91,3,2,1,계단식,396900,880110,79380,403830,0,0,0,,,,,,,,,,,,서울서일초등학교,B100000763,서울특별시 서초구 서초동 1436-8번지,공립,단설,19861016,서울특별시교육청,http://seoulseoil.sen.es.kr,20230531,20.3,20.8,266,232,20230531,4,33,3,4,4,4,4,4,72,79,88,78,93,,1,5,23,498,1,4,0,0,20230531,6,,0,0.0,20230531,직영,3377,558,615924000,37.48478772,127.02260429,1165010800,서울시,19.8,17.4,서초구,23.0,20.9,1,83.0,87.0,
5,새티스(1435-2),116㎡,서울시 서초구 서초동,1165010800,1435-2,서울시 서초구 남부순환로337가길 51-6,37.484694,127.024082,18,0,6,6,269,53,26,(주)새티스건설,HT001,116.85,105.94,91,4,2,1,계단식,530775,1101240,106155,464310,0,0,0,,,,,,,,,,,,서울서일초등학교,B100000763,서울특별시 서초구 서초동 1436-8번지,공립,단설,19861016,서울특별시교육청,http://seoulseoil.sen.es.kr,20230531,20.3,20.8,266,232,20230531,4,33,3,4,4,4,4,4,72,79,88,78,93,,1,5,23,498,1,4,0,0,20230531,6,,0,0.0,20230531,직영,3377,558,615924000,37.48478772,127.02260429,1165010800,서울시,19.8,17.4,서초구,23.0,20.9,1,83.0,87.0,
6,새티스(1435-2),124A㎡,서울시 서초구 서초동,1165010800,1435-2,서울시 서초구 남부순환로337가길 51-6,37.484694,127.024082,18,0,6,6,269,53,26,(주)새티스건설,HT001,124.56,112.93,91,4,2,1,계단식,600075,1212120,120015,492030,0,0,0,,,,,,,,,,,,서울서일초등학교,B100000763,서울특별시 서초구 서초동 1436-8번지,공립,단설,19861016,서울특별시교육청,http://seoulseoil.sen.es.kr,20230531,20.3,20.8,266,232,20230531,4,33,3,4,4,4,4,4,72,79,88,78,93,,1,5,23,498,1,4,0,0,20230531,6,,0,0.0,20230531,직영,3377,558,615924000,37.48478772,127.02260429,1165010800,서울시,19.8,17.4,서초구,23.0,20.9,1,83.0,87.0,
7,새티스(1435-2),126B㎡,서울시 서초구 서초동,1165010800,1435-2,서울시 서초구 남부순환로337가길 51-6,37.484694,127.024082,18,0,6,6,269,53,26,(주)새티스건설,HT001,126.12,114.34,91,3,2,1,계단식,600075,1212120,120015,492030,0,0,0,,,,,,,,,,,,서울서일초등학교,B100000763,서울특별시 서초구 서초동 1436-8번지,공립,단설,19861016,서울특별시교육청,http://seoulseoil.sen.es.kr,20230531,20.3,20.8,266,232,20230531,4,33,3,4,4,4,4,4,72,79,88,78,93,,1,5,23,498,1,4,0,0,20230531,6,,0,0.0,20230531,직영,3377,558,615924000,37.48478772,127.02260429,1165010800,서울시,19.8,17.4,서초구,23.0,20.9,1,83.0,87.0,
8,새티스(1435-2),129㎡,서울시 서초구 서초동,1165010800,1435-2,서울시 서초구 남부순환로337가길 51-6,37.484694,127.024082,18,0,6,6,269,53,26,(주)새티스건설,HT001,129.85,117.72,91,4,2,3,계단식,614250,1234800,122850,497700,0,0,0,,,,,,,10억,,5억/250,,5억/250,서울서일초등학교,B100000763,서울특별시 서초구 서초동 1436-8번지,공립,단설,19861016,서울특별시교육청,http://seoulseoil.sen.es.kr,20230531,20.3,20.8,266,232,20230531,4,33,3,4,4,4,4,4,72,79,88,78,93,,1,5,23,498,1,4,0,0,20230531,6,,0,0.0,20230531,직영,3377,558,615924000,37.48478772,127.02260429,1165010800,서울시,19.8,17.4,서초구,23.0,20.9,1,83.0,87.0,
9,새티스(1435-2),136㎡,서울시 서초구 서초동,1165010800,1435-2,서울시 서초구 남부순환로337가길 51-6,37.484694,127.024082,18,0,6,6,269,53,26,(주)새티스건설,HT001,136.77,124,91,4,2,3,계단식,634725,1267560,126945,505890,0,0,0,,,,,,,,,,,,서울서일초등학교,B100000763,서울특별시 서초구 서초동 1436-8번지,공립,단설,19861016,서울특별시교육청,http://seoulseoil.sen.es.kr,20230531,20.3,20.8,266,232,20230531,4,33,3,4,4,4,4,4,72,79,88,78,93,,1,5,23,498,1,4,0,0,20230531,6,,0,0.0,20230531,직영,3377,558,615924000,37.48478772,127.02260429,1165010800,서울시,19.8,17.4,서초구,23.0,20.9,1,83.0,87.0,
10,새티스(1435-2),149㎡,서울시 서초구 서초동,1165010800,1435-2,서울시 서초구 남부순환로337가길 51-6,37.484694,127.024082,18,0,6,6,269,53,26,(주)새티스건설,HT001,149.66,135.68,91,4,2,1,계단식,710325,1388520,142065,536130,0,0,0,,,,,,,,,,,,서울서일초등학교,B100000763,서울특별시 서초구 서초동 1436-8번지,공립,단설,19861016,서울특별시교육청,http://seoulseoil.sen.es.kr,20230531,20.3,20.8,266,232,20230531,4,33,3,4,4,4,4,4,72,79,88,78,93,,1,5,23,498,1,4,0,0,20230531,6,,0,0.0,20230531,직영,3377,558,615924000,37.48478772,127.02260429,1165010800,서울시,19.8,17.4,서초구,23.0,20.9,1,83.0,87.0,
11,새티스(1435-2),155,서울시 서초구 서초동,1165010800,1435-2,서울시 서초구 남부순환로337가길 51-6,37.484694,127.024082,18,0,6,6,269,53,26,(주)새티스건설,HT001,155.02,140.54,91,5,2,3,계단식,721350,1406160,144270,540540,0,0,0,,,,,,,,,,,,서울서일초등학교,B100000763,서울특별시 서초구 서초동 1436-8번지,공립,단설,19861016,서울특별시교육청,http://seoulseoil.sen.es.kr,20230531,20.3,20.8,266,232,20230531,4,33,3,4,4,4,4,4,72,79,88,78,93,,1,5,23,498,1,4,0,0,20230531,6,,0,0.0,20230531,직영,3377,558,615924000,37.48478772,127.02260429,1165010800,서울시,19.8,17.4,서초구,23.0,20.9,1,83.0,87.0,
0,새티스(1472-21),61㎡,서울시 서초구 서초동,1165010800,1472-21,서울시 서초구 반포대로3길 48,37.481378,127.009969,19,0,6,5,239,59,21,(주)새티스건설,HT001,61.47,52.59,86,2,1,3,복합식,112650,334890,22530,199710,0,0,0,,,,,,,,,,,,서울신중초등학교,B100000768,서울특별시 서초구 서초동 1466-6번지,공립,단설,19360601,서울특별시교육청,http://sinjung.sen.es.kr,20230531,21.0,22.5,455,378,20230531,4,57,5,6,6,6,7,6,130,124,135,138,166,,1,5,36,833,1,3,0,0,20230531,10,,0,0.0,20230531,직영,3385,931,831091000,37.4801795,127.0093516,1165010800,서울시,19.8,17.4,서초구,23.0,20.9,3,135.0,162.0,
1,새티스(1472-21),88㎡,서울시 서초구 서초동,1165010800,1472-21,서울시 서초구 반포대로3길 48,37.481378,127.009969,19,0,6,5,239,59,21,(주)새티스건설,HT001,88.35,75.6,86,3,2,3,복합식,205200,515880,41040,269640,0,0,0,,,,,,,,,,,,서울신중초등학교,B100000768,서울특별시 서초구 서초동 1466-6번지,공립,단설,19360601,서울특별시교육청,http://sinjung.sen.es.kr,20230531,21.0,22.5,455,378,20230531,4,57,5,6,6,6,7,6,130,124,135,138,166,,1,5,36,833,1,3,0,0,20230531,10,,0,0.0,20230531,직영,3385,931,831091000,37.4801795,127.0093516,1165010800,서울시,19.8,17.4,서초구,23.0,20.9,3,135.0,162.0,
2,새티스(1472-21),98㎡,서울시 서초구 서초동,1165010800,1472-21,서울시 서초구 반포대로3길 48,37.481378,127.009969,19,0,6,5,239,59,21,(주)새티스건설,HT001,98.73,84.48,86,3,2,12,복합식,269100,637290,53820,314370,0,0,0,,,,10억,11억,,,,,,,서울신중초등학교,B100000768,서울특별시 서초구 서초동 1466-6번지,공립,단설,19360601,서울특별시교육청,http://sinjung.sen.es.kr,20230531,21.0,22.5,455,378,20230531,4,57,5,6,6,6,7,6,130,124,135,138,166,,1,5,36,833,1,3,0,0,20230531,10,,0,0.0,20230531,직영,3385,931,831091000,37.4801795,127.0093516,1165010800,서울시,19.8,17.4,서초구,23.0,20.9,3,135.0,162.0,
3,새티스(1472-21),149,서울시 서초구 서초동,1165010800,1472-21,서울시 서초구 반포대로3길 48,37.481378,127.009969,19,0,6,5,239,59,21,(주)새티스건설,HT001,149.84,128.19,86,4,2,1,복합식,394200,874980,78840,401940,0,0,0,,,,,,,,,,,,서울신중초등학교,B100000768,서울특별시 서초구 서초동 1466-6번지,공립,단설,19360601,서울특별시교육청,http://sinjung.sen.es.kr,20230531,21.0,22.5,455,378,20230531,4,57,5,6,6,6,7,6,130,124,135,138,166,,1,5,36,833,1,3,0,0,20230531,10,,0,0.0,20230531,직영,3385,931,831091000,37.4801795,127.0093516,1165010800,서울시,19.8,17.4,서초구,23.0,20.9,3,135.0,162.0,
0,샹보르,208㎡,서울시 서초구 서초동,1165010800,1609-1,서울시 서초구 효령로67길 64,37.49019,127.022959,19,0,11,10,299,32,51,(주)기윤도시개발,HT001,208.76,192.57,92,4,2,17,계단식,1422000,2424600,284400,718200,120960,100800,20160,,,,20억,21억,,,,,,,서울서이초등학교,B100000762,서울특별시 서초구 서초동 1334-2번지(서운로 85),공립,단설,19831203,서울특별시교육청,http://seo2.sen.es.kr,20230531,19.7,30.3,672,753,20230531,6,66,9,8,8,7,8,7,239,266,238,205,252,,0,0,47,1425,2,4,0,0,20230531,0,,0,0.0,20230531,직영,3347,1430,1370646000,37.49120942,127.02595329,1165010800,서울시,19.8,17.4,서초구,23.0,20.9,6,225.0,0.0,
1,샹보르,283,서울시 서초구 서초동,1165010800,1609-1,서울시 서초구 효령로67길 64,37.49019,127.022959,19,0,11,10,299,32,51,(주)기윤도시개발,HT001,283.78,260.2,92,5,3,2,계단식,1620000,2731500,324000,787500,453600,378000,75600,,,,,,,,,,,,서울서이초등학교,B100000762,서울특별시 서초구 서초동 1334-2번지(서운로 85),공립,단설,19831203,서울특별시교육청,http://seo2.sen.es.kr,20230531,19.7,30.3,672,753,20230531,6,66,9,8,8,7,8,7,239,266,238,205,252,,0,0,47,1425,2,4,0,0,20230531,0,,0,0.0,20230531,직영,3347,1430,1370646000,37.49120942,127.02595329,1165010800,서울시,19.8,17.4,서초구,23.0,20.9,6,225.0,0.0,
0,서리풀블레스빌,33㎡,서울시 서초구 서초동,1165010800,1495-6,서울시 서초구 명달로17길 26,37.485485,127.002539,24,0,6,3,197,57,18,반석종합건설주식회사,HT001,33.9,27.9,82,1,1,4,계단식,,,,,,,,,,,,,,,,,,,,,,,,,,,,,,,,,,,,,,,,,,,,,,,,,,,,,,,,,,,,,,,,,,,,,,,,,,,,,
1,서리풀블레스빌,51B㎡,서울시 서초구 서초동,1165010800,1495-6,서울시 서초구 명달로17길 26,37.485485,127.002539,24,0,6,3,197,57,18,반석종합건설주식회사,HT001,51.32,42.24,82,2,1,5,계단식,,,,,,,,,,,,,,,,,,,,,,,,,,,,,,,,,,,,,,,,,,,,,,,,,,,,,,,,,,,,,,,,,,,,,,,,,,,,,
2,서리풀블레스빌,53A㎡,서울시 서초구 서초동,1165010800,1495-6,서울시 서초구 명달로17길 26,37.485485,127.002539,24,0,6,3,197,57,18,반석종합건설주식회사,HT001,53.52,44.04,82,2,1,7,계단식,,,,,,,,,,,,"7억 5,000",,,,,,,,,,,,,,,,,,,,,,,,,,,,,,,,,,,,,,,,,,,,,,,,,,,,,,,,,,,,,,,,,
3,서리풀블레스빌,57㎡,서울시 서초구 서초동,1165010800,1495-6,서울시 서초구 명달로17길 26,37.485485,127.002539,24,0,6,3,197,57,18,반석종합건설주식회사,HT001,57.82,47.57,82,2,1,4,계단식,,,,,,,,,,,,,,,,,,,,,,,,,,,,,,,,,,,,,,,,,,,,,,,,,,,,,,,,,,,,,,,,,,,,,,,,,,,,,
4,서리풀블레스빌,63,서울시 서초구 서초동,1165010800,1495-6,서울시 서초구 명달로17길 26,37.485485,127.002539,24,0,6,3,197,57,18,반석종합건설주식회사,HT001,63.87,52.56,82,2,1,4,계단식,,,,,,,,,,,,,,,,,,,,,,,,,,,,,,,,,,,,,,,,,,,,,,,,,,,,,,,,,,,,,,,,,,,,,,,,,,,,,
0,서리풀월드메르디앙레브,65F㎡,서울시 서초구 서초동,1165010800,1490-5,서울시 서초구 명달로11길 17-2,37.482897,127.003097,40,0,5,5,198,48,36,월드건설산업(주),HT001,65.96,59.01,89,3,2,6,계단식,,,,,,,,,,,11억,"13억 5,000",,,,,,,서울신중초등학교,B100000768,서울특별시 서초구 서초동 1466-6번지,공립,단설,19360601,서울특별시교육청,http://sinjung.sen.es.kr,20230531,21.0,22.5,455,378,20230531,4,57,5,6,6,6,7,6,130,124,135,138,166,,1,5,36,833,1,3,0,0,20230531,10,,0,0.0,20230531,직영,3385,931,831091000,37.4801795,127.0093516,1165010800,서울시,19.8,17.4,서초구,23.0,20.9,13,135.0,162.0,
1,서리풀월드메르디앙레브,65A㎡,서울시 서초구 서초동,1165010800,1490-5,서울시 서초구 명달로11길 17-2,37.482897,127.003097,40,0,5,5,198,48,36,월드건설산업(주),HT001,65.99,59.04,89,3,2,5,계단식,,,,,,,,,,,,12억,,"7억 5,000",,,,,서울신중초등학교,B100000768,서울특별시 서초구 서초동 1466-6번지,공립,단설,19360601,서울특별시교육청,http://sinjung.sen.es.kr,20230531,21.0,22.5,455,378,20230531,4,57,5,6,6,6,7,6,130,124,135,138,166,,1,5,36,833,1,3,0,0,20230531,10,,0,0.0,20230531,직영,3385,931,831091000,37.4801795,127.0093516,1165010800,서울시,19.8,17.4,서초구,23.0,20.9,13,135.0,162.0,
2,서리풀월드메르디앙레브,65C㎡,서울시 서초구 서초동,1165010800,1490-5,서울시 서초구 명달로11길 17-2,37.482897,127.003097,40,0,5,5,198,48,36,월드건설산업(주),HT001,65.92,59.36,90,3,2,5,계단식,,,,,,,,,,,,,,,,,,,서울신중초등학교,B100000768,서울특별시 서초구 서초동 1466-6번지,공립,단설,19360601,서울특별시교육청,http://sinjung.sen.es.kr,20230531,21.0,22.5,455,378,20230531,4,57,5,6,6,6,7,6,130,124,135,138,166,,1,5,36,833,1,3,0,0,20230531,10,,0,0.0,20230531,직영,3385,931,831091000,37.4801795,127.0093516,1165010800,서울시,19.8,17.4,서초구,23.0,20.9,13,135.0,162.0,
3,서리풀월드메르디앙레브,65G㎡,서울시 서초구 서초동,1165010800,1490-5,서울시 서초구 명달로11길 17-2,37.482897,127.003097,40,0,5,5,198,48,36,월드건설산업(주),HT001,65.97,59.4,90,3,2,5,계단식,,,,,,,,,,,"10억 3,000",12억,,,,,,,서울신중초등학교,B100000768,서울특별시 서초구 서초동 1466-6번지,공립,단설,19360601,서울특별시교육청,http://sinjung.sen.es.kr,20230531,21.0,22.5,455,378,20230531,4,57,5,6,6,6,7,6,130,124,135,138,166,,1,5,36,833,1,3,0,0,20230531,10,,0,0.0,20230531,직영,3385,931,831091000,37.4801795,127.0093516,1165010800,서울시,19.8,17.4,서초구,23.0,20.9,13,135.0,162.0,
4,서리풀월드메르디앙레브,65H㎡,서울시 서초구 서초동,1165010800,1490-5,서울시 서초구 명달로11길 17-2,37.482897,127.003097,40,0,5,5,198,48,36,월드건설산업(주),HT001,65.99,59.42,90,3,2,5,계단식,,,,,,,,,,,,,,,,,,,서울신중초등학교,B100000768,서울특별시 서초구 서초동 1466-6번지,공립,단설,19360601,서울특별시교육청,http://sinjung.sen.es.kr,20230531,21.0,22.5,455,378,20230531,4,57,5,6,6,6,7,6,130,124,135,138,166,,1,5,36,833,1,3,0,0,20230531,10,,0,0.0,20230531,직영,3385,931,831091000,37.4801795,127.0093516,1165010800,서울시,19.8,17.4,서초구,23.0,20.9,13,135.0,162.0,
5,서리풀월드메르디앙레브,65B㎡,서울시 서초구 서초동,1165010800,1490-5,서울시 서초구 명달로11길 17-2,37.482897,127.003097,40,0,5,5,198,48,36,월드건설산업(주),HT001,65.58,59.01,90,3,2,4,계단식,,,,,,,,,,,,,,,,,,,서울신중초등학교,B100000768,서울특별시 서초구 서초동 1466-6번지,공립,단설,19360601,서울특별시교육청,http://sinjung.sen.es.kr,20230531,21.0,22.5,455,378,20230531,4,57,5,6,6,6,7,6,130,124,135,138,166,,1,5,36,833,1,3,0,0,20230531,10,,0,0.0,20230531,직영,3385,931,831091000,37.4801795,127.0093516,1165010800,서울시,19.8,17.4,서초구,23.0,20.9,13,135.0,162.0,
6,서리풀월드메르디앙레브,66D㎡,서울시 서초구 서초동,1165010800,1490-5,서울시 서초구 명달로11길 17-2,37.482897,127.003097,40,0,5,5,198,48,36,월드건설산업(주),HT001,66.05,59.47,90,3,2,5,계단식,,,,,,,,,,,,,,,,,,,서울신중초등학교,B100000768,서울특별시 서초구 서초동 1466-6번지,공립,단설,19360601,서울특별시교육청,http://sinjung.sen.es.kr,20230531,21.0,22.5,455,378,20230531,4,57,5,6,6,6,7,6,130,124,135,138,166,,1,5,36,833,1,3,0,0,20230531,10,,0,0.0,20230531,직영,3385,931,831091000,37.4801795,127.0093516,1165010800,서울시,19.8,17.4,서초구,23.0,20.9,13,135.0,162.0,
7,서리풀월드메르디앙레브,66E,서울시 서초구 서초동,1165010800,1490-5,서울시 서초구 명달로11길 17-2,37.482897,127.003097,40,0,5,5,198,48,36,월드건설산업(주),HT001,66.01,59.06,89,3,2,5,계단식,,,,,,,,,,,,15억,,,,,,,서울신중초등학교,B100000768,서울특별시 서초구 서초동 1466-6번지,공립,단설,19360601,서울특별시교육청,http://sinjung.sen.es.kr,20230531,21.0,22.5,455,378,20230531,4,57,5,6,6,6,7,6,130,124,135,138,166,,1,5,36,833,1,3,0,0,20230531,10,,0,0.0,20230531,직영,3385,931,831091000,37.4801795,127.0093516,1165010800,서울시,19.8,17.4,서초구,23.0,20.9,13,135.0,162.0,
0,서린,90㎡,서울시 서초구 서초동,1165010800,1456-1,서울시 서초구 반포대로10길 30,37.483832,127.0136,18,0,7,7,235,45,24,동천종합건설(주),HT001,90.23,75.33,83,3,2,1,계단식,239400,580860,47880,293580,0,0,0,,,,,,,,,,,,서울신중초등학교,B100000768,서울특별시 서초구 서초동 1466-6번지,공립,단설,19360601,서울특별시교육청,http://sinjung.sen.es.kr,20230531,21.0,22.5,455,378,20230531,4,57,5,6,6,6,7,6,130,124,135,138,166,,1,5,36,833,1,3,0,0,20230531,10,,0,0.0,20230531,직영,3385,931,831091000,37.4801795,127.0093516,1165010800,서울시,19.8,17.4,서초구,23.0,20.9,12,135.0,162.0,
1,서린,91㎡,서울시 서초구 서초동,1165010800,1456-1,서울시 서초구 반포대로10길 30,37.483832,127.0136,18,0,7,7,235,45,24,동천종합건설(주),HT001,91.36,76.26,83,3,2,1,계단식,247500,596250,49500,299250,0,0,0,,,,,,,,,,,,서울신중초등학교,B100000768,서울특별시 서초구 서초동 1466-6번지,공립,단설,19360601,서울특별시교육청,http://sinjung.sen.es.kr,20230531,21.0,22.5,455,378,20230531,4,57,5,6,6,6,7,6,130,124,135,138,166,,1,5,36,833,1,3,0,0,20230531,10,,0,0.0,20230531,직영,3385,931,831091000,37.4801795,127.0093516,1165010800,서울시,19.8,17.4,서초구,23.0,20.9,12,135.0,162.0,
2,서린,98㎡,서울시 서초구 서초동,1165010800,1456-1,서울시 서초구 반포대로10길 30,37.483832,127.0136,18,0,7,7,235,45,24,동천종합건설(주),HT001,98.39,82.14,83,3,2,1,계단식,280800,659520,56160,322560,0,0,0,,,,,"12억 3,000",,,,,,,서울신중초등학교,B100000768,서울특별시 서초구 서초동 1466-6번지,공립,단설,19360601,서울특별시교육청,http://sinjung.sen.es.kr,20230531,21.0,22.5,455,378,20230531,4,57,5,6,6,6,7,6,130,124,135,138,166,,1,5,36,833,1,3,0,0,20230531,10,,0,0.0,20230531,직영,3385,931,831091000,37.4801795,127.0093516,1165010800,서울시,19.8,17.4,서초구,23.0,20.9,12,135.0,162.0,
3,서린,101A㎡,서울시 서초구 서초동,1165010800,1456-1,서울시 서초구 반포대로10길 30,37.483832,127.0136,18,0,7,7,235,45,24,동천종합건설(주),HT001,101.62,84.84,83,3,2,5,계단식,319500,733050,63900,349650,0,0,0,,,,,,,,,,,,서울신중초등학교,B100000768,서울특별시 서초구 서초동 1466-6번지,공립,단설,19360601,서울특별시교육청,http://sinjung.sen.es.kr,20230531,21.0,22.5,455,378,20230531,4,57,5,6,6,6,7,6,130,124,135,138,166,,1,5,36,833,1,3,0,0,20230531,10,,0,0.0,20230531,직영,3385,931,831091000,37.4801795,127.0093516,1165010800,서울시,19.8,17.4,서초구,23.0,20.9,12,135.0,162.0,
4,서린,102B㎡,서울시 서초구 서초동,1165010800,1456-1,서울시 서초구 반포대로10길 30,37.483832,127.0136,18,0,7,7,235,45,24,동천종합건설(주),HT001,102.33,85.43,83,3,2,5,계단식,330300,753570,66060,357210,0,0,0,,,,,,,,,,,,서울신중초등학교,B100000768,서울특별시 서초구 서초동 1466-6번지,공립,단설,19360601,서울특별시교육청,http://sinjung.sen.es.kr,20230531,21.0,22.5,455,378,20230531,4,57,5,6,6,6,7,6,130,124,135,138,166,,1,5,36,833,1,3,0,0,20230531,10,,0,0.0,20230531,직영,3385,931,831091000,37.4801795,127.0093516,1165010800,서울시,19.8,17.4,서초구,23.0,20.9,12,135.0,162.0,
5,서린,117㎡,서울시 서초구 서초동,1165010800,1456-1,서울시 서초구 반포대로10길 30,37.483832,127.0136,18,0,7,7,235,45,24,동천종합건설(주),HT001,117.79,98.34,83,3,2,1,계단식,361800,813420,72360,379260,0,0,0,,,,,,,,,,,,서울신중초등학교,B100000768,서울특별시 서초구 서초동 1466-6번지,공립,단설,19360601,서울특별시교육청,http://sinjung.sen.es.kr,20230531,21.0,22.5,455,378,20230531,4,57,5,6,6,6,7,6,130,124,135,138,166,,1,5,36,833,1,3,0,0,20230531,10,,0,0.0,20230531,직영,3385,931,831091000,37.4801795,127.0093516,1165010800,서울시,19.8,17.4,서초구,23.0,20.9,12,135.0,162.0,
6,서린,139㎡,서울시 서초구 서초동,1165010800,1456-1,서울시 서초구 반포대로10길 30,37.483832,127.0136,18,0,7,7,235,45,24,동천종합건설(주),HT001,139.93,116.82,83,3,2,3,계단식,622125,1247400,124425,500850,0,0,0,,,,,,,,,,,,서울신중초등학교,B100000768,서울특별시 서초구 서초동 1466-6번지,공립,단설,19360601,서울특별시교육청,http://sinjung.sen.es.kr,20230531,21.0,22.5,455,378,20230531,4,57,5,6,6,6,7,6,130,124,135,138,166,,1,5,36,833,1,3,0,0,20230531,10,,0,0.0,20230531,직영,3385,931,831091000,37.4801795,127.0093516,1165010800,서울시,19.8,17.4,서초구,23.0,20.9,12,135.0,162.0,
7,서린,141,서울시 서초구 서초동,1165010800,1456-1,서울시 서초구 반포대로10길 30,37.483832,127.0136,18,0,7,7,235,45,24,동천종합건설(주),HT001,141.73,118.32,83,4,2,1,계단식,530775,1101240,106155,464310,0,0,0,,,,,,,,,,,,서울신중초등학교,B100000768,서울특별시 서초구 서초동 1466-6번지,공립,단설,19360601,서울특별시교육청,http://sinjung.sen.es.kr,20230531,21.0,22.5,455,378,20230531,4,57,5,6,6,6,7,6,130,124,135,138,166,,1,5,36,833,1,3,0,0,20230531,10,,0,0.0,20230531,직영,3385,931,831091000,37.4801795,127.0093516,1165010800,서울시,19.8,17.4,서초구,23.0,20.9,12,135.0,162.0,
0,서신,43㎡,서울시 서초구 서초동,1165010800,1488-9,서울시 서초구 명달로 48,37.481717,127.00534,48,0,8,8,217,35,37,(주)금성백조주택,HT001,43.94,32.76,75,2,1,32,복도식,91500,279900,18300,170100,0,0,0,,,,,,,,,,,,서울신중초등학교,B100000768,서울특별시 서초구 서초동 1466-6번지,공립,단설,19360601,서울특별시교육청,http://sinjung.sen.es.kr,20230531,21.0,22.5,455,378,20230531,4,57,5,6,6,6,7,6,130,124,135,138,166,,1,5,36,833,1,3,0,0,20230531,10,,0,0.0,20230531,직영,3385,931,831091000,37.4801795,127.0093516,1165010800,서울시,19.8,17.4,서초구,23.0,20.9,8,135.0,162.0,
1,서신,72,서울시 서초구 서초동,1165010800,1488-9,서울시 서초구 명달로 48,37.481717,127.00534,48,0,8,8,217,35,37,(주)금성백조주택,HT001,72.48,54.03,75,2,1,16,복도식,216900,538110,43380,277830,0,0,0,,,,,,,,,,,,서울신중초등학교,B100000768,서울특별시 서초구 서초동 1466-6번지,공립,단설,19360601,서울특별시교육청,http://sinjung.sen.es.kr,20230531,21.0,22.5,455,378,20230531,4,57,5,6,6,6,7,6,130,124,135,138,166,,1,5,36,833,1,3,0,0,20230531,10,,0,0.0,20230531,직영,3385,931,831091000,37.4801795,127.0093516,1165010800,서울시,19.8,17.4,서초구,23.0,20.9,8,135.0,162.0,
0,서초,62㎡,서울시 서초구 서초동,1165010800,1357-25,서울시 서초구 강남대로45길 16-4,37.488428,127.031123,18,0,6,3,227,48,19,성삼하이츠종합건설(주),HT001,62.05,52.38,84,2,1,1,계단식,89250,274050,17850,166950,0,0,0,,,,,,,,,,,,서울서일초등학교,B100000763,서울특별시 서초구 서초동 1436-8번지,공립,단설,19861016,서울특별시교육청,http://seoulseoil.sen.es.kr,20230531,20.3,20.8,266,232,20230531,4,33,3,4,4,4,4,4,72,79,88,78,93,,1,5,23,498,1,4,0,0,20230531,6,,0,0.0,20230531,직영,3377,558,615924000,37.48478772,127.02260429,1165010800,서울시,19.8,17.4,서초구,23.0,20.9,16,83.0,87.0,
1,서초,68㎡,서울시 서초구 서초동,1165010800,1357-25,서울시 서초구 강남대로45길 16-4,37.488428,127.031123,18,0,6,3,227,48,19,성삼하이츠종합건설(주),HT001,68.97,58.22,84,2,1,1,계단식,104100,312660,20820,187740,0,0,0,,,,,,,,,,,,서울서일초등학교,B100000763,서울특별시 서초구 서초동 1436-8번지,공립,단설,19861016,서울특별시교육청,http://seoulseoil.sen.es.kr,20230531,20.3,20.8,266,232,20230531,4,33,3,4,4,4,4,4,72,79,88,78,93,,1,5,23,498,1,4,0,0,20230531,6,,0,0.0,20230531,직영,3377,558,615924000,37.48478772,127.02260429,1165010800,서울시,19.8,17.4,서초구,23.0,20.9,16,83.0,87.0,
2,서초,78㎡,서울시 서초구 서초동,1165010800,1357-25,서울시 서초구 강남대로45길 16-4,37.488428,127.031123,18,0,6,3,227,48,19,성삼하이츠종합건설(주),HT001,78.92,66.63,84,3,1,3,계단식,131400,375660,26280,217980,0,0,0,,,,,,,,,,,,서울서일초등학교,B100000763,서울특별시 서초구 서초동 1436-8번지,공립,단설,19861016,서울특별시교육청,http://seoulseoil.sen.es.kr,20230531,20.3,20.8,266,232,20230531,4,33,3,4,4,4,4,4,72,79,88,78,93,,1,5,23,498,1,4,0,0,20230531,6,,0,0.0,20230531,직영,3377,558,615924000,37.48478772,127.02260429,1165010800,서울시,19.8,17.4,서초구,23.0,20.9,16,83.0,87.0,
3,서초,83㎡,서울시 서초구 서초동,1165010800,1357-25,서울시 서초구 강남대로45길 16-4,37.488428,127.031123,18,0,6,3,227,48,19,성삼하이츠종합건설(주),HT001,83.21,70.25,84,3,1,3,계단식,159300,428670,31860,237510,0,0,0,,,,,,,,,,,,서울서일초등학교,B100000763,서울특별시 서초구 서초동 1436-8번지,공립,단설,19861016,서울특별시교육청,http://seoulseoil.sen.es.kr,20230531,20.3,20.8,266,232,20230531,4,33,3,4,4,4,4,4,72,79,88,78,93,,1,5,23,498,1,4,0,0,20230531,6,,0,0.0,20230531,직영,3377,558,615924000,37.48478772,127.02260429,1165010800,서울시,19.8,17.4,서초구,23.0,20.9,16,83.0,87.0,
4,서초,84A㎡,서울시 서초구 서초동,1165010800,1357-25,서울시 서초구 강남대로45길 16-4,37.488428,127.031123,18,0,6,3,227,48,19,성삼하이츠종합건설(주),HT001,84.7,71.51,84,3,1,3,계단식,166500,442350,33300,242550,0,0,0,,,,,10억,,,,,,,서울서일초등학교,B100000763,서울특별시 서초구 서초동 1436-8번지,공립,단설,19861016,서울특별시교육청,http://seoulseoil.sen.es.kr,20230531,20.3,20.8,266,232,20230531,4,33,3,4,4,4,4,4,72,79,88,78,93,,1,5,23,498,1,4,0,0,20230531,6,,0,0.0,20230531,직영,3377,558,615924000,37.48478772,127.02260429,1165010800,서울시,19.8,17.4,서초구,23.0,20.9,16,83.0,87.0,
5,서초,87B㎡,서울시 서초구 서초동,1165010800,1357-25,서울시 서초구 강남대로45길 16-4,37.488428,127.031123,18,0,6,3,227,48,19,성삼하이츠종합건설(주),HT001,87.17,73.6,84,3,1,3,계단식,180000,468000,36000,252000,0,0,0,,,,,,,,,,,,서울서일초등학교,B100000763,서울특별시 서초구 서초동 1436-8번지,공립,단설,19861016,서울특별시교육청,http://seoulseoil.sen.es.kr,20230531,20.3,20.8,266,232,20230531,4,33,3,4,4,4,4,4,72,79,88,78,93,,1,5,23,498,1,4,0,0,20230531,6,,0,0.0,20230531,직영,3377,558,615924000,37.48478772,127.02260429,1165010800,서울시,19.8,17.4,서초구,23.0,20.9,16,83.0,87.0,
6,서초,95㎡,서울시 서초구 서초동,1165010800,1357-25,서울시 서초구 강남대로45길 16-4,37.488428,127.031123,18,0,6,3,227,48,19,성삼하이츠종합건설(주),HT001,95.09,80.28,84,3,1,1,계단식,180900,469710,36180,252630,0,0,0,,,,,,,,,,,,서울서일초등학교,B100000763,서울특별시 서초구 서초동 1436-8번지,공립,단설,19861016,서울특별시교육청,http://seoulseoil.sen.es.kr,20230531,20.3,20.8,266,232,20230531,4,33,3,4,4,4,4,4,72,79,88,78,93,,1,5,23,498,1,4,0,0,20230531,6,,0,0.0,20230531,직영,3377,558,615924000,37.48478772,127.02260429,1165010800,서울시,19.8,17.4,서초구,23.0,20.9,16,83.0,87.0,
7,서초,100㎡,서울시 서초구 서초동,1165010800,1357-25,서울시 서초구 강남대로45길 16-4,37.488428,127.031123,18,0,6,3,227,48,19,성삼하이츠종합건설(주),HT001,100.26,84.64,84,3,2,1,계단식,216000,536400,43200,277200,0,0,0,,,,,,,,1억/255,"6억 2,000/16",1억/255,"6억 2,000/16",서울서일초등학교,B100000763,서울특별시 서초구 서초동 1436-8번지,공립,단설,19861016,서울특별시교육청,http://seoulseoil.sen.es.kr,20230531,20.3,20.8,266,232,20230531,4,33,3,4,4,4,4,4,72,79,88,78,93,,1,5,23,498,1,4,0,0,20230531,6,,0,0.0,20230531,직영,3377,558,615924000,37.48478772,127.02260429,1165010800,서울시,19.8,17.4,서초구,23.0,20.9,16,83.0,87.0,
8,서초,132㎡,서울시 서초구 서초동,1165010800,1357-25,서울시 서초구 강남대로45길 16-4,37.488428,127.031123,18,0,6,3,227,48,19,성삼하이츠종합건설(주),HT001,132.21,111.61,84,3,2,1,계단식,317700,729630,63540,348390,0,0,0,,,,,,,,,,,,서울서일초등학교,B100000763,서울특별시 서초구 서초동 1436-8번지,공립,단설,19861016,서울특별시교육청,http://seoulseoil.sen.es.kr,20230531,20.3,20.8,266,232,20230531,4,33,3,4,4,4,4,4,72,79,88,78,93,,1,5,23,498,1,4,0,0,20230531,6,,0,0.0,20230531,직영,3377,558,615924000,37.48478772,127.02260429,1165010800,서울시,19.8,17.4,서초구,23.0,20.9,16,83.0,87.0,
9,서초,139,서울시 서초구 서초동,1165010800,1357-25,서울시 서초구 강남대로45길 16-4,37.488428,127.031123,18,0,6,3,227,48,19,성삼하이츠종합건설(주),HT001,139.12,117.45,84,3,2,1,계단식,357300,804870,71460,376110,0,0,0,,,,,,,,,,,,서울서일초등학교,B100000763,서울특별시 서초구 서초동 1436-8번지,공립,단설,19861016,서울특별시교육청,http://seoulseoil.sen.es.kr,20230531,20.3,20.8,266,232,20230531,4,33,3,4,4,4,4,4,72,79,88,78,93,,1,5,23,498,1,4,0,0,20230531,6,,0,0.0,20230531,직영,3377,558,615924000,37.48478772,127.02260429,1165010800,서울시,19.8,17.4,서초구,23.0,20.9,16,83.0,87.0,
0,서초SK뷰,102㎡,서울시 서초구 서초동,1165010800,1521-8,서울시 서초구 반포대로21길 62,37.486213,127.007395,47,0,10,9,245,31,75,SK건설(주),HT001,102.15,84.25,82,3,2,8,계단식,1314000,2257200,262800,680400,0,0,0,,,,,,,,,,,,서울신중초등학교,B100000768,서울특별시 서초구 서초동 1466-6번지,공립,단설,19360601,서울특별시교육청,http://sinjung.sen.es.kr,20230531,21.0,22.5,455,378,20230531,4,57,5,6,6,6,7,6,130,124,135,138,166,,1,5,36,833,1,3,0,0,20230531,10,,0,0.0,20230531,직영,3385,931,831091000,37.4801795,127.0093516,1165010800,서울시,19.8,17.4,서초구,23.0,20.9,13,135.0,162.0,
1,서초SK뷰,102㎡,서울시 서초구 서초동,1165010800,1521-8,서울시 서초구 반포대로21길 62,37.486213,127.007395,47,0,10,9,245,31,75,SK건설(주),HT001,102.52,84.97,83,3,2,8,계단식,1314000,2257200,262800,680400,0,0,0,,,,,,,,,,,,서울신중초등학교,B100000768,서울특별시 서초구 서초동 1466-6번지,공립,단설,19360601,서울특별시교육청,http://sinjung.sen.es.kr,20230531,21.0,22.5,455,378,20230531,4,57,5,6,6,6,7,6,130,124,135,138,166,,1,5,36,833,1,3,0,0,20230531,10,,0,0.0,20230531,직영,3385,931,831091000,37.4801795,127.0093516,1165010800,서울시,19.8,17.4,서초구,23.0,20.9,13,135.0,162.0,
2,서초SK뷰,109㎡,서울시 서초구 서초동,1165010800,1521-8,서울시 서초구 반포대로21길 62,37.486213,127.007395,47,0,10,9,245,31,75,SK건설(주),HT001,109.52,90.21,82,3,2,1,계단식,1251000,2159550,250200,658350,0,0,0,,,,,,,,,,,,서울신중초등학교,B100000768,서울특별시 서초구 서초동 1466-6번지,공립,단설,19360601,서울특별시교육청,http://sinjung.sen.es.kr,20230531,21.0,22.5,455,378,20230531,4,57,5,6,6,6,7,6,130,124,135,138,166,,1,5,36,833,1,3,0,0,20230531,10,,0,0.0,20230531,직영,3385,931,831091000,37.4801795,127.0093516,1165010800,서울시,19.8,17.4,서초구,23.0,20.9,13,135.0,162.0,
3,서초SK뷰,116㎡,서울시 서초구 서초동,1165010800,1521-8,서울시 서초구 반포대로21길 62,37.486213,127.007395,47,0,10,9,245,31,75,SK건설(주),HT001,116.79,97.21,83,3,2,1,계단식,1492200,2533410,298440,742770,238896,199080,39816,,,,,,,,,,,,서울신중초등학교,B100000768,서울특별시 서초구 서초동 1466-6번지,공립,단설,19360601,서울특별시교육청,http://sinjung.sen.es.kr,20230531,21.0,22.5,455,378,20230531,4,57,5,6,6,6,7,6,130,124,135,138,166,,1,5,36,833,1,3,0,0,20230531,10,,0,0.0,20230531,직영,3385,931,831091000,37.4801795,127.0093516,1165010800,서울시,19.8,17.4,서초구,23.0,20.9,13,135.0,162.0,
4,서초SK뷰,124㎡,서울시 서초구 서초동,1165010800,1521-8,서울시 서초구 반포대로21길 62,37.486213,127.007395,47,0,10,9,245,31,75,SK건설(주),HT001,124.53,103.1,83,3,2,1,계단식,1587600,2681280,317520,776160,399168,332640,66528,,,,,,,,,,,,서울신중초등학교,B100000768,서울특별시 서초구 서초동 1466-6번지,공립,단설,19360601,서울특별시교육청,http://sinjung.sen.es.kr,20230531,21.0,22.5,455,378,20230531,4,57,5,6,6,6,7,6,130,124,135,138,166,,1,5,36,833,1,3,0,0,20230531,10,,0,0.0,20230531,직영,3385,931,831091000,37.4801795,127.0093516,1165010800,서울시,19.8,17.4,서초구,23.0,20.9,13,135.0,162.0,
5,서초SK뷰,136㎡,서울시 서초구 서초동,1165010800,1521-8,서울시 서초구 반포대로21길 62,37.486213,127.007395,47,0,10,9,245,31,75,SK건설(주),HT001,136.26,110.87,81,4,2,1,계단식,1575000,2661750,315000,771750,378000,315000,63000,,,,,,,,,,,,서울신중초등학교,B100000768,서울특별시 서초구 서초동 1466-6번지,공립,단설,19360601,서울특별시교육청,http://sinjung.sen.es.kr,20230531,21.0,22.5,455,378,20230531,4,57,5,6,6,6,7,6,130,124,135,138,166,,1,5,36,833,1,3,0,0,20230531,10,,0,0.0,20230531,직영,3385,931,831091000,37.4801795,127.0093516,1165010800,서울시,19.8,17.4,서초구,23.0,20.9,13,135.0,162.0,
6,서초SK뷰,139A㎡,서울시 서초구 서초동,1165010800,1521-8,서울시 서초구 반포대로21길 62,37.486213,127.007395,47,0,10,9,245,31,75,SK건설(주),HT001,139.28,116.46,84,4,2,17,계단식,1866600,3113730,373320,873810,867888,723240,144648,,,,,,,,,,,,서울신중초등학교,B100000768,서울특별시 서초구 서초동 1466-6번지,공립,단설,19360601,서울특별시교육청,http://sinjung.sen.es.kr,20230531,21.0,22.5,455,378,20230531,4,57,5,6,6,6,7,6,130,124,135,138,166,,1,5,36,833,1,3,0,0,20230531,10,,0,0.0,20230531,직영,3385,931,831091000,37.4801795,127.0093516,1165010800,서울시,19.8,17.4,서초구,23.0,20.9,13,135.0,162.0,
7,서초SK뷰,141B㎡,서울시 서초구 서초동,1165010800,1521-8,서울시 서초구 반포대로21길 62,37.486213,127.007395,47,0,10,9,245,31,75,SK건설(주),HT001,141.14,117.19,83,4,2,8,계단식,1866600,3113730,373320,873810,867888,723240,144648,,,,,22억,,,,,,,서울신중초등학교,B100000768,서울특별시 서초구 서초동 1466-6번지,공립,단설,19360601,서울특별시교육청,http://sinjung.sen.es.kr,20230531,21.0,22.5,455,378,20230531,4,57,5,6,6,6,7,6,130,124,135,138,166,,1,5,36,833,1,3,0,0,20230531,10,,0,0.0,20230531,직영,3385,931,831091000,37.4801795,127.0093516,1165010800,서울시,19.8,17.4,서초구,23.0,20.9,13,135.0,162.0,
8,서초SK뷰,152㎡,서울시 서초구 서초동,1165010800,1521-8,서울시 서초구 반포대로21길 62,37.486213,127.007395,47,0,10,9,245,31,75,SK건설(주),HT001,152.63,124.29,81,4,3,1,계단식,2318400,3814020,463680,1031940,1681632,1401360,280272,,,,,,,,,,,,서울신중초등학교,B100000768,서울특별시 서초구 서초동 1466-6번지,공립,단설,19360601,서울특별시교육청,http://sinjung.sen.es.kr,20230531,21.0,22.5,455,378,20230531,4,57,5,6,6,6,7,6,130,124,135,138,166,,1,5,36,833,1,3,0,0,20230531,10,,0,0.0,20230531,직영,3385,931,831091000,37.4801795,127.0093516,1165010800,서울시,19.8,17.4,서초구,23.0,20.9,13,135.0,162.0,
9,서초SK뷰,165,서울시 서초구 서초동,1165010800,1521-8,서울시 서초구 반포대로21길 62,37.486213,127.007395,47,0,10,9,245,31,75,SK건설(주),HT001,165.38,136.53,83,4,3,1,계단식,2383200,3914460,476640,1054620,1842336,1535280,307056,,,,,,,,,,,,서울신중초등학교,B100000768,서울특별시 서초구 서초동 1466-6번지,공립,단설,19360601,서울특별시교육청,http://sinjung.sen.es.kr,20230531,21.0,22.5,455,378,20230531,4,57,5,6,6,6,7,6,130,124,135,138,166,,1,5,36,833,1,3,0,0,20230531,10,,0,0.0,20230531,직영,3385,931,831091000,37.4801795,127.0093516,1165010800,서울시,19.8,17.4,서초구,23.0,20.9,13,135.0,162.0,
0,서초e-편한세상1차,158,서울시 서초구 서초동,1165010800,1487-63,서울시 서초구 명달로6길 31,37.481181,127.006941,154,0,15,6,276,27,314,대림산업(주),HT001,158.86,130.53,82,4,2,154,계단식,2286000,3763800,457200,1020600,1601280,1334400,266880,,416145,426836,24억,27억,13억,14억,,12억/80,,12억/80,서울신중초등학교,B100000768,서울특별시 서초구 서초동 1466-6번지,공립,단설,19360601,서울특별시교육청,http://sinjung.sen.es.kr,20230531,21.0,22.5,455,378,20230531,4,57,5,6,6,6,7,6,130,124,135,138,166,,1,5,36,833,1,3,0,0,20230531,10,,0,0.0,20230531,직영,3385,931,831091000,37.4801795,127.0093516,1165010800,서울시,19.8,17.4,서초구,23.0,20.9,4,135.0,162.0,
0,서초e-편한세상2차,107㎡,서울시 서초구 서초동,1165010800,1529,서울시 서초구 효령로49길 57,37.486839,127.009015,159,0,15,8,243,25,255,대림산업(주),HT001,107.2,84.67,79,3,2,43,계단식,1692000,2843100,338400,812700,574560,478800,95760,,210086,173402,,19억,,"8억 8,000",,,,,서울신중초등학교,B100000768,서울특별시 서초구 서초동 1466-6번지,공립,단설,19360601,서울특별시교육청,http://sinjung.sen.es.kr,20230531,21.0,22.5,455,378,20230531,4,57,5,6,6,6,7,6,130,124,135,138,166,,1,5,36,833,1,3,0,0,20230531,10,,0,0.0,20230531,직영,3385,931,831091000,37.4801795,127.0093516,1165010800,서울시,19.8,17.4,서초구,23.0,20.9,12,135.0,162.0,
1,서초e-편한세상2차,123㎡,서울시 서초구 서초동,1165010800,1529,서울시 서초구 효령로49길 57,37.486839,127.009015,159,0,15,8,243,25,255,대림산업(주),HT001,123.48,94.6,77,3,2,8,계단식,1882800,3138840,376560,879480,895104,745920,149184,,234742,193753,,,,11억,,,,,서울신중초등학교,B100000768,서울특별시 서초구 서초동 1466-6번지,공립,단설,19360601,서울특별시교육청,http://sinjung.sen.es.kr,20230531,21.0,22.5,455,378,20230531,4,57,5,6,6,6,7,6,130,124,135,138,166,,1,5,36,833,1,3,0,0,20230531,10,,0,0.0,20230531,직영,3385,931,831091000,37.4801795,127.0093516,1165010800,서울시,19.8,17.4,서초구,23.0,20.9,12,135.0,162.0,
2,서초e-편한세상2차,134㎡,서울시 서초구 서초동,1165010800,1529,서울시 서초구 효령로49길 57,37.486839,127.009015,159,0,15,8,243,25,255,대림산업(주),HT001,134.77,102.42,76,4,2,10,계단식,1926000,3205800,385200,894600,967680,806400,161280,,254146,209768,,,,,,,,,서울신중초등학교,B100000768,서울특별시 서초구 서초동 1466-6번지,공립,단설,19360601,서울특별시교육청,http://sinjung.sen.es.kr,20230531,21.0,22.5,455,378,20230531,4,57,5,6,6,6,7,6,130,124,135,138,166,,1,5,36,833,1,3,0,0,20230531,10,,0,0.0,20230531,직영,3385,931,831091000,37.4801795,127.0093516,1165010800,서울시,19.8,17.4,서초구,23.0,20.9,12,135.0,162.0,
3,서초e-편한세상2차,146A㎡,서울시 서초구 서초동,1165010800,1529,서울시 서초구 효령로49길 57,37.486839,127.009015,159,0,15,8,243,25,255,대림산업(주),HT001,146.92,116.74,79,4,2,75,계단식,2327400,3827970,465480,1035090,1703952,1419960,283992,,289672,239091,,,,,,,,,서울신중초등학교,B100000768,서울특별시 서초구 서초동 1466-6번지,공립,단설,19360601,서울특별시교육청,http://sinjung.sen.es.kr,20230531,21.0,22.5,455,378,20230531,4,57,5,6,6,6,7,6,130,124,135,138,166,,1,5,36,833,1,3,0,0,20230531,10,,0,0.0,20230531,직영,3385,931,831091000,37.4801795,127.0093516,1165010800,서울시,19.8,17.4,서초구,23.0,20.9,12,135.0,162.0,
4,서초e-편한세상2차,146B㎡,서울시 서초구 서초동,1165010800,1529,서울시 서초구 효령로49길 57,37.486839,127.009015,159,0,15,8,243,25,255,대림산업(주),HT001,146.23,123.11,84,4,2,20,계단식,2313000,3805650,462600,1030050,1668240,1390200,278040,,305485,252143,,,,,,"6억 5,000/240",,"6억 5,000/240",서울신중초등학교,B100000768,서울특별시 서초구 서초동 1466-6번지,공립,단설,19360601,서울특별시교육청,http://sinjung.sen.es.kr,20230531,21.0,22.5,455,378,20230531,4,57,5,6,6,6,7,6,130,124,135,138,166,,1,5,36,833,1,3,0,0,20230531,10,,0,0.0,20230531,직영,3385,931,831091000,37.4801795,127.0093516,1165010800,서울시,19.8,17.4,서초구,23.0,20.9,12,135.0,162.0,
5,서초e-편한세상2차,152,서울시 서초구 서초동,1165010800,1529,서울시 서초구 효령로49길 57,37.486839,127.009015,159,0,15,8,243,25,255,대림산업(주),HT001,152.78,119.05,78,4,3,3,계단식,2336400,3841920,467280,1038240,1726272,1438560,287712,,295404,243822,,,,,,,,,서울신중초등학교,B100000768,서울특별시 서초구 서초동 1466-6번지,공립,단설,19360601,서울특별시교육청,http://sinjung.sen.es.kr,20230531,21.0,22.5,455,378,20230531,4,57,5,6,6,6,7,6,130,124,135,138,166,,1,5,36,833,1,3,0,0,20230531,10,,0,0.0,20230531,직영,3385,931,831091000,37.4801795,127.0093516,1165010800,서울시,19.8,17.4,서초구,23.0,20.9,12,135.0,162.0,
0,서초e-편한세상3차,160㎡,서울시 서초구 서초동,1165010800,1467-37,서울시 서초구 남부순환로 2343-10,37.478763,127.007697,77,0,15,8,268,23,182,대림산업(주),HT001,160.08,131.01,82,4,2,17,계단식,2034000,3373200,406800,932400,1149120,957600,191520,,496168,510608,,,,,,,,,서울신중초등학교,B100000768,서울특별시 서초구 서초동 1466-6번지,공립,단설,19360601,서울특별시교육청,http://sinjung.sen.es.kr,20230531,21.0,22.5,455,378,20230531,4,57,5,6,6,6,7,6,130,124,135,138,166,,1,5,36,833,1,3,0,0,20230531,10,,0,0.0,20230531,직영,3385,931,831091000,37.4801795,127.0093516,1165010800,서울시,19.8,17.4,서초구,23.0,20.9,3,135.0,162.0,
1,서초e-편한세상3차,189,서울시 서초구 서초동,1165010800,1467-37,서울시 서초구 남부순환로 2343-10,37.478763,127.007697,77,0,15,8,268,23,182,대림산업(주),HT001,189.85,158.24,83,4,2,60,계단식,2352600,3867030,470520,1043910,1766448,1472040,294408,,599295,616736,24억,27억,,"14억 5,000",,,,,서울신중초등학교,B100000768,서울특별시 서초구 서초동 1466-6번지,공립,단설,19360601,서울특별시교육청,http://sinjung.sen.es.kr,20230531,21.0,22.5,455,378,20230531,4,57,5,6,6,6,7,6,130,124,135,138,166,,1,5,36,833,1,3,0,0,20230531,10,,0,0.0,20230531,직영,3385,931,831091000,37.4801795,127.0093516,1165010800,서울시,19.8,17.4,서초구,23.0,20.9,3,135.0,162.0,
0,서초e-편한세상5차,190,서울시 서초구 서초동,1165010800,1467-62,서울시 서초구 명달로4길 30,37.479732,127.007187,161,0,15,10,270,24,397,대림산업(주),HT001,190.3,158.24,83,4,2,161,계단식,2352600,3867030,470520,1043910,1766448,1472040,294408,,439291,445985,26억,27억,,,,,,,서울신중초등학교,B100000768,서울특별시 서초구 서초동 1466-6번지,공립,단설,19360601,서울특별시교육청,http://sinjung.sen.es.kr,20230531,21.0,22.5,455,378,20230531,4,57,5,6,6,6,7,6,130,124,135,138,166,,1,5,36,833,1,3,0,0,20230531,10,,0,0.0,20230531,직영,3385,931,831091000,37.4801795,127.0093516,1165010800,서울시,19.8,17.4,서초구,23.0,20.9,3,135.0,162.0,
0,서초가람,63㎡,서울시 서초구 서초동,1165010800,1435-18,서울시 서초구 남부순환로337가길 69,37.485093,127.024501,10,0,6,6,228,51,12,승정건설(주),HT001,63.58,54.78,86,3,2,1,계단식,100500,303300,20100,182700,0,0,0,,,,,,,,,,,,서울서일초등학교,B100000763,서울특별시 서초구 서초동 1436-8번지,공립,단설,19861016,서울특별시교육청,http://seoulseoil.sen.es.kr,20230531,20.3,20.8,266,232,20230531,4,33,3,4,4,4,4,4,72,79,88,78,93,,1,5,23,498,1,4,0,0,20230531,6,,0,0.0,20230531,직영,3377,558,615924000,37.48478772,127.02260429,1165010800,서울시,19.8,17.4,서초구,23.0,20.9,2,83.0,87.0,
1,서초가람,82㎡,서울시 서초구 서초동,1165010800,1435-18,서울시 서초구 남부순환로337가길 69,37.485093,127.024501,10,0,6,6,228,51,12,승정건설(주),HT001,82.81,71.35,86,3,2,1,계단식,165600,440640,33120,241920,0,0,0,,,,,,,,,,,,서울서일초등학교,B100000763,서울특별시 서초구 서초동 1436-8번지,공립,단설,19861016,서울특별시교육청,http://seoulseoil.sen.es.kr,20230531,20.3,20.8,266,232,20230531,4,33,3,4,4,4,4,4,72,79,88,78,93,,1,5,23,498,1,4,0,0,20230531,6,,0,0.0,20230531,직영,3377,558,615924000,37.48478772,127.02260429,1165010800,서울시,19.8,17.4,서초구,23.0,20.9,2,83.0,87.0,
2,서초가람,85㎡,서울시 서초구 서초동,1165010800,1435-18,서울시 서초구 남부순환로337가길 69,37.485093,127.024501,10,0,6,6,228,51,12,승정건설(주),HT001,85.51,73.68,86,3,2,1,계단식,194400,495360,38880,262080,0,0,0,,,,,,,,,,,,서울서일초등학교,B100000763,서울특별시 서초구 서초동 1436-8번지,공립,단설,19861016,서울특별시교육청,http://seoulseoil.sen.es.kr,20230531,20.3,20.8,266,232,20230531,4,33,3,4,4,4,4,4,72,79,88,78,93,,1,5,23,498,1,4,0,0,20230531,6,,0,0.0,20230531,직영,3377,558,615924000,37.48478772,127.02260429,1165010800,서울시,19.8,17.4,서초구,23.0,20.9,2,83.0,87.0,
3,서초가람,96㎡,서울시 서초구 서초동,1165010800,1435-18,서울시 서초구 남부순환로337가길 69,37.485093,127.024501,10,0,6,6,228,51,12,승정건설(주),HT001,96.57,83.21,86,3,2,3,계단식,221400,546660,44280,280980,0,0,0,,,,,,,,,,,,서울서일초등학교,B100000763,서울특별시 서초구 서초동 1436-8번지,공립,단설,19861016,서울특별시교육청,http://seoulseoil.sen.es.kr,20230531,20.3,20.8,266,232,20230531,4,33,3,4,4,4,4,4,72,79,88,78,93,,1,5,23,498,1,4,0,0,20230531,6,,0,0.0,20230531,직영,3377,558,615924000,37.48478772,127.02260429,1165010800,서울시,19.8,17.4,서초구,23.0,20.9,2,83.0,87.0,
4,서초가람,109㎡,서울시 서초구 서초동,1165010800,1435-18,서울시 서초구 남부순환로337가길 69,37.485093,127.024501,10,0,6,6,228,51,12,승정건설(주),HT001,109.5,94.35,86,3,2,1,계단식,282600,662940,56520,323820,0,0,0,,,,,,,,,,,,서울서일초등학교,B100000763,서울특별시 서초구 서초동 1436-8번지,공립,단설,19861016,서울특별시교육청,http://seoulseoil.sen.es.kr,20230531,20.3,20.8,266,232,20230531,4,33,3,4,4,4,4,4,72,79,88,78,93,,1,5,23,498,1,4,0,0,20230531,6,,0,0.0,20230531,직영,3377,558,615924000,37.48478772,127.02260429,1165010800,서울시,19.8,17.4,서초구,23.0,20.9,2,83.0,87.0,
5,서초가람,124,서울시 서초구 서초동,1165010800,1435-18,서울시 서초구 남부순환로337가길 69,37.485093,127.024501,10,0,6,6,228,51,12,승정건설(주),HT001,124.59,107.35,86,3,2,3,계단식,347400,786060,69480,369180,0,0,0,,,,,,,,,,,,서울서일초등학교,B100000763,서울특별시 서초구 서초동 1436-8번지,공립,단설,19861016,서울특별시교육청,http://seoulseoil.sen.es.kr,20230531,20.3,20.8,266,232,20230531,4,33,3,4,4,4,4,4,72,79,88,78,93,,1,5,23,498,1,4,0,0,20230531,6,,0,0.0,20230531,직영,3377,558,615924000,37.48478772,127.02260429,1165010800,서울시,19.8,17.4,서초구,23.0,20.9,2,83.0,87.0,
0,서초교대e편한세상,81A㎡,서울시 서초구 서초동,1165010800,1686-9,서울시 서초구 서초중앙로24길 33,37.496937,127.017375,435,24,20,11,268,19,763,대림산업(주),HT005,81.47,59.9,74,3,2,62,계단식,2043000,3387150,408600,935550,1164240,970200,194040,,243731,189584,19억,"20억 5,000","9억 5,000",10억,,,,,서울원명초등학교,B100000779,서울특별시 서초구 서초동 1685-1번지,공립,단설,19890704,서울특별시교육청,http://wonmyong.sen.es.kr,20230531,25.9,27.3,635,540,20230531,8,71,7,6,7,8,8,7,175,183,206,208,204,,0,0,43,1175,3,2,0,0,20230531,15,,0,0.0,20230531,직영,3347,1386,1232065000,37.50050946,127.01679619,1165010800,서울시,19.8,17.4,서초구,23.0,20.9,10,199.0,223.0,
1,서초교대e편한세상,82B㎡,서울시 서초구 서초동,1165010800,1686-9,서울시 서초구 서초중앙로24길 33,37.496937,127.017375,435,24,20,11,268,19,763,대림산업(주),HT005,82.34,59.93,73,3,2,4,계단식,2043000,3387150,408600,935550,1164240,970200,194040,,243853,189679,,"21억 5,000",,10억,,1억/360,,1억/360,서울원명초등학교,B100000779,서울특별시 서초구 서초동 1685-1번지,공립,단설,19890704,서울특별시교육청,http://wonmyong.sen.es.kr,20230531,25.9,27.3,635,540,20230531,8,71,7,6,7,8,8,7,175,183,206,208,204,,0,0,43,1175,3,2,0,0,20230531,15,,0,0.0,20230531,직영,3347,1386,1232065000,37.50050946,127.01679619,1165010800,서울시,19.8,17.4,서초구,23.0,20.9,10,199.0,223.0,
2,서초교대e편한세상,113A㎡,서울시 서초구 서초동,1165010800,1686-9,서울시 서초구 서초중앙로24길 33,37.496937,127.017375,435,24,20,11,268,19,763,대림산업(주),HT005,113.88,84.97,75,3,2,126,계단식,2613600,4271580,522720,1135260,2413728,2011440,402288,,345740,268931,23억,26억,,,5억/270,11억/50,5억/270,11억/50,서울원명초등학교,B100000779,서울특별시 서초구 서초동 1685-1번지,공립,단설,19890704,서울특별시교육청,http://wonmyong.sen.es.kr,20230531,25.9,27.3,635,540,20230531,8,71,7,6,7,8,8,7,175,183,206,208,204,,0,0,43,1175,3,2,0,0,20230531,15,,0,0.0,20230531,직영,3347,1386,1232065000,37.50050946,127.01679619,1165010800,서울시,19.8,17.4,서초구,23.0,20.9,10,199.0,223.0,
3,서초교대e편한세상,113B㎡,서울시 서초구 서초동,1165010800,1686-9,서울시 서초구 서초중앙로24길 33,37.496937,127.017375,435,24,20,11,268,19,763,대림산업(주),HT005,113.35,84.68,75,3,2,23,계단식,2613600,4271580,522720,1135260,2413728,2011440,402288,,344560,268013,,,,,,,,,서울원명초등학교,B100000779,서울특별시 서초구 서초동 1685-1번지,공립,단설,19890704,서울특별시교육청,http://wonmyong.sen.es.kr,20230531,25.9,27.3,635,540,20230531,8,71,7,6,7,8,8,7,175,183,206,208,204,,0,0,43,1175,3,2,0,0,20230531,15,,0,0.0,20230531,직영,3347,1386,1232065000,37.50050946,127.01679619,1165010800,서울시,19.8,17.4,서초구,23.0,20.9,10,199.0,223.0,
4,서초교대e편한세상,113C㎡,서울시 서초구 서초동,1165010800,1686-9,서울시 서초구 서초중앙로24길 33,37.496937,127.017375,435,24,20,11,268,19,763,대림산업(주),HT005,113.74,84.93,75,3,2,22,계단식,2613600,4271580,522720,1135260,2413728,2011440,402288,,345577,268804,,,,"12억 1,000",,,,,서울원명초등학교,B100000779,서울특별시 서초구 서초동 1685-1번지,공립,단설,19890704,서울특별시교육청,http://wonmyong.sen.es.kr,20230531,25.9,27.3,635,540,20230531,8,71,7,6,7,8,8,7,175,183,206,208,204,,0,0,43,1175,3,2,0,0,20230531,15,,0,0.0,20230531,직영,3347,1386,1232065000,37.50050946,127.01679619,1165010800,서울시,19.8,17.4,서초구,23.0,20.9,10,199.0,223.0,
5,서초교대e편한세상,114D㎡,서울시 서초구 서초동,1165010800,1686-9,서울시 서초구 서초중앙로24길 33,37.496937,127.017375,435,24,20,11,268,19,763,대림산업(주),HT005,114.1,84.94,74,3,2,6,계단식,2613600,4271580,522720,1135260,2413728,2011440,402288,,345618,268836,,,,,,,,,서울원명초등학교,B100000779,서울특별시 서초구 서초동 1685-1번지,공립,단설,19890704,서울특별시교육청,http://wonmyong.sen.es.kr,20230531,25.9,27.3,635,540,20230531,8,71,7,6,7,8,8,7,175,183,206,208,204,,0,0,43,1175,3,2,0,0,20230531,15,,0,0.0,20230531,직영,3347,1386,1232065000,37.50050946,127.01679619,1165010800,서울시,19.8,17.4,서초구,23.0,20.9,10,199.0,223.0,
6,서초교대e편한세상,141㎡,서울시 서초구 서초동,1165010800,1686-9,서울시 서초구 서초중앙로24길 33,37.496937,127.017375,435,24,20,11,268,19,763,대림산업(주),HT005,141.8,110.32,78,4,2,80,계단식,2919600,4745880,583920,1242360,3172608,2643840,528768,,448889,349164,28억,32억,,,,,,,서울원명초등학교,B100000779,서울특별시 서초구 서초동 1685-1번지,공립,단설,19890704,서울특별시교육청,http://wonmyong.sen.es.kr,20230531,25.9,27.3,635,540,20230531,8,71,7,6,7,8,8,7,175,183,206,208,204,,0,0,43,1175,3,2,0,0,20230531,15,,0,0.0,20230531,직영,3347,1386,1232065000,37.50050946,127.01679619,1165010800,서울시,19.8,17.4,서초구,23.0,20.9,10,199.0,223.0,
7,서초교대e편한세상,167㎡,서울시 서초구 서초동,1165010800,1686-9,서울시 서초구 서초중앙로24길 33,37.496937,127.017375,435,24,20,11,268,19,763,대림산업(주),HT005,167.18,131.16,78,4,2,40,계단식,3508200,5658210,701640,1448370,5205456,4337880,867576,,533686,415123,,35억,19억,"19억 5,000",,,,,서울원명초등학교,B100000779,서울특별시 서초구 서초동 1685-1번지,공립,단설,19890704,서울특별시교육청,http://wonmyong.sen.es.kr,20230531,25.9,27.3,635,540,20230531,8,71,7,6,7,8,8,7,175,183,206,208,204,,0,0,43,1175,3,2,0,0,20230531,15,,0,0.0,20230531,직영,3347,1386,1232065000,37.50050946,127.01679619,1165010800,서울시,19.8,17.4,서초구,23.0,20.9,10,199.0,223.0,
8,서초교대e편한세상,173㎡,서울시 서초구 서초동,1165010800,1686-9,서울시 서초구 서초중앙로24길 33,37.496937,127.017375,435,24,20,11,268,19,763,대림산업(주),HT005,173.76,136.44,79,4,2,40,계단식,3601800,5803290,720360,1481130,5587344,4656120,931224,,555170,431834,33억,40억,,17억,2억/600,7억/400,2억/600,7억/400,서울원명초등학교,B100000779,서울특별시 서초구 서초동 1685-1번지,공립,단설,19890704,서울특별시교육청,http://wonmyong.sen.es.kr,20230531,25.9,27.3,635,540,20230531,8,71,7,6,7,8,8,7,175,183,206,208,204,,0,0,43,1175,3,2,0,0,20230531,15,,0,0.0,20230531,직영,3347,1386,1232065000,37.50050946,127.01679619,1165010800,서울시,19.8,17.4,서초구,23.0,20.9,10,199.0,223.0,
9,서초교대e편한세상,198A㎡,서울시 서초구 서초동,1165010800,1686-9,서울시 서초구 서초중앙로24길 33,37.496937,127.017375,435,24,20,11,268,19,763,대림산업(주),HT005,198.45,149.6,75,5,3,2,계단식,3758400,6046020,751680,1535940,6226272,5188560,1037712,,608718,473485,,35억,,,,,,,서울원명초등학교,B100000779,서울특별시 서초구 서초동 1685-1번지,공립,단설,19890704,서울특별시교육청,http://wonmyong.sen.es.kr,20230531,25.9,27.3,635,540,20230531,8,71,7,6,7,8,8,7,175,183,206,208,204,,0,0,43,1175,3,2,0,0,20230531,15,,0,0.0,20230531,직영,3347,1386,1232065000,37.50050946,127.01679619,1165010800,서울시,19.8,17.4,서초구,23.0,20.9,10,199.0,223.0,
10,서초교대e편한세상,200B㎡,서울시 서초구 서초동,1165010800,1686-9,서울시 서초구 서초중앙로24길 33,37.496937,127.017375,435,24,20,11,268,19,763,대림산업(주),HT005,200.86,150.83,75,4,2,2,계단식,3758400,6046020,751680,1535940,6226272,5188560,1037712,,613723,477378,,,,,,,,,서울원명초등학교,B100000779,서울특별시 서초구 서초동 1685-1번지,공립,단설,19890704,서울특별시교육청,http://wonmyong.sen.es.kr,20230531,25.9,27.3,635,540,20230531,8,71,7,6,7,8,8,7,175,183,206,208,204,,0,0,43,1175,3,2,0,0,20230531,15,,0,0.0,20230531,직영,3347,1386,1232065000,37.50050946,127.01679619,1165010800,서울시,19.8,17.4,서초구,23.0,20.9,10,199.0,223.0,
11,서초교대e편한세상,200D㎡,서울시 서초구 서초동,1165010800,1686-9,서울시 서초구 서초중앙로24길 33,37.496937,127.017375,435,24,20,11,268,19,763,대림산업(주),HT005,200.83,157.13,78,4,2,1,계단식,3744000,6023700,748800,1530900,6167520,5139600,1027920,,639357,497318,,,,,,,,,서울원명초등학교,B100000779,서울특별시 서초구 서초동 1685-1번지,공립,단설,19890704,서울특별시교육청,http://wonmyong.sen.es.kr,20230531,25.9,27.3,635,540,20230531,8,71,7,6,7,8,8,7,175,183,206,208,204,,0,0,43,1175,3,2,0,0,20230531,15,,0,0.0,20230531,직영,3347,1386,1232065000,37.50050946,127.01679619,1165010800,서울시,19.8,17.4,서초구,23.0,20.9,10,199.0,223.0,
12,서초교대e편한세상,201C㎡,서울시 서초구 서초동,1165010800,1686-9,서울시 서초구 서초중앙로24길 33,37.496937,127.017375,435,24,20,11,268,19,763,대림산업(주),HT005,201.25,151.55,75,4,2,2,계단식,3758400,6046020,751680,1535940,6226272,5188560,1037712,,616652,479657,"41억 5,000",56억,,,,,,,서울원명초등학교,B100000779,서울특별시 서초구 서초동 1685-1번지,공립,단설,19890704,서울특별시교육청,http://wonmyong.sen.es.kr,20230531,25.9,27.3,635,540,20230531,8,71,7,6,7,8,8,7,175,183,206,208,204,,0,0,43,1175,3,2,0,0,20230531,15,,0,0.0,20230531,직영,3347,1386,1232065000,37.50050946,127.01679619,1165010800,서울시,19.8,17.4,서초구,23.0,20.9,10,199.0,223.0,
13,서초교대e편한세상,224,서울시 서초구 서초동,1165010800,1686-9,서울시 서초구 서초중앙로24길 33,37.496937,127.017375,435,24,20,11,268,19,763,대림산업(주),HT005,224.42,176.35,79,4,3,1,계단식,3916800,6291540,783360,1591380,6872544,5727120,1145424,,717563,558149,,,,,,,,,서울원명초등학교,B100000779,서울특별시 서초구 서초동 1685-1번지,공립,단설,19890704,서울특별시교육청,http://wonmyong.sen.es.kr,20230531,25.9,27.3,635,540,20230531,8,71,7,6,7,8,8,7,175,183,206,208,204,,0,0,43,1175,3,2,0,0,20230531,15,,0,0.0,20230531,직영,3347,1386,1232065000,37.50050946,127.01679619,1165010800,서울시,19.8,17.4,서초구,23.0,20.9,10,199.0,223.0,
0,서초그랑자이,83A㎡,서울시 서초구 서초동,1165010800,1757,서울시 서초구 효령로 391,37.489144,127.025957,1446,139,35,30,299,15,2892,지에스건설(주),HT005,83.85,59.98,72,3,2,167,계단식,,,,,,,,,277145,231892,"22억 3,000","23억 5,000","10억 8,000",12억,1억/440,5억/260,1억/440,5억/260,서울서이초등학교,B100000762,서울특별시 서초구 서초동 1334-2번지(서운로 85),공립,단설,19831203,서울특별시교육청,http://seo2.sen.es.kr,20230531,19.7,30.3,672,753,20230531,6,66,9,8,8,7,8,7,239,266,238,205,252,,0,0,47,1425,2,4,0,0,20230531,0,,0,0.0,20230531,직영,3347,1430,1370646000,37.49120942,127.02595329,1165010800,서울시,19.8,17.4,서초구,23.0,20.9,3,225.0,0.0,
1,서초그랑자이,84B㎡,서울시 서초구 서초동,1165010800,1757,서울시 서초구 효령로 391,37.489144,127.025957,1446,139,35,30,299,15,2892,지에스건설(주),HT005,84.77,59.98,71,3,2,83,계단식,,,,,,,,,277145,231892,23억,24억,"11억 8,000","14억 5,000",1억/450,5억/260,1억/450,5억/260,서울서이초등학교,B100000762,서울특별시 서초구 서초동 1334-2번지(서운로 85),공립,단설,19831203,서울특별시교육청,http://seo2.sen.es.kr,20230531,19.7,30.3,672,753,20230531,6,66,9,8,8,7,8,7,239,266,238,205,252,,0,0,47,1425,2,4,0,0,20230531,0,,0,0.0,20230531,직영,3347,1430,1370646000,37.49120942,127.02595329,1165010800,서울시,19.8,17.4,서초구,23.0,20.9,3,225.0,0.0,
2,서초그랑자이,84C㎡,서울시 서초구 서초동,1165010800,1757,서울시 서초구 효령로 391,37.489144,127.025957,1446,139,35,30,299,15,2892,지에스건설(주),HT005,84.48,59.99,71,3,2,13,계단식,,,,,,,,,277192,231931,,"23억 5,000","11억 5,000","11억 8,000",,,,,서울서이초등학교,B100000762,서울특별시 서초구 서초동 1334-2번지(서운로 85),공립,단설,19831203,서울특별시교육청,http://seo2.sen.es.kr,20230531,19.7,30.3,672,753,20230531,6,66,9,8,8,7,8,7,239,266,238,205,252,,0,0,47,1425,2,4,0,0,20230531,0,,0,0.0,20230531,직영,3347,1430,1370646000,37.49120942,127.02595329,1165010800,서울시,19.8,17.4,서초구,23.0,20.9,3,225.0,0.0,
3,서초그랑자이,85D㎡,서울시 서초구 서초동,1165010800,1757,서울시 서초구 효령로 391,37.489144,127.025957,1446,139,35,30,299,15,2892,지에스건설(주),HT005,85.04,59.99,71,3,2,34,계단식,,,,,,,,,277192,231931,,"22억 4,000",,"11억 8,000",,5억/240,,5억/240,서울서이초등학교,B100000762,서울특별시 서초구 서초동 1334-2번지(서운로 85),공립,단설,19831203,서울특별시교육청,http://seo2.sen.es.kr,20230531,19.7,30.3,672,753,20230531,6,66,9,8,8,7,8,7,239,266,238,205,252,,0,0,47,1425,2,4,0,0,20230531,0,,0,0.0,20230531,직영,3347,1430,1370646000,37.49120942,127.02595329,1165010800,서울시,19.8,17.4,서초구,23.0,20.9,3,225.0,0.0,
4,서초그랑자이,101A㎡,서울시 서초구 서초동,1165010800,1757,서울시 서초구 효령로 391,37.489144,127.025957,1446,139,35,30,299,15,2892,지에스건설(주),HT005,101.27,74.91,74,3,2,34,계단식,,,,,,,,,346132,289614,,,,14억,,,,,서울서이초등학교,B100000762,서울특별시 서초구 서초동 1334-2번지(서운로 85),공립,단설,19831203,서울특별시교육청,http://seo2.sen.es.kr,20230531,19.7,30.3,672,753,20230531,6,66,9,8,8,7,8,7,239,266,238,205,252,,0,0,47,1425,2,4,0,0,20230531,0,,0,0.0,20230531,직영,3347,1430,1370646000,37.49120942,127.02595329,1165010800,서울시,19.8,17.4,서초구,23.0,20.9,3,225.0,0.0,
5,서초그랑자이,102B㎡,서울시 서초구 서초동,1165010800,1757,서울시 서초구 효령로 391,37.489144,127.025957,1446,139,35,30,299,15,2892,지에스건설(주),HT005,102.21,74.98,73,3,2,68,계단식,,,,,,,,,346455,289885,"27억 5,000",31억,"12억 8,000","13억 5,000",,,,,서울서이초등학교,B100000762,서울특별시 서초구 서초동 1334-2번지(서운로 85),공립,단설,19831203,서울특별시교육청,http://seo2.sen.es.kr,20230531,19.7,30.3,672,753,20230531,6,66,9,8,8,7,8,7,239,266,238,205,252,,0,0,47,1425,2,4,0,0,20230531,0,,0,0.0,20230531,직영,3347,1430,1370646000,37.49120942,127.02595329,1165010800,서울시,19.8,17.4,서초구,23.0,20.9,3,225.0,0.0,
6,서초그랑자이,112A㎡,서울시 서초구 서초동,1165010800,1757,서울시 서초구 효령로 391,37.489144,127.025957,1446,139,35,30,299,15,2892,지에스건설(주),HT005,112.78,84.51,75,3,2,331,계단식,,,,,,,,,390490,326730,"29억 5,000",36억,"13억 5,000",15억,2억/520,12억/100,2억/520,12억/100,서울서이초등학교,B100000762,서울특별시 서초구 서초동 1334-2번지(서운로 85),공립,단설,19831203,서울특별시교육청,http://seo2.sen.es.kr,20230531,19.7,30.3,672,753,20230531,6,66,9,8,8,7,8,7,239,266,238,205,252,,0,0,47,1425,2,4,0,0,20230531,0,,0,0.0,20230531,직영,3347,1430,1370646000,37.49120942,127.02595329,1165010800,서울시,19.8,17.4,서초구,23.0,20.9,3,225.0,0.0,
7,서초그랑자이,113B㎡,서울시 서초구 서초동,1165010800,1757,서울시 서초구 효령로 391,37.489144,127.025957,1446,139,35,30,299,15,2892,지에스건설(주),HT005,113.93,84.84,74,3,2,39,계단식,,,,,,,,,392014,328005,32억,33억,"14억 5,000",15억,8억/250,10억/180,8억/250,10억/180,서울서이초등학교,B100000762,서울특별시 서초구 서초동 1334-2번지(서운로 85),공립,단설,19831203,서울특별시교육청,http://seo2.sen.es.kr,20230531,19.7,30.3,672,753,20230531,6,66,9,8,8,7,8,7,239,266,238,205,252,,0,0,47,1425,2,4,0,0,20230531,0,,0,0.0,20230531,직영,3347,1430,1370646000,37.49120942,127.02595329,1165010800,서울시,19.8,17.4,서초구,23.0,20.9,3,225.0,0.0,
8,서초그랑자이,115C㎡,서울시 서초구 서초동,1165010800,1757,서울시 서초구 효령로 391,37.489144,127.025957,1446,139,35,30,299,15,2892,지에스건설(주),HT005,115.05,84.87,74,3,2,30,계단식,,,,,,,,,392153,328121,,,,14억,,10억/160,,10억/160,서울서이초등학교,B100000762,서울특별시 서초구 서초동 1334-2번지(서운로 85),공립,단설,19831203,서울특별시교육청,http://seo2.sen.es.kr,20230531,19.7,30.3,672,753,20230531,6,66,9,8,8,7,8,7,239,266,238,205,252,,0,0,47,1425,2,4,0,0,20230531,0,,0,0.0,20230531,직영,3347,1430,1370646000,37.49120942,127.02595329,1165010800,서울시,19.8,17.4,서초구,23.0,20.9,3,225.0,0.0,
9,서초그랑자이,115D㎡,서울시 서초구 서초동,1165010800,1757,서울시 서초구 효령로 391,37.489144,127.025957,1446,139,35,30,299,15,2892,지에스건설(주),HT005,115.05,84.87,74,3,2,9,계단식,,,,,,,,,392153,328121,,,,,,12억/120,,12억/120,서울서이초등학교,B100000762,서울특별시 서초구 서초동 1334-2번지(서운로 85),공립,단설,19831203,서울특별시교육청,http://seo2.sen.es.kr,20230531,19.7,30.3,672,753,20230531,6,66,9,8,8,7,8,7,239,266,238,205,252,,0,0,47,1425,2,4,0,0,20230531,0,,0,0.0,20230531,직영,3347,1430,1370646000,37.49120942,127.02595329,1165010800,서울시,19.8,17.4,서초구,23.0,20.9,3,225.0,0.0,
10,서초그랑자이,115E㎡,서울시 서초구 서초동,1165010800,1757,서울시 서초구 효령로 391,37.489144,127.025957,1446,139,35,30,299,15,2892,지에스건설(주),HT005,115.05,84.87,74,3,2,9,계단식,,,,,,,,,392153,328121,,,,,,,,,서울서이초등학교,B100000762,서울특별시 서초구 서초동 1334-2번지(서운로 85),공립,단설,19831203,서울특별시교육청,http://seo2.sen.es.kr,20230531,19.7,30.3,672,753,20230531,6,66,9,8,8,7,8,7,239,266,238,205,252,,0,0,47,1425,2,4,0,0,20230531,0,,0,0.0,20230531,직영,3347,1430,1370646000,37.49120942,127.02595329,1165010800,서울시,19.8,17.4,서초구,23.0,20.9,3,225.0,0.0,
11,서초그랑자이,122A㎡,서울시 서초구 서초동,1165010800,1757,서울시 서초구 효령로 391,37.489144,127.025957,1446,139,35,30,299,15,2892,지에스건설(주),HT005,122.36,90.97,74,3,2,9,계단식,,,,,,,,,420339,351705,32억,34억,,,,,,,서울서이초등학교,B100000762,서울특별시 서초구 서초동 1334-2번지(서운로 85),공립,단설,19831203,서울특별시교육청,http://seo2.sen.es.kr,20230531,19.7,30.3,672,753,20230531,6,66,9,8,8,7,8,7,239,266,238,205,252,,0,0,47,1425,2,4,0,0,20230531,0,,0,0.0,20230531,직영,3347,1430,1370646000,37.49120942,127.02595329,1165010800,서울시,19.8,17.4,서초구,23.0,20.9,3,225.0,0.0,
12,서초그랑자이,123B㎡,서울시 서초구 서초동,1165010800,1757,서울시 서초구 효령로 391,37.489144,127.025957,1446,139,35,30,299,15,2892,지에스건설(주),HT005,123.6,90.72,73,3,2,30,계단식,,,,,,,,,419184,350738,33억,37억,,17억,,,,,서울서이초등학교,B100000762,서울특별시 서초구 서초동 1334-2번지(서운로 85),공립,단설,19831203,서울특별시교육청,http://seo2.sen.es.kr,20230531,19.7,30.3,672,753,20230531,6,66,9,8,8,7,8,7,239,266,238,205,252,,0,0,47,1425,2,4,0,0,20230531,0,,0,0.0,20230531,직영,3347,1430,1370646000,37.49120942,127.02595329,1165010800,서울시,19.8,17.4,서초구,23.0,20.9,3,225.0,0.0,
13,서초그랑자이,127A㎡,서울시 서초구 서초동,1165010800,1757,서울시 서초구 효령로 391,37.489144,127.025957,1446,139,35,30,299,15,2892,지에스건설(주),HT005,127.98,100.31,78,4,2,222,계단식,,,,,,,,,463496,387815,34억,40억,"16억 5,000",20억,4억/500,12억/200,4억/500,12억/200,서울서이초등학교,B100000762,서울특별시 서초구 서초동 1334-2번지(서운로 85),공립,단설,19831203,서울특별시교육청,http://seo2.sen.es.kr,20230531,19.7,30.3,672,753,20230531,6,66,9,8,8,7,8,7,239,266,238,205,252,,0,0,47,1425,2,4,0,0,20230531,0,,0,0.0,20230531,직영,3347,1430,1370646000,37.49120942,127.02595329,1165010800,서울시,19.8,17.4,서초구,23.0,20.9,3,225.0,0.0,
14,서초그랑자이,128B㎡,서울시 서초구 서초동,1165010800,1757,서울시 서초구 효령로 391,37.489144,127.025957,1446,139,35,30,299,15,2892,지에스건설(주),HT005,128.21,100.41,78,4,2,32,계단식,,,,,,,,,463958,388201,,35억,17억,18억,7억/400,15억/80,7억/400,15억/80,서울서이초등학교,B100000762,서울특별시 서초구 서초동 1334-2번지(서운로 85),공립,단설,19831203,서울특별시교육청,http://seo2.sen.es.kr,20230531,19.7,30.3,672,753,20230531,6,66,9,8,8,7,8,7,239,266,238,205,252,,0,0,47,1425,2,4,0,0,20230531,0,,0,0.0,20230531,직영,3347,1430,1370646000,37.49120942,127.02595329,1165010800,서울시,19.8,17.4,서초구,23.0,20.9,3,225.0,0.0,
15,서초그랑자이,148㎡,서울시 서초구 서초동,1165010800,1757,서울시 서초구 효령로 391,37.489144,127.025957,1446,139,35,30,299,15,2892,지에스건설(주),HT005,148.8,119.41,80,4,2,186,계단식,,,,,,,,,551750,461659,"39억 5,000",45억,19억,23억,1억/840,17억/120,1억/840,17억/120,서울서이초등학교,B100000762,서울특별시 서초구 서초동 1334-2번지(서운로 85),공립,단설,19831203,서울특별시교육청,http://seo2.sen.es.kr,20230531,19.7,30.3,672,753,20230531,6,66,9,8,8,7,8,7,239,266,238,205,252,,0,0,47,1425,2,4,0,0,20230531,0,,0,0.0,20230531,직영,3347,1430,1370646000,37.49120942,127.02595329,1165010800,서울시,19.8,17.4,서초구,23.0,20.9,3,225.0,0.0,
16,서초그랑자이,150A㎡,서울시 서초구 서초동,1165010800,1757,서울시 서초구 효령로 391,37.489144,127.025957,1446,139,35,30,299,15,2892,지에스건설(주),HT005,150.27,115.99,77,3,3,4,계단식,,,,,,,,,535947,448436,,,,23억,,,,,서울서이초등학교,B100000762,서울특별시 서초구 서초동 1334-2번지(서운로 85),공립,단설,19831203,서울특별시교육청,http://seo2.sen.es.kr,20230531,19.7,30.3,672,753,20230531,6,66,9,8,8,7,8,7,239,266,238,205,252,,0,0,47,1425,2,4,0,0,20230531,0,,0,0.0,20230531,직영,3347,1430,1370646000,37.49120942,127.02595329,1165010800,서울시,19.8,17.4,서초구,23.0,20.9,3,225.0,0.0,
17,서초그랑자이,150B㎡,서울시 서초구 서초동,1165010800,1757,서울시 서초구 효령로 391,37.489144,127.025957,1446,139,35,30,299,15,2892,지에스건설(주),HT005,150.31,115.71,77,3,3,4,계단식,,,,,,,,,534653,447354,,,,,,,,,서울서이초등학교,B100000762,서울특별시 서초구 서초동 1334-2번지(서운로 85),공립,단설,19831203,서울특별시교육청,http://seo2.sen.es.kr,20230531,19.7,30.3,672,753,20230531,6,66,9,8,8,7,8,7,239,266,238,205,252,,0,0,47,1425,2,4,0,0,20230531,0,,0,0.0,20230531,직영,3347,1430,1370646000,37.49120942,127.02595329,1165010800,서울시,19.8,17.4,서초구,23.0,20.9,3,225.0,0.0,
18,서초그랑자이,192,서울시 서초구 서초동,1165010800,1757,서울시 서초구 효령로 391,37.489144,127.025957,1446,139,35,30,299,15,2892,지에스건설(주),HT005,192.97,148.5,77,4,2,3,계단식,,,,,,,,,686164,574125,,,,27억,,,,,서울서이초등학교,B100000762,서울특별시 서초구 서초동 1334-2번지(서운로 85),공립,단설,19831203,서울특별시교육청,http://seo2.sen.es.kr,20230531,19.7,30.3,672,753,20230531,6,66,9,8,8,7,8,7,239,266,238,205,252,,0,0,47,1425,2,4,0,0,20230531,0,,0,0.0,20230531,직영,3347,1430,1370646000,37.49120942,127.02595329,1165010800,서울시,19.8,17.4,서초구,23.0,20.9,3,225.0,0.0,
0,서초극동스타클래스 I,102㎡,서울시 서초구 서초동,1165010800,1616-10,서울시 서초구 서리풀4길 43,37.487828,127.022865,90,0,15,8,265,28,128,극동건설(주),HT001,102.8,84.3,82,3,2,49,계단식,1416600,2416230,283320,716310,111888,93240,18648,,,,16억,"16억 6,000",,,,5억/120,,5억/120,서울서일초등학교,B100000763,서울특별시 서초구 서초동 1436-8번지,공립,단설,19861016,서울특별시교육청,http://seoulseoil.sen.es.kr,20230531,20.3,20.8,266,232,20230531,4,33,3,4,4,4,4,4,72,79,88,78,93,,1,5,23,498,1,4,0,0,20230531,6,,0,0.0,20230531,직영,3377,558,615924000,37.48478772,127.02260429,1165010800,서울시,19.8,17.4,서초구,23.0,20.9,9,83.0,87.0,
1,서초극동스타클래스 I,117㎡,서울시 서초구 서초동,1165010800,1616-10,서울시 서초구 서리풀4길 43,37.487828,127.022865,90,0,15,8,265,28,128,극동건설(주),HT001,117.24,90.18,77,3,2,11,계단식,1598400,2698020,319680,779940,417312,347760,69552,,,,,,,,,,,,서울서일초등학교,B100000763,서울특별시 서초구 서초동 1436-8번지,공립,단설,19861016,서울특별시교육청,http://seoulseoil.sen.es.kr,20230531,20.3,20.8,266,232,20230531,4,33,3,4,4,4,4,4,72,79,88,78,93,,1,5,23,498,1,4,0,0,20230531,6,,0,0.0,20230531,직영,3377,558,615924000,37.48478772,127.02260429,1165010800,서울시,19.8,17.4,서초구,23.0,20.9,9,83.0,87.0,
2,서초극동스타클래스 I,120㎡,서울시 서초구 서초동,1165010800,1616-10,서울시 서초구 서리풀4길 43,37.487828,127.022865,90,0,15,8,265,28,128,극동건설(주),HT001,120.22,99.54,83,4,2,1,계단식,1580400,2670120,316080,773640,387072,322560,64512,,,,,,,,,,,,서울서일초등학교,B100000763,서울특별시 서초구 서초동 1436-8번지,공립,단설,19861016,서울특별시교육청,http://seoulseoil.sen.es.kr,20230531,20.3,20.8,266,232,20230531,4,33,3,4,4,4,4,4,72,79,88,78,93,,1,5,23,498,1,4,0,0,20230531,6,,0,0.0,20230531,직영,3377,558,615924000,37.48478772,127.02260429,1165010800,서울시,19.8,17.4,서초구,23.0,20.9,9,83.0,87.0,
3,서초극동스타클래스 I,133A㎡,서울시 서초구 서초동,1165010800,1616-10,서울시 서초구 서리풀4길 43,37.487828,127.022865,90,0,15,8,265,28,128,극동건설(주),HT001,133.56,109.97,82,4,2,10,계단식,1841400,3074670,368280,864990,825552,687960,137592,,,,,18억,,,,,,,서울서일초등학교,B100000763,서울특별시 서초구 서초동 1436-8번지,공립,단설,19861016,서울특별시교육청,http://seoulseoil.sen.es.kr,20230531,20.3,20.8,266,232,20230531,4,33,3,4,4,4,4,4,72,79,88,78,93,,1,5,23,498,1,4,0,0,20230531,6,,0,0.0,20230531,직영,3377,558,615924000,37.48478772,127.02260429,1165010800,서울시,19.8,17.4,서초구,23.0,20.9,9,83.0,87.0,
4,서초극동스타클래스 I,133B㎡,서울시 서초구 서초동,1165010800,1616-10,서울시 서초구 서리풀4길 43,37.487828,127.022865,90,0,15,8,265,28,128,극동건설(주),HT001,133.4,110.72,83,4,2,6,계단식,1803600,3016080,360720,851760,762048,635040,127008,,,,,,,,,,,,서울서일초등학교,B100000763,서울특별시 서초구 서초동 1436-8번지,공립,단설,19861016,서울특별시교육청,http://seoulseoil.sen.es.kr,20230531,20.3,20.8,266,232,20230531,4,33,3,4,4,4,4,4,72,79,88,78,93,,1,5,23,498,1,4,0,0,20230531,6,,0,0.0,20230531,직영,3377,558,615924000,37.48478772,127.02260429,1165010800,서울시,19.8,17.4,서초구,23.0,20.9,9,83.0,87.0,
5,서초극동스타클래스 I,150㎡,서울시 서초구 서초동,1165010800,1616-10,서울시 서초구 서리풀4길 43,37.487828,127.022865,90,0,15,8,265,28,128,극동건설(주),HT001,150.31,124.09,83,4,2,10,계단식,1908000,3177900,381600,888300,937440,781200,156240,,,,,20억,,,,,,,서울서일초등학교,B100000763,서울특별시 서초구 서초동 1436-8번지,공립,단설,19861016,서울특별시교육청,http://seoulseoil.sen.es.kr,20230531,20.3,20.8,266,232,20230531,4,33,3,4,4,4,4,4,72,79,88,78,93,,1,5,23,498,1,4,0,0,20230531,6,,0,0.0,20230531,직영,3377,558,615924000,37.48478772,127.02260429,1165010800,서울시,19.8,17.4,서초구,23.0,20.9,9,83.0,87.0,
6,서초극동스타클래스 I,176㎡,서울시 서초구 서초동,1165010800,1616-10,서울시 서초구 서리풀4길 43,37.487828,127.022865,90,0,15,8,265,28,128,극동건설(주),HT001,176.12,144.6,82,4,2,1,계단식,1899000,3163950,379800,885150,922320,768600,153720,,,,,,"8억 5,000","8억 6,000",,,,,서울서일초등학교,B100000763,서울특별시 서초구 서초동 1436-8번지,공립,단설,19861016,서울특별시교육청,http://seoulseoil.sen.es.kr,20230531,20.3,20.8,266,232,20230531,4,33,3,4,4,4,4,4,72,79,88,78,93,,1,5,23,498,1,4,0,0,20230531,6,,0,0.0,20230531,직영,3377,558,615924000,37.48478772,127.02260429,1165010800,서울시,19.8,17.4,서초구,23.0,20.9,9,83.0,87.0,
7,서초극동스타클래스 I,197㎡,서울시 서초구 서초동,1165010800,1616-10,서울시 서초구 서리풀4길 43,37.487828,127.022865,90,0,15,8,265,28,128,극동건설(주),HT001,197.04,161.61,82,4,2,1,계단식,1980000,3289500,396000,913500,1058400,882000,176400,,,,,,,,,,,,서울서일초등학교,B100000763,서울특별시 서초구 서초동 1436-8번지,공립,단설,19861016,서울특별시교육청,http://seoulseoil.sen.es.kr,20230531,20.3,20.8,266,232,20230531,4,33,3,4,4,4,4,4,72,79,88,78,93,,1,5,23,498,1,4,0,0,20230531,6,,0,0.0,20230531,직영,3377,558,615924000,37.48478772,127.02260429,1165010800,서울시,19.8,17.4,서초구,23.0,20.9,9,83.0,87.0,
8,서초극동스타클래스 I,218,서울시 서초구 서초동,1165010800,1616-10,서울시 서초구 서리풀4길 43,37.487828,127.022865,90,0,15,8,265,28,128,극동건설(주),HT001,218.48,173.17,79,4,2,1,계단식,2059200,3412260,411840,941220,1191456,992880,198576,,,,,,,,,,,,서울서일초등학교,B100000763,서울특별시 서초구 서초동 1436-8번지,공립,단설,19861016,서울특별시교육청,http://seoulseoil.sen.es.kr,20230531,20.3,20.8,266,232,20230531,4,33,3,4,4,4,4,4,72,79,88,78,93,,1,5,23,498,1,4,0,0,20230531,6,,0,0.0,20230531,직영,3377,558,615924000,37.48478772,127.02260429,1165010800,서울시,19.8,17.4,서초구,23.0,20.9,9,83.0,87.0,
0,서초극동스타클래스2,74㎡,서울시 서초구 서초동,1165010800,1615-10,서울시 서초구 효령로67길 35,37.488675,127.022865,60,0,10,5,227,37,71,극동건설(주),HT001,74.92,59.97,80,3,2,8,계단식,681975,1343160,136395,524790,0,0,0,,,,,"13억 5,000",,,,,,,서울서일초등학교,B100000763,서울특별시 서초구 서초동 1436-8번지,공립,단설,19861016,서울특별시교육청,http://seoulseoil.sen.es.kr,20230531,20.3,20.8,266,232,20230531,4,33,3,4,4,4,4,4,72,79,88,78,93,,1,5,23,498,1,4,0,0,20230531,6,,0,0.0,20230531,직영,3377,558,615924000,37.48478772,127.02260429,1165010800,서울시,19.8,17.4,서초구,23.0,20.9,10,83.0,87.0,
1,서초극동스타클래스2,90㎡,서울시 서초구 서초동,1165010800,1615-10,서울시 서초구 효령로67길 35,37.488675,127.022865,60,0,10,5,227,37,71,극동건설(주),HT001,90.75,72.5,80,3,2,4,계단식,999000,1768950,199800,570150,0,0,0,,,,,,,8억,,7억/40,,7억/40,서울서일초등학교,B100000763,서울특별시 서초구 서초동 1436-8번지,공립,단설,19861016,서울특별시교육청,http://seoulseoil.sen.es.kr,20230531,20.3,20.8,266,232,20230531,4,33,3,4,4,4,4,4,72,79,88,78,93,,1,5,23,498,1,4,0,0,20230531,6,,0,0.0,20230531,직영,3377,558,615924000,37.48478772,127.02260429,1165010800,서울시,19.8,17.4,서초구,23.0,20.9,10,83.0,87.0,
2,서초극동스타클래스2,101A㎡,서울시 서초구 서초동,1165010800,1615-10,서울시 서초구 효령로67길 35,37.488675,127.022865,60,0,10,5,227,37,71,극동건설(주),HT001,101.2,81.06,80,3,2,16,계단식,1171800,2036790,234360,630630,0,0,0,,,,"15억 5,000","16억 5,000",,,,,,,서울서일초등학교,B100000763,서울특별시 서초구 서초동 1436-8번지,공립,단설,19861016,서울특별시교육청,http://seoulseoil.sen.es.kr,20230531,20.3,20.8,266,232,20230531,4,33,3,4,4,4,4,4,72,79,88,78,93,,1,5,23,498,1,4,0,0,20230531,6,,0,0.0,20230531,직영,3377,558,615924000,37.48478772,127.02260429,1165010800,서울시,19.8,17.4,서초구,23.0,20.9,10,83.0,87.0,
3,서초극동스타클래스2,102B㎡,서울시 서초구 서초동,1165010800,1615-10,서울시 서초구 효령로67길 35,37.488675,127.022865,60,0,10,5,227,37,71,극동건설(주),HT001,102.04,82.43,81,3,2,2,계단식,1191600,2067480,238320,637560,0,0,0,,,,,,,,,,,,서울서일초등학교,B100000763,서울특별시 서초구 서초동 1436-8번지,공립,단설,19861016,서울특별시교육청,http://seoulseoil.sen.es.kr,20230531,20.3,20.8,266,232,20230531,4,33,3,4,4,4,4,4,72,79,88,78,93,,1,5,23,498,1,4,0,0,20230531,6,,0,0.0,20230531,직영,3377,558,615924000,37.48478772,127.02260429,1165010800,서울시,19.8,17.4,서초구,23.0,20.9,10,83.0,87.0,
4,서초극동스타클래스2,105㎡,서울시 서초구 서초동,1165010800,1615-10,서울시 서초구 효령로67길 35,37.488675,127.022865,60,0,10,5,227,37,71,극동건설(주),HT001,105.31,84.99,81,3,2,18,계단식,1247400,2153970,249480,657090,0,0,0,,,,,,,,,,,,서울서일초등학교,B100000763,서울특별시 서초구 서초동 1436-8번지,공립,단설,19861016,서울특별시교육청,http://seoulseoil.sen.es.kr,20230531,20.3,20.8,266,232,20230531,4,33,3,4,4,4,4,4,72,79,88,78,93,,1,5,23,498,1,4,0,0,20230531,6,,0,0.0,20230531,직영,3377,558,615924000,37.48478772,127.02260429,1165010800,서울시,19.8,17.4,서초구,23.0,20.9,10,83.0,87.0,
5,서초극동스타클래스2,120㎡,서울시 서초구 서초동,1165010800,1615-10,서울시 서초구 효령로67길 35,37.488675,127.022865,60,0,10,5,227,37,71,극동건설(주),HT001,120.14,96.55,80,4,2,2,계단식,1288800,2218140,257760,671580,0,0,0,,,,,,,,,,,,서울서일초등학교,B100000763,서울특별시 서초구 서초동 1436-8번지,공립,단설,19861016,서울특별시교육청,http://seoulseoil.sen.es.kr,20230531,20.3,20.8,266,232,20230531,4,33,3,4,4,4,4,4,72,79,88,78,93,,1,5,23,498,1,4,0,0,20230531,6,,0,0.0,20230531,직영,3377,558,615924000,37.48478772,127.02260429,1165010800,서울시,19.8,17.4,서초구,23.0,20.9,10,83.0,87.0,
6,서초극동스타클래스2,130,서울시 서초구 서초동,1165010800,1615-10,서울시 서초구 효령로67길 35,37.488675,127.022865,60,0,10,5,227,37,71,극동건설(주),HT001,130.76,105.47,81,4,2,10,계단식,1461600,2485980,292320,732060,187488,156240,31248,,,,,,,,4억/200,5억/160,4억/200,5억/160,서울서일초등학교,B100000763,서울특별시 서초구 서초동 1436-8번지,공립,단설,19861016,서울특별시교육청,http://seoulseoil.sen.es.kr,20230531,20.3,20.8,266,232,20230531,4,33,3,4,4,4,4,4,72,79,88,78,93,,1,5,23,498,1,4,0,0,20230531,6,,0,0.0,20230531,직영,3377,558,615924000,37.48478772,127.02260429,1165010800,서울시,19.8,17.4,서초구,23.0,20.9,10,83.0,87.0,
0,서초금호어울림,156A㎡,서울시 서초구 서초동,1165010800,1467-97,서울시 서초구 명달로 10,37.478612,127.006829,84,0,15,15,299,22,174,금호산업주식회사,HT001,156.91,124.35,79,4,2,28,계단식,1643400,2767770,328680,795690,492912,410760,82152,,,,19억,20억,10억,"10억 5,000",,,,,서울신중초등학교,B100000768,서울특별시 서초구 서초동 1466-6번지,공립,단설,19360601,서울특별시교육청,http://sinjung.sen.es.kr,20230531,21.0,22.5,455,378,20230531,4,57,5,6,6,6,7,6,130,124,135,138,166,,1,5,36,833,1,3,0,0,20230531,10,,0,0.0,20230531,직영,3385,931,831091000,37.4801795,127.0093516,1165010800,서울시,19.8,17.4,서초구,23.0,20.9,6,135.0,162.0,
1,서초금호어울림,156B㎡,서울시 서초구 서초동,1165010800,1467-97,서울시 서초구 명달로 10,37.478612,127.006829,84,0,15,15,299,22,174,금호산업주식회사,HT001,156.91,124.35,79,4,2,28,계단식,1643400,2767770,328680,795690,492912,410760,82152,,,,,,,,,7억/150,,7억/150,서울신중초등학교,B100000768,서울특별시 서초구 서초동 1466-6번지,공립,단설,19360601,서울특별시교육청,http://sinjung.sen.es.kr,20230531,21.0,22.5,455,378,20230531,4,57,5,6,6,6,7,6,130,124,135,138,166,,1,5,36,833,1,3,0,0,20230531,10,,0,0.0,20230531,직영,3385,931,831091000,37.4801795,127.0093516,1165010800,서울시,19.8,17.4,서초구,23.0,20.9,6,135.0,162.0,
2,서초금호어울림,185,서울시 서초구 서초동,1165010800,1467-97,서울시 서초구 명달로 10,37.478612,127.006829,84,0,15,15,299,22,174,금호산업주식회사,HT001,185.88,146.13,79,4,2,28,계단식,1866600,3113730,373320,873810,867888,723240,144648,,,,"19억 7,000","20억 7,000",,,,,,,서울신중초등학교,B100000768,서울특별시 서초구 서초동 1466-6번지,공립,단설,19360601,서울특별시교육청,http://sinjung.sen.es.kr,20230531,21.0,22.5,455,378,20230531,4,57,5,6,6,6,7,6,130,124,135,138,166,,1,5,36,833,1,3,0,0,20230531,10,,0,0.0,20230531,직영,3385,931,831091000,37.4801795,127.0093516,1165010800,서울시,19.8,17.4,서초구,23.0,20.9,6,135.0,162.0,
0,서초나산스위트(주상복합),141A㎡,서울시 서초구 서초동,1165010800,1330-16,서울시 서초구 서초대로78길 44,37.493804,127.028566,24,0,15,11,561,58,42,나산종합건설주식회사,HT001,141.65,116.17,82,4,2,1,계단식,541800,1118880,108360,468720,0,0,0,,,,,,,,,,,,서울서이초등학교,B100000762,서울특별시 서초구 서초동 1334-2번지(서운로 85),공립,단설,19831203,서울특별시교육청,http://seo2.sen.es.kr,20230531,19.7,30.3,672,753,20230531,6,66,9,8,8,7,8,7,239,266,238,205,252,,0,0,47,1425,2,4,0,0,20230531,0,,0,0.0,20230531,직영,3347,1430,1370646000,37.49120942,127.02595329,1165010800,서울시,19.8,17.4,서초구,23.0,20.9,7,225.0,0.0,
1,서초나산스위트(주상복합),142B㎡,서울시 서초구 서초동,1165010800,1330-16,서울시 서초구 서초대로78길 44,37.493804,127.028566,24,0,15,11,561,58,42,나산종합건설주식회사,HT001,142.27,116.68,82,4,2,1,계단식,541800,1118880,108360,468720,0,0,0,,,,,,,,,,,,서울서이초등학교,B100000762,서울특별시 서초구 서초동 1334-2번지(서운로 85),공립,단설,19831203,서울특별시교육청,http://seo2.sen.es.kr,20230531,19.7,30.3,672,753,20230531,6,66,9,8,8,7,8,7,239,266,238,205,252,,0,0,47,1425,2,4,0,0,20230531,0,,0,0.0,20230531,직영,3347,1430,1370646000,37.49120942,127.02595329,1165010800,서울시,19.8,17.4,서초구,23.0,20.9,7,225.0,0.0,
2,서초나산스위트(주상복합),144A㎡,서울시 서초구 서초동,1165010800,1330-16,서울시 서초구 서초대로78길 44,37.493804,127.028566,24,0,15,11,561,58,42,나산종합건설주식회사,HT001,144.54,118.55,82,4,2,3,계단식,541800,1118880,108360,468720,0,0,0,,,,,19억,,,,,,,서울서이초등학교,B100000762,서울특별시 서초구 서초동 1334-2번지(서운로 85),공립,단설,19831203,서울특별시교육청,http://seo2.sen.es.kr,20230531,19.7,30.3,672,753,20230531,6,66,9,8,8,7,8,7,239,266,238,205,252,,0,0,47,1425,2,4,0,0,20230531,0,,0,0.0,20230531,직영,3347,1430,1370646000,37.49120942,127.02595329,1165010800,서울시,19.8,17.4,서초구,23.0,20.9,7,225.0,0.0,
3,서초나산스위트(주상복합),145B㎡,서울시 서초구 서초동,1165010800,1330-16,서울시 서초구 서초대로78길 44,37.493804,127.028566,24,0,15,11,561,58,42,나산종합건설주식회사,HT001,145.87,119.64,82,4,2,1,계단식,541800,1118880,108360,468720,0,0,0,,,,,,,,,,,,서울서이초등학교,B100000762,서울특별시 서초구 서초동 1334-2번지(서운로 85),공립,단설,19831203,서울특별시교육청,http://seo2.sen.es.kr,20230531,19.7,30.3,672,753,20230531,6,66,9,8,8,7,8,7,239,266,238,205,252,,0,0,47,1425,2,4,0,0,20230531,0,,0,0.0,20230531,직영,3347,1430,1370646000,37.49120942,127.02595329,1165010800,서울시,19.8,17.4,서초구,23.0,20.9,7,225.0,0.0,
4,서초나산스위트(주상복합),149㎡,서울시 서초구 서초동,1165010800,1330-16,서울시 서초구 서초대로78길 44,37.493804,127.028566,24,0,15,11,561,58,42,나산종합건설주식회사,HT001,149.6,122.69,82,4,2,1,계단식,522900,1088640,104580,461160,0,0,0,,,,,,,,,,,,서울서이초등학교,B100000762,서울특별시 서초구 서초동 1334-2번지(서운로 85),공립,단설,19831203,서울특별시교육청,http://seo2.sen.es.kr,20230531,19.7,30.3,672,753,20230531,6,66,9,8,8,7,8,7,239,266,238,205,252,,0,0,47,1425,2,4,0,0,20230531,0,,0,0.0,20230531,직영,3347,1430,1370646000,37.49120942,127.02595329,1165010800,서울시,19.8,17.4,서초구,23.0,20.9,7,225.0,0.0,
5,서초나산스위트(주상복합),158㎡,서울시 서초구 서초동,1165010800,1330-16,서울시 서초구 서초대로78길 44,37.493804,127.028566,24,0,15,11,561,58,42,나산종합건설주식회사,HT001,158.01,129.59,82,4,2,1,계단식,559125,1146600,111825,475650,0,0,0,,,,,,,,,,,,서울서이초등학교,B100000762,서울특별시 서초구 서초동 1334-2번지(서운로 85),공립,단설,19831203,서울특별시교육청,http://seo2.sen.es.kr,20230531,19.7,30.3,672,753,20230531,6,66,9,8,8,7,8,7,239,266,238,205,252,,0,0,47,1425,2,4,0,0,20230531,0,,0,0.0,20230531,직영,3347,1430,1370646000,37.49120942,127.02595329,1165010800,서울시,19.8,17.4,서초구,23.0,20.9,7,225.0,0.0,
6,서초나산스위트(주상복합),161㎡,서울시 서초구 서초동,1165010800,1330-16,서울시 서초구 서초대로78길 44,37.493804,127.028566,24,0,15,11,561,58,42,나산종합건설주식회사,HT001,161.61,132.55,82,5,2,1,계단식,630000,1260000,126000,504000,0,0,0,,,,,,,,,,,,서울서이초등학교,B100000762,서울특별시 서초구 서초동 1334-2번지(서운로 85),공립,단설,19831203,서울특별시교육청,http://seo2.sen.es.kr,20230531,19.7,30.3,672,753,20230531,6,66,9,8,8,7,8,7,239,266,238,205,252,,0,0,47,1425,2,4,0,0,20230531,0,,0,0.0,20230531,직영,3347,1430,1370646000,37.49120942,127.02595329,1165010800,서울시,19.8,17.4,서초구,23.0,20.9,7,225.0,0.0,
7,서초나산스위트(주상복합),163㎡,서울시 서초구 서초동,1165010800,1330-16,서울시 서초구 서초대로78길 44,37.493804,127.028566,24,0,15,11,561,58,42,나산종합건설주식회사,HT001,163.89,134.41,82,5,2,1,계단식,630000,1260000,126000,504000,0,0,0,,,,,,,,,,,,서울서이초등학교,B100000762,서울특별시 서초구 서초동 1334-2번지(서운로 85),공립,단설,19831203,서울특별시교육청,http://seo2.sen.es.kr,20230531,19.7,30.3,672,753,20230531,6,66,9,8,8,7,8,7,239,266,238,205,252,,0,0,47,1425,2,4,0,0,20230531,0,,0,0.0,20230531,직영,3347,1430,1370646000,37.49120942,127.02595329,1165010800,서울시,19.8,17.4,서초구,23.0,20.9,7,225.0,0.0,
8,서초나산스위트(주상복합),169㎡,서울시 서초구 서초동,1165010800,1330-16,서울시 서초구 서초대로78길 44,37.493804,127.028566,24,0,15,11,561,58,42,나산종합건설주식회사,HT001,169.47,138.99,82,5,2,8,계단식,672525,1328040,134505,521010,0,0,0,,,,,22억,,,,,,,서울서이초등학교,B100000762,서울특별시 서초구 서초동 1334-2번지(서운로 85),공립,단설,19831203,서울특별시교육청,http://seo2.sen.es.kr,20230531,19.7,30.3,672,753,20230531,6,66,9,8,8,7,8,7,239,266,238,205,252,,0,0,47,1425,2,4,0,0,20230531,0,,0,0.0,20230531,직영,3347,1430,1370646000,37.49120942,127.02595329,1165010800,서울시,19.8,17.4,서초구,23.0,20.9,7,225.0,0.0,
9,서초나산스위트(주상복합),171㎡,서울시 서초구 서초동,1165010800,1330-16,서울시 서초구 서초대로78길 44,37.493804,127.028566,24,0,15,11,561,58,42,나산종합건설주식회사,HT001,171.35,140.53,82,5,2,3,계단식,672525,1328040,134505,521010,0,0,0,,,,,,,,,,,,서울서이초등학교,B100000762,서울특별시 서초구 서초동 1334-2번지(서운로 85),공립,단설,19831203,서울특별시교육청,http://seo2.sen.es.kr,20230531,19.7,30.3,672,753,20230531,6,66,9,8,8,7,8,7,239,266,238,205,252,,0,0,47,1425,2,4,0,0,20230531,0,,0,0.0,20230531,직영,3347,1430,1370646000,37.49120942,127.02595329,1165010800,서울시,19.8,17.4,서초구,23.0,20.9,7,225.0,0.0,
10,서초나산스위트(주상복합),180㎡,서울시 서초구 서초동,1165010800,1330-16,서울시 서초구 서초대로78길 44,37.493804,127.028566,24,0,15,11,561,58,42,나산종합건설주식회사,HT001,180.11,147.72,82,5,2,1,계단식,661500,1310400,132300,516600,0,0,0,,,,,,,,,,,,서울서이초등학교,B100000762,서울특별시 서초구 서초동 1334-2번지(서운로 85),공립,단설,19831203,서울특별시교육청,http://seo2.sen.es.kr,20230531,19.7,30.3,672,753,20230531,6,66,9,8,8,7,8,7,239,266,238,205,252,,0,0,47,1425,2,4,0,0,20230531,0,,0,0.0,20230531,직영,3347,1430,1370646000,37.49120942,127.02595329,1165010800,서울시,19.8,17.4,서초구,23.0,20.9,7,225.0,0.0,
11,서초나산스위트(주상복합),184㎡,서울시 서초구 서초동,1165010800,1330-16,서울시 서초구 서초대로78길 44,37.493804,127.028566,24,0,15,11,561,58,42,나산종합건설주식회사,HT001,184.76,151.53,82,5,2,1,계단식,694575,1363320,138915,529830,0,0,0,,,,,"18억 8,000",,,,,,,서울서이초등학교,B100000762,서울특별시 서초구 서초동 1334-2번지(서운로 85),공립,단설,19831203,서울특별시교육청,http://seo2.sen.es.kr,20230531,19.7,30.3,672,753,20230531,6,66,9,8,8,7,8,7,239,266,238,205,252,,0,0,47,1425,2,4,0,0,20230531,0,,0,0.0,20230531,직영,3347,1430,1370646000,37.49120942,127.02595329,1165010800,서울시,19.8,17.4,서초구,23.0,20.9,7,225.0,0.0,
12,서초나산스위트(주상복합),198,서울시 서초구 서초동,1165010800,1330-16,서울시 서초구 서초대로78길 44,37.493804,127.028566,24,0,15,11,561,58,42,나산종합건설주식회사,HT001,198.96,163.18,82,4,3,1,계단식,688275,1353240,137655,527310,0,0,0,,,,,,,,,,,,서울서이초등학교,B100000762,서울특별시 서초구 서초동 1334-2번지(서운로 85),공립,단설,19831203,서울특별시교육청,http://seo2.sen.es.kr,20230531,19.7,30.3,672,753,20230531,6,66,9,8,8,7,8,7,239,266,238,205,252,,0,0,47,1425,2,4,0,0,20230531,0,,0,0.0,20230531,직영,3347,1430,1370646000,37.49120942,127.02595329,1165010800,서울시,19.8,17.4,서초구,23.0,20.9,7,225.0,0.0,
0,서초네스피아,97㎡,서울시 서초구 서초동,1165010800,1466-2,서울시 서초구 명달로4길 68,37.480681,127.009639,24,0,6,6,0,0,34,(주)조인건설,HT001,97.81,90.12,92,3,2,2,계단식,357300,804870,71460,376110,0,0,0,,,,,,,,,,,,서울신중초등학교,B100000768,서울특별시 서초구 서초동 1466-6번지,공립,단설,19360601,서울특별시교육청,http://sinjung.sen.es.kr,20230531,21.0,22.5,455,378,20230531,4,57,5,6,6,6,7,6,130,124,135,138,166,,1,5,36,833,1,3,0,0,20230531,10,,0,0.0,20230531,직영,3385,931,831091000,37.4801795,127.0093516,1165010800,서울시,19.8,17.4,서초구,23.0,20.9,2,135.0,162.0,
1,서초네스피아,108㎡,서울시 서초구 서초동,1165010800,1466-2,서울시 서초구 명달로4길 68,37.480681,127.009639,24,0,6,6,0,0,34,(주)조인건설,HT001,108.95,100.41,92,3,2,10,계단식,450450,972720,90090,432180,0,0,0,,,,,"12억 5,000",,,,,,,서울신중초등학교,B100000768,서울특별시 서초구 서초동 1466-6번지,공립,단설,19360601,서울특별시교육청,http://sinjung.sen.es.kr,20230531,21.0,22.5,455,378,20230531,4,57,5,6,6,6,7,6,130,124,135,138,166,,1,5,36,833,1,3,0,0,20230531,10,,0,0.0,20230531,직영,3385,931,831091000,37.4801795,127.0093516,1165010800,서울시,19.8,17.4,서초구,23.0,20.9,2,135.0,162.0,
2,서초네스피아,112㎡,서울시 서초구 서초동,1165010800,1466-2,서울시 서초구 명달로4길 68,37.480681,127.009639,24,0,6,6,0,0,34,(주)조인건설,HT001,112.18,104.75,93,3,2,2,계단식,408600,902340,81720,412020,0,0,0,,,,,,,,,,,,서울신중초등학교,B100000768,서울특별시 서초구 서초동 1466-6번지,공립,단설,19360601,서울특별시교육청,http://sinjung.sen.es.kr,20230531,21.0,22.5,455,378,20230531,4,57,5,6,6,6,7,6,130,124,135,138,166,,1,5,36,833,1,3,0,0,20230531,10,,0,0.0,20230531,직영,3385,931,831091000,37.4801795,127.0093516,1165010800,서울시,19.8,17.4,서초구,23.0,20.9,2,135.0,162.0,
3,서초네스피아,129,서울시 서초구 서초동,1165010800,1466-2,서울시 서초구 명달로4길 68,37.480681,127.009639,24,0,6,6,0,0,34,(주)조인건설,HT001,129.84,121.25,93,4,2,10,계단식,652050,1295280,130410,512820,0,0,0,,,,,,,,,,,,서울신중초등학교,B100000768,서울특별시 서초구 서초동 1466-6번지,공립,단설,19360601,서울특별시교육청,http://sinjung.sen.es.kr,20230531,21.0,22.5,455,378,20230531,4,57,5,6,6,6,7,6,130,124,135,138,166,,1,5,36,833,1,3,0,0,20230531,10,,0,0.0,20230531,직영,3385,931,831091000,37.4801795,127.0093516,1165010800,서울시,19.8,17.4,서초구,23.0,20.9,2,135.0,162.0,
0,"서초노블레스(1362-10,주상복합)",38A㎡,서울시 서초구 서초동,1165010800,1362-10,서울시 서초구 강남대로39길 15-11,37.485599,127.032525,50,0,14,14,459,59,26,(주)세븐업건설,HT001,38.16,26.74,70,2,1,11,계단식,132300,377370,26460,218610,0,0,0,,,,,,,"3억 9,450",,,,,서울서일초등학교,B100000763,서울특별시 서초구 서초동 1436-8번지,공립,단설,19861016,서울특별시교육청,http://seoulseoil.sen.es.kr,20230531,20.3,20.8,266,232,20230531,4,33,3,4,4,4,4,4,72,79,88,78,93,,1,5,23,498,1,4,0,0,20230531,6,,0,0.0,20230531,직영,3377,558,615924000,37.48478772,127.02260429,1165010800,서울시,19.8,17.4,서초구,23.0,20.9,16,83.0,87.0,
1,"서초노블레스(1362-10,주상복합)",39B㎡,서울시 서초구 서초동,1165010800,1362-10,서울시 서초구 강남대로39길 15-11,37.485599,127.032525,50,0,14,14,459,59,26,(주)세븐업건설,HT001,39.34,27.57,70,2,1,6,계단식,132300,377370,26460,218610,0,0,0,,,,,"5억 4,000",,,,,,,서울서일초등학교,B100000763,서울특별시 서초구 서초동 1436-8번지,공립,단설,19861016,서울특별시교육청,http://seoulseoil.sen.es.kr,20230531,20.3,20.8,266,232,20230531,4,33,3,4,4,4,4,4,72,79,88,78,93,,1,5,23,498,1,4,0,0,20230531,6,,0,0.0,20230531,직영,3377,558,615924000,37.48478772,127.02260429,1165010800,서울시,19.8,17.4,서초구,23.0,20.9,16,83.0,87.0,
2,"서초노블레스(1362-10,주상복합)",41C㎡,서울시 서초구 서초동,1165010800,1362-10,서울시 서초구 강남대로39길 15-11,37.485599,127.032525,50,0,14,14,459,59,26,(주)세븐업건설,HT001,41.16,28.85,70,2,1,11,계단식,138600,389340,27720,223020,0,0,0,,,,,"5억 2,000",,,,,,,서울서일초등학교,B100000763,서울특별시 서초구 서초동 1436-8번지,공립,단설,19861016,서울특별시교육청,http://seoulseoil.sen.es.kr,20230531,20.3,20.8,266,232,20230531,4,33,3,4,4,4,4,4,72,79,88,78,93,,1,5,23,498,1,4,0,0,20230531,6,,0,0.0,20230531,직영,3377,558,615924000,37.48478772,127.02260429,1165010800,서울시,19.8,17.4,서초구,23.0,20.9,16,83.0,87.0,
3,"서초노블레스(1362-10,주상복합)",42A㎡,서울시 서초구 서초동,1165010800,1362-10,서울시 서초구 강남대로39길 15-11,37.485599,127.032525,50,0,14,14,459,59,26,(주)세븐업건설,HT001,42.05,29.47,70,2,1,11,계단식,138600,389340,27720,223020,0,0,0,,,,"5억 7,000","5억 8,000","4억 3,000","4억 5,000",,,,,서울서일초등학교,B100000763,서울특별시 서초구 서초동 1436-8번지,공립,단설,19861016,서울특별시교육청,http://seoulseoil.sen.es.kr,20230531,20.3,20.8,266,232,20230531,4,33,3,4,4,4,4,4,72,79,88,78,93,,1,5,23,498,1,4,0,0,20230531,6,,0,0.0,20230531,직영,3377,558,615924000,37.48478772,127.02260429,1165010800,서울시,19.8,17.4,서초구,23.0,20.9,16,83.0,87.0,
4,"서초노블레스(1362-10,주상복합)",42B,서울시 서초구 서초동,1165010800,1362-10,서울시 서초구 강남대로39길 15-11,37.485599,127.032525,50,0,14,14,459,59,26,(주)세븐업건설,HT001,42.75,29.96,70,2,1,11,계단식,138600,389340,27720,223020,0,0,0,,,,,"5억 2,000",,,,,,,서울서일초등학교,B100000763,서울특별시 서초구 서초동 1436-8번지,공립,단설,19861016,서울특별시교육청,http://seoulseoil.sen.es.kr,20230531,20.3,20.8,266,232,20230531,4,33,3,4,4,4,4,4,72,79,88,78,93,,1,5,23,498,1,4,0,0,20230531,6,,0,0.0,20230531,직영,3377,558,615924000,37.48478772,127.02260429,1165010800,서울시,19.8,17.4,서초구,23.0,20.9,16,83.0,87.0,
0,서초노블레스(1560-7),36㎡,서울시 서초구 서초동,1165010800,1560-7,서울시 서초구 반포대로24길 37,37.489427,127.011031,7,0,5,4,188,59,7,재진건설(주),HT001,36.9,30.06,81,2,1,1,계단식,159000,367200,31800,176400,0,0,0,,,,,,,,,,,,서울신중초등학교,B100000768,서울특별시 서초구 서초동 1466-6번지,공립,단설,19360601,서울특별시교육청,http://sinjung.sen.es.kr,20230531,21.0,22.5,455,378,20230531,4,57,5,6,6,6,7,6,130,124,135,138,166,,1,5,36,833,1,3,0,0,20230531,10,,0,0.0,20230531,직영,3385,931,831091000,37.4801795,127.0093516,1165010800,서울시,19.8,17.4,서초구,23.0,20.9,21,135.0,162.0,
1,서초노블레스(1560-7),58㎡,서울시 서초구 서초동,1165010800,1560-7,서울시 서초구 반포대로24길 37,37.489427,127.011031,7,0,5,4,188,59,7,재진건설(주),HT001,58.06,47.3,81,2,1,1,계단식,298500,626160,59700,267960,0,0,0,,,,,,,,,,,,서울신중초등학교,B100000768,서울특별시 서초구 서초동 1466-6번지,공립,단설,19360601,서울특별시교육청,http://sinjung.sen.es.kr,20230531,21.0,22.5,455,378,20230531,4,57,5,6,6,6,7,6,130,124,135,138,166,,1,5,36,833,1,3,0,0,20230531,10,,0,0.0,20230531,직영,3385,931,831091000,37.4801795,127.0093516,1165010800,서울시,19.8,17.4,서초구,23.0,20.9,21,135.0,162.0,
2,서초노블레스(1560-7),78㎡,서울시 서초구 서초동,1165010800,1560-7,서울시 서초구 반포대로24길 37,37.489427,127.011031,7,0,5,4,188,59,7,재진건설(주),HT001,78.72,64.13,81,3,2,2,계단식,444000,882240,88800,349440,0,0,0,,,,,,,,,,,,서울신중초등학교,B100000768,서울특별시 서초구 서초동 1466-6번지,공립,단설,19360601,서울특별시교육청,http://sinjung.sen.es.kr,20230531,21.0,22.5,455,378,20230531,4,57,5,6,6,6,7,6,130,124,135,138,166,,1,5,36,833,1,3,0,0,20230531,10,,0,0.0,20230531,직영,3385,931,831091000,37.4801795,127.0093516,1165010800,서울시,19.8,17.4,서초구,23.0,20.9,21,135.0,162.0,
3,서초노블레스(1560-7),78A㎡,서울시 서초구 서초동,1165010800,1560-7,서울시 서초구 반포대로24길 37,37.489427,127.011031,7,0,5,4,188,59,7,재진건설(주),HT001,78.89,64.27,81,3,2,1,계단식,445500,884880,89100,350280,0,0,0,,,,,,,,,,,,서울신중초등학교,B100000768,서울특별시 서초구 서초동 1466-6번지,공립,단설,19360601,서울특별시교육청,http://sinjung.sen.es.kr,20230531,21.0,22.5,455,378,20230531,4,57,5,6,6,6,7,6,130,124,135,138,166,,1,5,36,833,1,3,0,0,20230531,10,,0,0.0,20230531,직영,3385,931,831091000,37.4801795,127.0093516,1165010800,서울시,19.8,17.4,서초구,23.0,20.9,21,135.0,162.0,
4,서초노블레스(1560-7),79B㎡,서울시 서초구 서초동,1165010800,1560-7,서울시 서초구 반포대로24길 37,37.489427,127.011031,7,0,5,4,188,59,7,재진건설(주),HT001,79.1,64.44,81,3,2,1,계단식,447000,887520,89400,351120,0,0,0,,,,,,,,,,,,서울신중초등학교,B100000768,서울특별시 서초구 서초동 1466-6번지,공립,단설,19360601,서울특별시교육청,http://sinjung.sen.es.kr,20230531,21.0,22.5,455,378,20230531,4,57,5,6,6,6,7,6,130,124,135,138,166,,1,5,36,833,1,3,0,0,20230531,10,,0,0.0,20230531,직영,3385,931,831091000,37.4801795,127.0093516,1165010800,서울시,19.8,17.4,서초구,23.0,20.9,21,135.0,162.0,
5,서초노블레스(1560-7),102,서울시 서초구 서초동,1165010800,1560-7,서울시 서초구 반포대로24길 37,37.489427,127.011031,7,0,5,4,188,59,7,재진건설(주),HT001,102.03,83.12,81,3,2,1,계단식,547500,1064400,109500,407400,0,0,0,,,,,,,,,,,,서울신중초등학교,B100000768,서울특별시 서초구 서초동 1466-6번지,공립,단설,19360601,서울특별시교육청,http://sinjung.sen.es.kr,20230531,21.0,22.5,455,378,20230531,4,57,5,6,6,6,7,6,130,124,135,138,166,,1,5,36,833,1,3,0,0,20230531,10,,0,0.0,20230531,직영,3385,931,831091000,37.4801795,127.0093516,1165010800,서울시,19.8,17.4,서초구,23.0,20.9,21,135.0,162.0,
0,서초노빌리에,94㎡,서울시 서초구 서초동,1165010800,1566-19,서울시 서초구 서초대로46길 96,37.489912,127.01335,19,0,10,9,199,27,23,건덕산업개발(주),HT001,94.48,74.88,79,3,2,2,계단식,273600,645840,54720,317520,0,0,0,,,,,13억,,,,,,,서울신중초등학교,B100000768,서울특별시 서초구 서초동 1466-6번지,공립,단설,19360601,서울특별시교육청,http://sinjung.sen.es.kr,20230531,21.0,22.5,455,378,20230531,4,57,5,6,6,6,7,6,130,124,135,138,166,,1,5,36,833,1,3,0,0,20230531,10,,0,0.0,20230531,직영,3385,931,831091000,37.4801795,127.0093516,1165010800,서울시,19.8,17.4,서초구,23.0,20.9,21,135.0,162.0,
1,서초노빌리에,102A㎡,서울시 서초구 서초동,1165010800,1566-19,서울시 서초구 서초대로46길 96,37.489912,127.01335,19,0,10,9,199,27,23,건덕산업개발(주),HT001,102.61,81.36,79,3,2,16,계단식,306900,709110,61380,340830,0,0,0,,,,,,,,,,,,서울신중초등학교,B100000768,서울특별시 서초구 서초동 1466-6번지,공립,단설,19360601,서울특별시교육청,http://sinjung.sen.es.kr,20230531,21.0,22.5,455,378,20230531,4,57,5,6,6,6,7,6,130,124,135,138,166,,1,5,36,833,1,3,0,0,20230531,10,,0,0.0,20230531,직영,3385,931,831091000,37.4801795,127.0093516,1165010800,서울시,19.8,17.4,서초구,23.0,20.9,21,135.0,162.0,
2,서초노빌리에,105B,서울시 서초구 서초동,1165010800,1566-19,서울시 서초구 서초대로46길 96,37.489912,127.01335,19,0,10,9,199,27,23,건덕산업개발(주),HT001,105.47,83.58,79,3,2,1,계단식,309600,714240,61920,342720,0,0,0,,,,,,,,,,,,서울신중초등학교,B100000768,서울특별시 서초구 서초동 1466-6번지,공립,단설,19360601,서울특별시교육청,http://sinjung.sen.es.kr,20230531,21.0,22.5,455,378,20230531,4,57,5,6,6,6,7,6,130,124,135,138,166,,1,5,36,833,1,3,0,0,20230531,10,,0,0.0,20230531,직영,3385,931,831091000,37.4801795,127.0093516,1165010800,서울시,19.8,17.4,서초구,23.0,20.9,21,135.0,162.0,
0,서초녹원,78A㎡,서울시 서초구 서초동,1165010800,1666-14,서울시 서초구 사임당로17길 83,37.492503,127.01724,35,0,7,7,184,32,40,(주)녹원건설 최영태,HT001,78.41,59.78,76,3,1,7,계단식,361800,813420,72360,379260,0,0,0,,,,12억,"12억 5,000",,,,,,,서울서초초등학교,B100000764,서울특별시 서초구 서초동 1310-6,공립,단설,19801004,서울특별시교육청,http://seocho.sen.es.kr,20230531,25.3,27.8,531,496,20230531,7,52,5,6,6,6,6,7,144,164,172,173,172,,1,5,36,1027,1,2,0,0,20230531,15,,0,0.0,20230531,직영,3385,1084,1057499000,37.49924318,127.02411499,1165010800,서울시,19.8,17.4,서초구,23.0,20.9,18,197.0,166.0,
1,서초녹원,78B㎡,서울시 서초구 서초동,1165010800,1666-14,서울시 서초구 사임당로17길 83,37.492503,127.01724,35,0,7,7,184,32,40,(주)녹원건설 최영태,HT001,78.61,59.94,76,3,1,7,계단식,418500,921150,83700,418950,0,0,0,,,,,,,,,,,,서울서초초등학교,B100000764,서울특별시 서초구 서초동 1310-6,공립,단설,19801004,서울특별시교육청,http://seocho.sen.es.kr,20230531,25.3,27.8,531,496,20230531,7,52,5,6,6,6,6,7,144,164,172,173,172,,1,5,36,1027,1,2,0,0,20230531,15,,0,0.0,20230531,직영,3385,1084,1057499000,37.49924318,127.02411499,1165010800,서울시,19.8,17.4,서초구,23.0,20.9,18,197.0,166.0,
2,서초녹원,104㎡,서울시 서초구 서초동,1165010800,1666-14,서울시 서초구 사임당로17길 83,37.492503,127.01724,35,0,7,7,184,32,40,(주)녹원건설 최영태,HT001,104.6,84.99,81,3,2,14,계단식,670950,1325520,134190,520380,0,0,0,,,,13억,16억,,"7억 5,000",,1억/250,,1억/250,서울서초초등학교,B100000764,서울특별시 서초구 서초동 1310-6,공립,단설,19801004,서울특별시교육청,http://seocho.sen.es.kr,20230531,25.3,27.8,531,496,20230531,7,52,5,6,6,6,6,7,144,164,172,173,172,,1,5,36,1027,1,2,0,0,20230531,15,,0,0.0,20230531,직영,3385,1084,1057499000,37.49924318,127.02411499,1165010800,서울시,19.8,17.4,서초구,23.0,20.9,18,197.0,166.0,
3,서초녹원,148,서울시 서초구 서초동,1165010800,1666-14,서울시 서초구 사임당로17길 83,37.492503,127.01724,35,0,7,7,184,32,40,(주)녹원건설 최영태,HT001,148.2,114.99,78,4,2,7,계단식,1085400,1902870,217080,600390,0,0,0,,,,"17억 9,000",20억,,,,,,,서울서초초등학교,B100000764,서울특별시 서초구 서초동 1310-6,공립,단설,19801004,서울특별시교육청,http://seocho.sen.es.kr,20230531,25.3,27.8,531,496,20230531,7,52,5,6,6,6,6,7,144,164,172,173,172,,1,5,36,1027,1,2,0,0,20230531,15,,0,0.0,20230531,직영,3385,1084,1057499000,37.49924318,127.02411499,1165010800,서울시,19.8,17.4,서초구,23.0,20.9,18,197.0,166.0,
0,서초다솔맴버스,88㎡,서울시 서초구 서초동,1165010800,1507-61,서울시 서초구 명달로22길 33,37.486662,127.005948,6,0,6,6,295,59,10,(주)삼이건설,HT001,88,75.21,85,3,2,1,계단식,220500,544950,44100,280350,0,0,0,,,,,,,,,,,,서울신중초등학교,B100000768,서울특별시 서초구 서초동 1466-6번지,공립,단설,19360601,서울특별시교육청,http://sinjung.sen.es.kr,20230531,21.0,22.5,455,378,20230531,4,57,5,6,6,6,7,6,130,124,135,138,166,,1,5,36,833,1,3,0,0,20230531,10,,0,0.0,20230531,직영,3385,931,831091000,37.4801795,127.0093516,1165010800,서울시,19.8,17.4,서초구,23.0,20.9,14,135.0,162.0,
1,서초다솔맴버스,143㎡,서울시 서초구 서초동,1165010800,1507-61,서울시 서초구 명달로22길 33,37.486662,127.005948,6,0,6,6,295,59,10,(주)삼이건설,HT001,143.6,122.73,85,4,2,1,계단식,397800,881820,79560,404460,0,0,0,,,,,,,,,,,,서울신중초등학교,B100000768,서울특별시 서초구 서초동 1466-6번지,공립,단설,19360601,서울특별시교육청,http://sinjung.sen.es.kr,20230531,21.0,22.5,455,378,20230531,4,57,5,6,6,6,7,6,130,124,135,138,166,,1,5,36,833,1,3,0,0,20230531,10,,0,0.0,20230531,직영,3385,931,831091000,37.4801795,127.0093516,1165010800,서울시,19.8,17.4,서초구,23.0,20.9,14,135.0,162.0,
2,서초다솔맴버스,164㎡,서울시 서초구 서초동,1165010800,1507-61,서울시 서초구 명달로22길 33,37.486662,127.005948,6,0,6,6,295,59,10,(주)삼이건설,HT001,164.36,140.47,85,5,2,3,계단식,596925,1207080,119385,490770,0,0,0,,,,,,,,,,,,서울신중초등학교,B100000768,서울특별시 서초구 서초동 1466-6번지,공립,단설,19360601,서울특별시교육청,http://sinjung.sen.es.kr,20230531,21.0,22.5,455,378,20230531,4,57,5,6,6,6,7,6,130,124,135,138,166,,1,5,36,833,1,3,0,0,20230531,10,,0,0.0,20230531,직영,3385,931,831091000,37.4801795,127.0093516,1165010800,서울시,19.8,17.4,서초구,23.0,20.9,14,135.0,162.0,
3,서초다솔맴버스,167,서울시 서초구 서초동,1165010800,1507-61,서울시 서초구 명달로22길 33,37.486662,127.005948,6,0,6,6,295,59,10,(주)삼이건설,HT001,167.26,142.95,85,5,2,1,계단식,596925,1207080,119385,490770,0,0,0,,,,,,,,,,,,서울신중초등학교,B100000768,서울특별시 서초구 서초동 1466-6번지,공립,단설,19360601,서울특별시교육청,http://sinjung.sen.es.kr,20230531,21.0,22.5,455,378,20230531,4,57,5,6,6,6,7,6,130,124,135,138,166,,1,5,36,833,1,3,0,0,20230531,10,,0,0.0,20230531,직영,3385,931,831091000,37.4801795,127.0093516,1165010800,서울시,19.8,17.4,서초구,23.0,20.9,14,135.0,162.0,
0,서초대림빌라트,164㎡,서울시 서초구 서초동,1165010800,1518-6,서울시 서초구 명달로16길 17-4,37.485205,127.005384,18,0,6,6,247,45,49,,HT001,164.13,151.6,92,4,2,2,계단식,1337400,2293470,267480,688590,0,0,0,,,,,,,,,,,,서울신중초등학교,B100000768,서울특별시 서초구 서초동 1466-6번지,공립,단설,19360601,서울특별시교육청,http://sinjung.sen.es.kr,20230531,21.0,22.5,455,378,20230531,4,57,5,6,6,6,7,6,130,124,135,138,166,,1,5,36,833,1,3,0,0,20230531,10,,0,0.0,20230531,직영,3385,931,831091000,37.4801795,127.0093516,1165010800,서울시,19.8,17.4,서초구,23.0,20.9,15,135.0,162.0,
1,서초대림빌라트,182㎡,서울시 서초구 서초동,1165010800,1518-6,서울시 서초구 명달로16길 17-4,37.485205,127.005384,18,0,6,6,247,45,49,,HT001,182.89,168.93,92,4,3,1,계단식,1555200,2631060,311040,764820,344736,287280,57456,,,,,,,,,,,,서울신중초등학교,B100000768,서울특별시 서초구 서초동 1466-6번지,공립,단설,19360601,서울특별시교육청,http://sinjung.sen.es.kr,20230531,21.0,22.5,455,378,20230531,4,57,5,6,6,6,7,6,130,124,135,138,166,,1,5,36,833,1,3,0,0,20230531,10,,0,0.0,20230531,직영,3385,931,831091000,37.4801795,127.0093516,1165010800,서울시,19.8,17.4,서초구,23.0,20.9,15,135.0,162.0,
2,서초대림빌라트,223,서울시 서초구 서초동,1165010800,1518-6,서울시 서초구 명달로16길 17-4,37.485205,127.005384,18,0,6,6,247,45,49,,HT001,223.32,206.27,92,5,3,15,계단식,1971000,3275550,394200,910350,1043280,869400,173880,,,,,,,,,,,,서울신중초등학교,B100000768,서울특별시 서초구 서초동 1466-6번지,공립,단설,19360601,서울특별시교육청,http://sinjung.sen.es.kr,20230531,21.0,22.5,455,378,20230531,4,57,5,6,6,6,7,6,130,124,135,138,166,,1,5,36,833,1,3,0,0,20230531,10,,0,0.0,20230531,직영,3385,931,831091000,37.4801795,127.0093516,1165010800,서울시,19.8,17.4,서초구,23.0,20.9,15,135.0,162.0,
0,서초대성유니드,122㎡,서울시 서초구 서초동,1165010800,1487-121,서울시 서초구 명달로 38,37.481007,127.005519,19,0,11,11,287,33,31,대성산업(주),HT001,122.25,107.84,88,3,2,9,계단식,705600,1380960,141120,534240,0,0,0,,,,,15억,,,,,,,서울신중초등학교,B100000768,서울특별시 서초구 서초동 1466-6번지,공립,단설,19360601,서울특별시교육청,http://sinjung.sen.es.kr,20230531,21.0,22.5,455,378,20230531,4,57,5,6,6,6,7,6,130,124,135,138,166,,1,5,36,833,1,3,0,0,20230531,10,,0,0.0,20230531,직영,3385,931,831091000,37.4801795,127.0093516,1165010800,서울시,19.8,17.4,서초구,23.0,20.9,8,135.0,162.0,
1,서초대성유니드,145,서울시 서초구 서초동,1165010800,1487-121,서울시 서초구 명달로 38,37.481007,127.005519,19,0,11,11,287,33,31,대성산업(주),HT001,145.28,128.15,88,4,2,10,계단식,1126800,1967040,225360,614880,0,0,0,,,,,16억,,,,"2억 5,000/300",,"2억 5,000/300",서울신중초등학교,B100000768,서울특별시 서초구 서초동 1466-6번지,공립,단설,19360601,서울특별시교육청,http://sinjung.sen.es.kr,20230531,21.0,22.5,455,378,20230531,4,57,5,6,6,6,7,6,130,124,135,138,166,,1,5,36,833,1,3,0,0,20230531,10,,0,0.0,20230531,직영,3385,931,831091000,37.4801795,127.0093516,1165010800,서울시,19.8,17.4,서초구,23.0,20.9,8,135.0,162.0,
0,서초대우(엘로즈카운티),221㎡,서울시 서초구 서초동,1165010800,1467-3,서울시 서초구 명달로 20,37.47962,127.00636,73,0,15,7,398,39,210,대우건설(주),HT001,221.59,183.16,83,5,2,3,계단식,1728000,2898900,345600,825300,635040,529200,105840,,,,,,,,,,,,서울신중초등학교,B100000768,서울특별시 서초구 서초동 1466-6번지,공립,단설,19360601,서울특별시교육청,http://sinjung.sen.es.kr,20230531,21.0,22.5,455,378,20230531,4,57,5,6,6,6,7,6,130,124,135,138,166,,1,5,36,833,1,3,0,0,20230531,10,,0,0.0,20230531,직영,3385,931,831091000,37.4801795,127.0093516,1165010800,서울시,19.8,17.4,서초구,23.0,20.9,4,135.0,162.0,
1,서초대우(엘로즈카운티),223B㎡,서울시 서초구 서초동,1165010800,1467-3,서울시 서초구 명달로 20,37.47962,127.00636,73,0,15,7,398,39,210,대우건설(주),HT001,223.61,185.09,83,5,2,25,계단식,1798200,3007710,359640,849870,752976,627480,125496,,,,20억,22억,,,,,,,서울신중초등학교,B100000768,서울특별시 서초구 서초동 1466-6번지,공립,단설,19360601,서울특별시교육청,http://sinjung.sen.es.kr,20230531,21.0,22.5,455,378,20230531,4,57,5,6,6,6,7,6,130,124,135,138,166,,1,5,36,833,1,3,0,0,20230531,10,,0,0.0,20230531,직영,3385,931,831091000,37.4801795,127.0093516,1165010800,서울시,19.8,17.4,서초구,23.0,20.9,4,135.0,162.0,
2,서초대우(엘로즈카운티),224A㎡,서울시 서초구 서초동,1165010800,1467-3,서울시 서초구 명달로 20,37.47962,127.00636,73,0,15,7,398,39,210,대우건설(주),HT001,224.77,186.05,83,5,2,28,계단식,1798200,3007710,359640,849870,752976,627480,125496,,,,,21억,,12억,,,,,서울신중초등학교,B100000768,서울특별시 서초구 서초동 1466-6번지,공립,단설,19360601,서울특별시교육청,http://sinjung.sen.es.kr,20230531,21.0,22.5,455,378,20230531,4,57,5,6,6,6,7,6,130,124,135,138,166,,1,5,36,833,1,3,0,0,20230531,10,,0,0.0,20230531,직영,3385,931,831091000,37.4801795,127.0093516,1165010800,서울시,19.8,17.4,서초구,23.0,20.9,4,135.0,162.0,
3,서초대우(엘로즈카운티),227,서울시 서초구 서초동,1165010800,1467-3,서울시 서초구 명달로 20,37.47962,127.00636,73,0,15,7,398,39,210,대우건설(주),HT001,227.7,188.47,83,5,2,17,계단식,1823400,3046770,364680,858690,795312,662760,132552,,,,,,,,,,,,서울신중초등학교,B100000768,서울특별시 서초구 서초동 1466-6번지,공립,단설,19360601,서울특별시교육청,http://sinjung.sen.es.kr,20230531,21.0,22.5,455,378,20230531,4,57,5,6,6,6,7,6,130,124,135,138,166,,1,5,36,833,1,3,0,0,20230531,10,,0,0.0,20230531,직영,3385,931,831091000,37.4801795,127.0093516,1165010800,서울시,19.8,17.4,서초구,23.0,20.9,4,135.0,162.0,
0,서초대우디오빌프라임(주상복합),56㎡,서울시 서초구 서초동,1165010800,1337-22,서울시 서초구 강남대로 321,37.4916,127.030121,112,0,15,15,814,59,196,(주)대우건설,HT001,56.35,44.5,79,1,1,8,계단식,228600,560340,45720,286020,0,0,0,,,,,"7억 7,000",,,,"3,000/180",,"3,000/180",서울서이초등학교,B100000762,서울특별시 서초구 서초동 1334-2번지(서운로 85),공립,단설,19831203,서울특별시교육청,http://seo2.sen.es.kr,20230531,19.7,30.3,672,753,20230531,6,66,9,8,8,7,8,7,239,266,238,205,252,,0,0,47,1425,2,4,0,0,20230531,0,,0,0.0,20230531,직영,3347,1430,1370646000,37.49120942,127.02595329,1165010800,서울시,19.8,17.4,서초구,23.0,20.9,8,225.0,0.0,
1,서초대우디오빌프라임(주상복합),73㎡,서울시 서초구 서초동,1165010800,1337-22,서울시 서초구 강남대로 321,37.4916,127.030121,112,0,15,15,814,59,196,(주)대우건설,HT001,73.29,57.88,79,2,2,8,계단식,352800,796320,70560,372960,0,0,0,,,,,,,,,,,,서울서이초등학교,B100000762,서울특별시 서초구 서초동 1334-2번지(서운로 85),공립,단설,19831203,서울특별시교육청,http://seo2.sen.es.kr,20230531,19.7,30.3,672,753,20230531,6,66,9,8,8,7,8,7,239,266,238,205,252,,0,0,47,1425,2,4,0,0,20230531,0,,0,0.0,20230531,직영,3347,1430,1370646000,37.49120942,127.02595329,1165010800,서울시,19.8,17.4,서초구,23.0,20.9,8,225.0,0.0,
2,서초대우디오빌프라임(주상복합),81㎡,서울시 서초구 서초동,1165010800,1337-22,서울시 서초구 강남대로 321,37.4916,127.030121,112,0,15,15,814,59,196,(주)대우건설,HT001,81.11,64.05,79,3,2,8,계단식,417600,919440,83520,418320,0,0,0,,,,13억,14억,,,,,,,서울서이초등학교,B100000762,서울특별시 서초구 서초동 1334-2번지(서운로 85),공립,단설,19831203,서울특별시교육청,http://seo2.sen.es.kr,20230531,19.7,30.3,672,753,20230531,6,66,9,8,8,7,8,7,239,266,238,205,252,,0,0,47,1425,2,4,0,0,20230531,0,,0,0.0,20230531,직영,3347,1430,1370646000,37.49120942,127.02595329,1165010800,서울시,19.8,17.4,서초구,23.0,20.9,8,225.0,0.0,
3,서초대우디오빌프라임(주상복합),103㎡,서울시 서초구 서초동,1165010800,1337-22,서울시 서초구 강남대로 321,37.4916,127.030121,112,0,15,15,814,59,196,(주)대우건설,HT001,103.8,81.97,79,3,2,40,계단식,735525,1428840,147105,546210,0,0,0,,,,"12억 9,000",17억,"7억 5,000",10억,"5,000/300","2억 5,000/200","5,000/300","2억 5,000/200",서울서이초등학교,B100000762,서울특별시 서초구 서초동 1334-2번지(서운로 85),공립,단설,19831203,서울특별시교육청,http://seo2.sen.es.kr,20230531,19.7,30.3,672,753,20230531,6,66,9,8,8,7,8,7,239,266,238,205,252,,0,0,47,1425,2,4,0,0,20230531,0,,0,0.0,20230531,직영,3347,1430,1370646000,37.49120942,127.02595329,1165010800,서울시,19.8,17.4,서초구,23.0,20.9,8,225.0,0.0,
4,서초대우디오빌프라임(주상복합),107A㎡,서울시 서초구 서초동,1165010800,1337-22,서울시 서초구 강남대로 321,37.4916,127.030121,112,0,15,15,814,59,196,(주)대우건설,HT001,107.54,84.92,79,3,2,24,계단식,760725,1469160,152145,556290,0,0,0,,,,"14억 4,000",18억,,,,,,,서울서이초등학교,B100000762,서울특별시 서초구 서초동 1334-2번지(서운로 85),공립,단설,19831203,서울특별시교육청,http://seo2.sen.es.kr,20230531,19.7,30.3,672,753,20230531,6,66,9,8,8,7,8,7,239,266,238,205,252,,0,0,47,1425,2,4,0,0,20230531,0,,0,0.0,20230531,직영,3347,1430,1370646000,37.49120942,127.02595329,1165010800,서울시,19.8,17.4,서초구,23.0,20.9,8,225.0,0.0,
5,서초대우디오빌프라임(주상복합),107C㎡,서울시 서초구 서초동,1165010800,1337-22,서울시 서초구 강남대로 321,37.4916,127.030121,112,0,15,15,814,59,196,(주)대우건설,HT001,107.6,84.97,79,3,2,16,계단식,760725,1469160,152145,556290,0,0,0,,,,,"12억 9,000",,"7억 3,000",,,,,서울서이초등학교,B100000762,서울특별시 서초구 서초동 1334-2번지(서운로 85),공립,단설,19831203,서울특별시교육청,http://seo2.sen.es.kr,20230531,19.7,30.3,672,753,20230531,6,66,9,8,8,7,8,7,239,266,238,205,252,,0,0,47,1425,2,4,0,0,20230531,0,,0,0.0,20230531,직영,3347,1430,1370646000,37.49120942,127.02595329,1165010800,서울시,19.8,17.4,서초구,23.0,20.9,8,225.0,0.0,
6,서초대우디오빌프라임(주상복합),107B,서울시 서초구 서초동,1165010800,1337-22,서울시 서초구 강남대로 321,37.4916,127.030121,112,0,15,15,814,59,196,(주)대우건설,HT001,107.6,84.97,79,3,2,8,계단식,,,,,,,,,,,,,,,,,,,서울서이초등학교,B100000762,서울특별시 서초구 서초동 1334-2번지(서운로 85),공립,단설,19831203,서울특별시교육청,http://seo2.sen.es.kr,20230531,19.7,30.3,672,753,20230531,6,66,9,8,8,7,8,7,239,266,238,205,252,,0,0,47,1425,2,4,0,0,20230531,0,,0,0.0,20230531,직영,3347,1430,1370646000,37.49120942,127.02595329,1165010800,서울시,19.8,17.4,서초구,23.0,20.9,8,225.0,0.0,
0,서초대우로얄카운티,236㎡,서울시 서초구 서초동,1165010800,1494-6,서울시 서초구 명달로15길 24,37.484716,127.001987,10,0,4,3,173,48,21,,HT001,236.52,205.47,87,5,2,1,계단식,1342800,2301840,268560,690480,0,0,0,,,,,,,,,,,,서울신중초등학교,B100000768,서울특별시 서초구 서초동 1466-6번지,공립,단설,19360601,서울특별시교육청,http://sinjung.sen.es.kr,20230531,21.0,22.5,455,378,20230531,4,57,5,6,6,6,7,6,130,124,135,138,166,,1,5,36,833,1,3,0,0,20230531,10,,0,0.0,20230531,직영,3385,931,831091000,37.4801795,127.0093516,1165010800,서울시,19.8,17.4,서초구,23.0,20.9,16,135.0,162.0,
1,서초대우로얄카운티,244㎡,서울시 서초구 서초동,1165010800,1494-6,서울시 서초구 명달로15길 24,37.484716,127.001987,10,0,4,3,173,48,21,,HT001,244.51,212.41,87,5,2,2,계단식,1498800,2543640,299760,745080,0,0,0,,,,,,,,,,,,서울신중초등학교,B100000768,서울특별시 서초구 서초동 1466-6번지,공립,단설,19360601,서울특별시교육청,http://sinjung.sen.es.kr,20230531,21.0,22.5,455,378,20230531,4,57,5,6,6,6,7,6,130,124,135,138,166,,1,5,36,833,1,3,0,0,20230531,10,,0,0.0,20230531,직영,3385,931,831091000,37.4801795,127.0093516,1165010800,서울시,19.8,17.4,서초구,23.0,20.9,16,135.0,162.0,
2,서초대우로얄카운티,252㎡,서울시 서초구 서초동,1165010800,1494-6,서울시 서초구 명달로15길 24,37.484716,127.001987,10,0,4,3,173,48,21,,HT001,252.83,219.61,87,5,2,1,계단식,1614000,2722200,322800,785400,98280,81900,16380,,,,,,,,,,,,서울신중초등학교,B100000768,서울특별시 서초구 서초동 1466-6번지,공립,단설,19360601,서울특별시교육청,http://sinjung.sen.es.kr,20230531,21.0,22.5,455,378,20230531,4,57,5,6,6,6,7,6,130,124,135,138,166,,1,5,36,833,1,3,0,0,20230531,10,,0,0.0,20230531,직영,3385,931,831091000,37.4801795,127.0093516,1165010800,서울시,19.8,17.4,서초구,23.0,20.9,16,135.0,162.0,
3,서초대우로얄카운티,253㎡,서울시 서초구 서초동,1165010800,1494-6,서울시 서초구 명달로15길 24,37.484716,127.001987,10,0,4,3,173,48,21,,HT001,253.56,220.28,87,5,2,4,계단식,1633200,2751960,326640,792120,120744,100620,20124,,,,,,,,,,,,서울신중초등학교,B100000768,서울특별시 서초구 서초동 1466-6번지,공립,단설,19360601,서울특별시교육청,http://sinjung.sen.es.kr,20230531,21.0,22.5,455,378,20230531,4,57,5,6,6,6,7,6,130,124,135,138,166,,1,5,36,833,1,3,0,0,20230531,10,,0,0.0,20230531,직영,3385,931,831091000,37.4801795,127.0093516,1165010800,서울시,19.8,17.4,서초구,23.0,20.9,16,135.0,162.0,
4,서초대우로얄카운티,257㎡,서울시 서초구 서초동,1165010800,1494-6,서울시 서초구 명달로15길 24,37.484716,127.001987,10,0,4,3,173,48,21,,HT001,257.52,223.72,87,5,2,1,계단식,1515600,2569680,303120,750960,0,0,0,,,,,,,,,,,,서울신중초등학교,B100000768,서울특별시 서초구 서초동 1466-6번지,공립,단설,19360601,서울특별시교육청,http://sinjung.sen.es.kr,20230531,21.0,22.5,455,378,20230531,4,57,5,6,6,6,7,6,130,124,135,138,166,,1,5,36,833,1,3,0,0,20230531,10,,0,0.0,20230531,직영,3385,931,831091000,37.4801795,127.0093516,1165010800,서울시,19.8,17.4,서초구,23.0,20.9,16,135.0,162.0,
5,서초대우로얄카운티,263,서울시 서초구 서초동,1165010800,1494-6,서울시 서초구 명달로15길 24,37.484716,127.001987,10,0,4,3,173,48,21,,HT001,263.82,229.18,87,5,2,1,계단식,1443600,2458080,288720,725760,0,0,0,,,,,,,,,,,,서울신중초등학교,B100000768,서울특별시 서초구 서초동 1466-6번지,공립,단설,19360601,서울특별시교육청,http://sinjung.sen.es.kr,20230531,21.0,22.5,455,378,20230531,4,57,5,6,6,6,7,6,130,124,135,138,166,,1,5,36,833,1,3,0,0,20230531,10,,0,0.0,20230531,직영,3385,931,831091000,37.4801795,127.0093516,1165010800,서울시,19.8,17.4,서초구,23.0,20.9,16,135.0,162.0,
0,서초대우아이빌(주상복합),28B5㎡,서울시 서초구 서초동,1165010800,1675-11,서울시 서초구 서초대로58길 10,37.494245,127.017602,215,0,15,12,783,59,163,(주)대우건설,HT001,28.03,21.05,75,1,1,1,복도식,27225,108900,5445,76230,0,0,0,,66409,68984,,,,,,,,,서울서초초등학교,B100000764,서울특별시 서초구 서초동 1310-6,공립,단설,19801004,서울특별시교육청,http://seocho.sen.es.kr,20230531,25.3,27.8,531,496,20230531,7,52,5,6,6,6,6,7,144,164,172,173,172,,1,5,36,1027,1,2,0,0,20230531,15,,0,0.0,20230531,직영,3385,1084,1057499000,37.49924318,127.02411499,1165010800,서울시,19.8,17.4,서초구,23.0,20.9,14,197.0,166.0,
1,서초대우아이빌(주상복합),29B12㎡,서울시 서초구 서초동,1165010800,1675-11,서울시 서초구 서초대로58길 10,37.494245,127.017602,215,0,15,12,783,59,163,(주)대우건설,HT001,29.16,21.9,75,1,1,1,복도식,28800,115200,5760,80640,0,0,0,,69074,71752,,,,,,,,,서울서초초등학교,B100000764,서울특별시 서초구 서초동 1310-6,공립,단설,19801004,서울특별시교육청,http://seocho.sen.es.kr,20230531,25.3,27.8,531,496,20230531,7,52,5,6,6,6,6,7,144,164,172,173,172,,1,5,36,1027,1,2,0,0,20230531,15,,0,0.0,20230531,직영,3385,1084,1057499000,37.49924318,127.02411499,1165010800,서울시,19.8,17.4,서초구,23.0,20.9,14,197.0,166.0,
2,서초대우아이빌(주상복합),30B14㎡,서울시 서초구 서초동,1165010800,1675-11,서울시 서초구 서초대로58길 10,37.494245,127.017602,215,0,15,12,783,59,163,(주)대우건설,HT001,30.17,22.65,75,1,1,1,복도식,28800,115200,5760,80640,0,0,0,,71462,74232,,,,,,,,,서울서초초등학교,B100000764,서울특별시 서초구 서초동 1310-6,공립,단설,19801004,서울특별시교육청,http://seocho.sen.es.kr,20230531,25.3,27.8,531,496,20230531,7,52,5,6,6,6,6,7,144,164,172,173,172,,1,5,36,1027,1,2,0,0,20230531,15,,0,0.0,20230531,직영,3385,1084,1057499000,37.49924318,127.02411499,1165010800,서울시,19.8,17.4,서초구,23.0,20.9,14,197.0,166.0,
3,서초대우아이빌(주상복합),35B6㎡,서울시 서초구 서초동,1165010800,1675-11,서울시 서초구 서초대로58길 10,37.494245,127.017602,215,0,15,12,783,59,163,(주)대우건설,HT001,35.88,26.94,75,1,1,7,복도식,43350,154710,8670,102690,0,0,0,,84985,88279,,,,,,,,,서울서초초등학교,B100000764,서울특별시 서초구 서초동 1310-6,공립,단설,19801004,서울특별시교육청,http://seocho.sen.es.kr,20230531,25.3,27.8,531,496,20230531,7,52,5,6,6,6,6,7,144,164,172,173,172,,1,5,36,1027,1,2,0,0,20230531,15,,0,0.0,20230531,직영,3385,1084,1057499000,37.49924318,127.02411499,1165010800,서울시,19.8,17.4,서초구,23.0,20.9,14,197.0,166.0,
4,서초대우아이빌(주상복합),38B10㎡,서울시 서초구 서초동,1165010800,1675-11,서울시 서초구 서초대로58길 10,37.494245,127.017602,215,0,15,12,783,59,163,(주)대우건설,HT001,38.01,28.54,75,1,1,1,복도식,46950,164070,9390,107730,0,0,0,,90037,93527,,,,,,,,,서울서초초등학교,B100000764,서울특별시 서초구 서초동 1310-6,공립,단설,19801004,서울특별시교육청,http://seocho.sen.es.kr,20230531,25.3,27.8,531,496,20230531,7,52,5,6,6,6,6,7,144,164,172,173,172,,1,5,36,1027,1,2,0,0,20230531,15,,0,0.0,20230531,직영,3385,1084,1057499000,37.49924318,127.02411499,1165010800,서울시,19.8,17.4,서초구,23.0,20.9,14,197.0,166.0,
5,서초대우아이빌(주상복합),39B15㎡,서울시 서초구 서초동,1165010800,1675-11,서울시 서초구 서초대로58길 10,37.494245,127.017602,215,0,15,12,783,59,163,(주)대우건설,HT001,39.73,29.84,75,1,1,1,복도식,48750,168750,9750,110250,0,0,0,,94112,97760,,,,,,,,,서울서초초등학교,B100000764,서울특별시 서초구 서초동 1310-6,공립,단설,19801004,서울특별시교육청,http://seocho.sen.es.kr,20230531,25.3,27.8,531,496,20230531,7,52,5,6,6,6,6,7,144,164,172,173,172,,1,5,36,1027,1,2,0,0,20230531,15,,0,0.0,20230531,직영,3385,1084,1057499000,37.49924318,127.02411499,1165010800,서울시,19.8,17.4,서초구,23.0,20.9,14,197.0,166.0,
6,서초대우아이빌(주상복합),43B3㎡,서울시 서초구 서초동,1165010800,1675-11,서울시 서초구 서초대로58길 10,37.494245,127.017602,215,0,15,12,783,59,163,(주)대우건설,HT001,43.47,32.64,75,1,1,8,복도식,69450,222570,13890,139230,0,0,0,,102962,106953,"3억 4,000","3억 5,000",,,,"5,000/90",,"5,000/90",서울서초초등학교,B100000764,서울특별시 서초구 서초동 1310-6,공립,단설,19801004,서울특별시교육청,http://seocho.sen.es.kr,20230531,25.3,27.8,531,496,20230531,7,52,5,6,6,6,6,7,144,164,172,173,172,,1,5,36,1027,1,2,0,0,20230531,15,,0,0.0,20230531,직영,3385,1084,1057499000,37.49924318,127.02411499,1165010800,서울시,19.8,17.4,서초구,23.0,20.9,14,197.0,166.0,
7,서초대우아이빌(주상복합),43B13㎡,서울시 서초구 서초동,1165010800,1675-11,서울시 서초구 서초대로58길 10,37.494245,127.017602,215,0,15,12,783,59,163,(주)대우건설,HT001,43.08,32.35,75,1,1,1,복도식,53250,180450,10650,116550,0,0,0,,102041,105996,,,,,,,,,서울서초초등학교,B100000764,서울특별시 서초구 서초동 1310-6,공립,단설,19801004,서울특별시교육청,http://seocho.sen.es.kr,20230531,25.3,27.8,531,496,20230531,7,52,5,6,6,6,6,7,144,164,172,173,172,,1,5,36,1027,1,2,0,0,20230531,15,,0,0.0,20230531,직영,3385,1084,1057499000,37.49924318,127.02411499,1165010800,서울시,19.8,17.4,서초구,23.0,20.9,14,197.0,166.0,
8,서초대우아이빌(주상복합),44B7㎡,서울시 서초구 서초동,1165010800,1675-11,서울시 서초구 서초대로58길 10,37.494245,127.017602,215,0,15,12,783,59,163,(주)대우건설,HT001,44.59,33.49,75,1,1,1,복도식,68100,219060,13620,137340,0,0,0,,105626,109721,,,,,,,,,서울서초초등학교,B100000764,서울특별시 서초구 서초동 1310-6,공립,단설,19801004,서울특별시교육청,http://seocho.sen.es.kr,20230531,25.3,27.8,531,496,20230531,7,52,5,6,6,6,6,7,144,164,172,173,172,,1,5,36,1027,1,2,0,0,20230531,15,,0,0.0,20230531,직영,3385,1084,1057499000,37.49924318,127.02411499,1165010800,서울시,19.8,17.4,서초구,23.0,20.9,14,197.0,166.0,
9,서초대우아이빌(주상복합),44B9㎡,서울시 서초구 서초동,1165010800,1675-11,서울시 서초구 서초대로58길 10,37.494245,127.017602,215,0,15,12,783,59,163,(주)대우건설,HT001,44.59,33.49,75,1,1,1,복도식,69450,222570,13890,139230,0,0,0,,105626,109721,,,,,,,,,서울서초초등학교,B100000764,서울특별시 서초구 서초동 1310-6,공립,단설,19801004,서울특별시교육청,http://seocho.sen.es.kr,20230531,25.3,27.8,531,496,20230531,7,52,5,6,6,6,6,7,144,164,172,173,172,,1,5,36,1027,1,2,0,0,20230531,15,,0,0.0,20230531,직영,3385,1084,1057499000,37.49924318,127.02411499,1165010800,서울시,19.8,17.4,서초구,23.0,20.9,14,197.0,166.0,
10,서초대우아이빌(주상복합),45B11㎡,서울시 서초구 서초동,1165010800,1675-11,서울시 서초구 서초대로58길 10,37.494245,127.017602,215,0,15,12,783,59,163,(주)대우건설,HT001,45.9,34.43,75,1,1,3,복도식,68100,219060,13620,137340,0,0,0,,108613,112823,,,,,,,,,서울서초초등학교,B100000764,서울특별시 서초구 서초동 1310-6,공립,단설,19801004,서울특별시교육청,http://seocho.sen.es.kr,20230531,25.3,27.8,531,496,20230531,7,52,5,6,6,6,6,7,144,164,172,173,172,,1,5,36,1027,1,2,0,0,20230531,15,,0,0.0,20230531,직영,3385,1084,1057499000,37.49924318,127.02411499,1165010800,서울시,19.8,17.4,서초구,23.0,20.9,14,197.0,166.0,
11,서초대우아이빌(주상복합),47A1㎡,서울시 서초구 서초동,1165010800,1675-11,서울시 서초구 서초대로58길 10,37.494245,127.017602,215,0,15,12,783,59,163,(주)대우건설,HT001,47.01,35.3,75,1,1,84,복도식,69450,222570,13890,139230,0,0,0,,111350,115667,,"3억 5,000",,,,,,,서울서초초등학교,B100000764,서울특별시 서초구 서초동 1310-6,공립,단설,19801004,서울특별시교육청,http://seocho.sen.es.kr,20230531,25.3,27.8,531,496,20230531,7,52,5,6,6,6,6,7,144,164,172,173,172,,1,5,36,1027,1,2,0,0,20230531,15,,0,0.0,20230531,직영,3385,1084,1057499000,37.49924318,127.02411499,1165010800,서울시,19.8,17.4,서초구,23.0,20.9,14,197.0,166.0,
12,서초대우아이빌(주상복합),50B1㎡,서울시 서초구 서초동,1165010800,1675-11,서울시 서초구 서초대로58길 10,37.494245,127.017602,215,0,15,12,783,59,163,(주)대우건설,HT001,50.3,37.77,75,1,1,56,복도식,76650,241290,15330,149310,0,0,0,,119140,123759,,,,3억,,,,,서울서초초등학교,B100000764,서울특별시 서초구 서초동 1310-6,공립,단설,19801004,서울특별시교육청,http://seocho.sen.es.kr,20230531,25.3,27.8,531,496,20230531,7,52,5,6,6,6,6,7,144,164,172,173,172,,1,5,36,1027,1,2,0,0,20230531,15,,0,0.0,20230531,직영,3385,1084,1057499000,37.49924318,127.02411499,1165010800,서울시,19.8,17.4,서초구,23.0,20.9,14,197.0,166.0,
13,서초대우아이빌(주상복합),60A2㎡,서울시 서초구 서초동,1165010800,1675-11,서울시 서초구 서초대로58길 10,37.494245,127.017602,215,0,15,12,783,59,163,(주)대우건설,HT001,60.84,45.69,75,2,1,12,복도식,101400,305640,20280,183960,0,0,0,,144103,149689,,,,,,,,,서울서초초등학교,B100000764,서울특별시 서초구 서초동 1310-6,공립,단설,19801004,서울특별시교육청,http://seocho.sen.es.kr,20230531,25.3,27.8,531,496,20230531,7,52,5,6,6,6,6,7,144,164,172,173,172,,1,5,36,1027,1,2,0,0,20230531,15,,0,0.0,20230531,직영,3385,1084,1057499000,37.49924318,127.02411499,1165010800,서울시,19.8,17.4,서초구,23.0,20.9,14,197.0,166.0,
14,서초대우아이빌(주상복합),60B8㎡,서울시 서초구 서초동,1165010800,1675-11,서울시 서초구 서초대로58길 10,37.494245,127.017602,215,0,15,12,783,59,163,(주)대우건설,HT001,60.37,45.33,75,2,1,4,복도식,101400,305640,20280,183960,0,0,0,,142989,148532,,,,,,"2,000/147",,"2,000/147",서울서초초등학교,B100000764,서울특별시 서초구 서초동 1310-6,공립,단설,19801004,서울특별시교육청,http://seocho.sen.es.kr,20230531,25.3,27.8,531,496,20230531,7,52,5,6,6,6,6,7,144,164,172,173,172,,1,5,36,1027,1,2,0,0,20230531,15,,0,0.0,20230531,직영,3385,1084,1057499000,37.49924318,127.02411499,1165010800,서울시,19.8,17.4,서초구,23.0,20.9,14,197.0,166.0,
15,서초대우아이빌(주상복합),60B4㎡,서울시 서초구 서초동,1165010800,1675-11,서울시 서초구 서초대로58길 10,37.494245,127.017602,215,0,15,12,783,59,163,(주)대우건설,HT001,60.02,45.08,75,2,1,1,복도식,101400,305640,20280,183960,0,0,0,,142179,147690,,,,,,,,,서울서초초등학교,B100000764,서울특별시 서초구 서초동 1310-6,공립,단설,19801004,서울특별시교육청,http://seocho.sen.es.kr,20230531,25.3,27.8,531,496,20230531,7,52,5,6,6,6,6,7,144,164,172,173,172,,1,5,36,1027,1,2,0,0,20230531,15,,0,0.0,20230531,직영,3385,1084,1057499000,37.49924318,127.02411499,1165010800,서울시,19.8,17.4,서초구,23.0,20.9,14,197.0,166.0,
16,서초대우아이빌(주상복합),66B2㎡,서울시 서초구 서초동,1165010800,1675-11,서울시 서초구 서초대로58길 10,37.494245,127.017602,215,0,15,12,783,59,163,(주)대우건설,HT001,66.85,50.21,75,1,1,7,복도식,114450,339570,22890,202230,0,0,0,,158357,164497,,,,,,,,,서울서초초등학교,B100000764,서울특별시 서초구 서초동 1310-6,공립,단설,19801004,서울특별시교육청,http://seocho.sen.es.kr,20230531,25.3,27.8,531,496,20230531,7,52,5,6,6,6,6,7,144,164,172,173,172,,1,5,36,1027,1,2,0,0,20230531,15,,0,0.0,20230531,직영,3385,1084,1057499000,37.49924318,127.02411499,1165010800,서울시,19.8,17.4,서초구,23.0,20.9,14,197.0,166.0,
17,서초대우아이빌(주상복합),79C1㎡,서울시 서초구 서초동,1165010800,1675-11,서울시 서초구 서초대로58길 10,37.494245,127.017602,215,0,15,12,783,59,163,(주)대우건설,HT001,79.78,59.92,75,2,1,12,복도식,133200,379080,26640,219240,0,0,0,,188977,196303,,,,,,"1,000/80",,"1,000/80",서울서초초등학교,B100000764,서울특별시 서초구 서초동 1310-6,공립,단설,19801004,서울특별시교육청,http://seocho.sen.es.kr,20230531,25.3,27.8,531,496,20230531,7,52,5,6,6,6,6,7,144,164,172,173,172,,1,5,36,1027,1,2,0,0,20230531,15,,0,0.0,20230531,직영,3385,1084,1057499000,37.49924318,127.02411499,1165010800,서울시,19.8,17.4,서초구,23.0,20.9,14,197.0,166.0,
18,서초대우아이빌(주상복합),79B16㎡,서울시 서초구 서초동,1165010800,1675-11,서울시 서초구 서초대로58길 10,37.494245,127.017602,215,0,15,12,783,59,163,(주)대우건설,HT001,79.51,59.71,75,2,1,1,복도식,122400,358560,24480,211680,0,0,0,,188334,195635,,,,,,,,,서울서초초등학교,B100000764,서울특별시 서초구 서초동 1310-6,공립,단설,19801004,서울특별시교육청,http://seocho.sen.es.kr,20230531,25.3,27.8,531,496,20230531,7,52,5,6,6,6,6,7,144,164,172,173,172,,1,5,36,1027,1,2,0,0,20230531,15,,0,0.0,20230531,직영,3385,1084,1057499000,37.49924318,127.02411499,1165010800,서울시,19.8,17.4,서초구,23.0,20.9,14,197.0,166.0,
19,서초대우아이빌(주상복합),86A3,서울시 서초구 서초동,1165010800,1675-11,서울시 서초구 서초대로58길 10,37.494245,127.017602,215,0,15,12,783,59,163,(주)대우건설,HT001,86.66,65.08,75,2,1,12,복도식,158400,426960,31680,236880,0,0,0,,205273,213231,,,,,,,,,서울서초초등학교,B100000764,서울특별시 서초구 서초동 1310-6,공립,단설,19801004,서울특별시교육청,http://seocho.sen.es.kr,20230531,25.3,27.8,531,496,20230531,7,52,5,6,6,6,6,7,144,164,172,173,172,,1,5,36,1027,1,2,0,0,20230531,15,,0,0.0,20230531,직영,3385,1084,1057499000,37.49924318,127.02411499,1165010800,서울시,19.8,17.4,서초구,23.0,20.9,14,197.0,166.0,
0,서초동아,118㎡,서울시 서초구 서초동,1165010800,1527-14,서울시 서초구 효령로45길 7,37.483915,127.008499,12,0,7,6,238,49,22,동해공영주식회사,HT001,118.82,106.86,90,4,2,1,계단식,363600,816840,72720,380520,0,0,0,,,,,,,,,,,,서울신중초등학교,B100000768,서울특별시 서초구 서초동 1466-6번지,공립,단설,19360601,서울특별시교육청,http://sinjung.sen.es.kr,20230531,21.0,22.5,455,378,20230531,4,57,5,6,6,6,7,6,130,124,135,138,166,,1,5,36,833,1,3,0,0,20230531,10,,0,0.0,20230531,직영,3385,931,831091000,37.4801795,127.0093516,1165010800,서울시,19.8,17.4,서초구,23.0,20.9,7,135.0,162.0,
1,서초동아,128㎡,서울시 서초구 서초동,1165010800,1527-14,서울시 서초구 효령로45길 7,37.483915,127.008499,12,0,7,6,238,49,22,동해공영주식회사,HT001,128.1,115.2,90,4,2,2,계단식,601650,1214640,120330,492660,0,0,0,,,,,,,,,,,,서울신중초등학교,B100000768,서울특별시 서초구 서초동 1466-6번지,공립,단설,19360601,서울특별시교육청,http://sinjung.sen.es.kr,20230531,21.0,22.5,455,378,20230531,4,57,5,6,6,6,7,6,130,124,135,138,166,,1,5,36,833,1,3,0,0,20230531,10,,0,0.0,20230531,직영,3385,931,831091000,37.4801795,127.0093516,1165010800,서울시,19.8,17.4,서초구,23.0,20.9,7,135.0,162.0,
2,서초동아,146㎡,서울시 서초구 서초동,1165010800,1527-14,서울시 서초구 효령로45길 7,37.483915,127.008499,12,0,7,6,238,49,22,동해공영주식회사,HT001,146.1,131.39,90,4,2,1,계단식,626850,1254960,125370,502740,0,0,0,,,,,,,,,,,,서울신중초등학교,B100000768,서울특별시 서초구 서초동 1466-6번지,공립,단설,19360601,서울특별시교육청,http://sinjung.sen.es.kr,20230531,21.0,22.5,455,378,20230531,4,57,5,6,6,6,7,6,130,124,135,138,166,,1,5,36,833,1,3,0,0,20230531,10,,0,0.0,20230531,직영,3385,931,831091000,37.4801795,127.0093516,1165010800,서울시,19.8,17.4,서초구,23.0,20.9,7,135.0,162.0,
3,서초동아,158㎡,서울시 서초구 서초동,1165010800,1527-14,서울시 서초구 효령로45길 7,37.483915,127.008499,12,0,7,6,238,49,22,동해공영주식회사,HT001,158.44,142.48,90,4,2,2,계단식,1022400,1805220,204480,578340,0,0,0,,,,,,,,,,,,서울신중초등학교,B100000768,서울특별시 서초구 서초동 1466-6번지,공립,단설,19360601,서울특별시교육청,http://sinjung.sen.es.kr,20230531,21.0,22.5,455,378,20230531,4,57,5,6,6,6,7,6,130,124,135,138,166,,1,5,36,833,1,3,0,0,20230531,10,,0,0.0,20230531,직영,3385,931,831091000,37.4801795,127.0093516,1165010800,서울시,19.8,17.4,서초구,23.0,20.9,7,135.0,162.0,
4,서초동아,161,서울시 서초구 서초동,1165010800,1527-14,서울시 서초구 효령로45길 7,37.483915,127.008499,12,0,7,6,238,49,22,동해공영주식회사,HT001,161.13,144.9,90,4,2,6,계단식,1004400,1777320,200880,572040,0,0,0,,,,,,,,,,,,서울신중초등학교,B100000768,서울특별시 서초구 서초동 1466-6번지,공립,단설,19360601,서울특별시교육청,http://sinjung.sen.es.kr,20230531,21.0,22.5,455,378,20230531,4,57,5,6,6,6,7,6,130,124,135,138,166,,1,5,36,833,1,3,0,0,20230531,10,,0,0.0,20230531,직영,3385,931,831091000,37.4801795,127.0093516,1165010800,서울시,19.8,17.4,서초구,23.0,20.9,7,135.0,162.0,
0,서초동아빌라트1타운,175㎡,서울시 서초구 서초동,1165010800,1678-1,서울시 서초구 서초대로 346,37.49517,127.019388,19,0,21,19,399,48,64,동아건설산업(주),HT001,175.01,156.27,89,2,2,1,계단식,1063800,1869390,212760,592830,0,0,0,,,,,,,,,,,,서울서초초등학교,B100000764,서울특별시 서초구 서초동 1310-6,공립,단설,19801004,서울특별시교육청,http://seocho.sen.es.kr,20230531,25.3,27.8,531,496,20230531,7,52,5,6,6,6,6,7,144,164,172,173,172,,1,5,36,1027,1,2,0,0,20230531,15,,0,0.0,20230531,직영,3385,1084,1057499000,37.49924318,127.02411499,1165010800,서울시,19.8,17.4,서초구,23.0,20.9,12,197.0,166.0,
1,서초동아빌라트1타운,214㎡,서울시 서초구 서초동,1165010800,1678-1,서울시 서초구 서초대로 346,37.49517,127.019388,19,0,21,19,399,48,64,동아건설산업(주),HT001,214.13,191.25,89,3,2,1,계단식,1337400,2293470,267480,688590,0,0,0,,,,,,,,,,,,서울서초초등학교,B100000764,서울특별시 서초구 서초동 1310-6,공립,단설,19801004,서울특별시교육청,http://seocho.sen.es.kr,20230531,25.3,27.8,531,496,20230531,7,52,5,6,6,6,6,7,144,164,172,173,172,,1,5,36,1027,1,2,0,0,20230531,15,,0,0.0,20230531,직영,3385,1084,1057499000,37.49924318,127.02411499,1165010800,서울시,19.8,17.4,서초구,23.0,20.9,12,197.0,166.0,
2,서초동아빌라트1타운,242,서울시 서초구 서초동,1165010800,1678-1,서울시 서초구 서초대로 346,37.49517,127.019388,19,0,21,19,399,48,64,동아건설산업(주),HT001,242.11,216.24,89,6,3,17,계단식,1672200,2812410,334440,805770,541296,451080,90216,,,,30억,33억,15억,18억,,,,,서울서초초등학교,B100000764,서울특별시 서초구 서초동 1310-6,공립,단설,19801004,서울특별시교육청,http://seocho.sen.es.kr,20230531,25.3,27.8,531,496,20230531,7,52,5,6,6,6,6,7,144,164,172,173,172,,1,5,36,1027,1,2,0,0,20230531,15,,0,0.0,20230531,직영,3385,1084,1057499000,37.49924318,127.02411499,1165010800,서울시,19.8,17.4,서초구,23.0,20.9,12,197.0,166.0,
0,서초동아빌라트2타운(주상복합),208㎡,서울시 서초구 서초동,1165010800,1678-2,서울시 서초구 서초대로 350,37.495181,127.019873,19,0,19,17,386,46,49,동아건설산업(주),HT001,208.29,181.32,87,5,3,8,계단식,1263600,2179080,252720,662760,0,0,0,,,,30억,35억,,,,,,,서울서초초등학교,B100000764,서울특별시 서초구 서초동 1310-6,공립,단설,19801004,서울특별시교육청,http://seocho.sen.es.kr,20230531,25.3,27.8,531,496,20230531,7,52,5,6,6,6,6,7,144,164,172,173,172,,1,5,36,1027,1,2,0,0,20230531,15,,0,0.0,20230531,직영,3385,1084,1057499000,37.49924318,127.02411499,1165010800,서울시,19.8,17.4,서초구,23.0,20.9,11,197.0,166.0,
1,서초동아빌라트2타운(주상복합),234㎡,서울시 서초구 서초동,1165010800,1678-2,서울시 서초구 서초대로 350,37.495181,127.019873,19,0,19,17,386,46,49,동아건설산업(주),HT001,234.54,204.21,87,5,3,1,계단식,1510200,2561310,302040,749070,269136,224280,44856,,,,,,,,,,,,서울서초초등학교,B100000764,서울특별시 서초구 서초동 1310-6,공립,단설,19801004,서울특별시교육청,http://seocho.sen.es.kr,20230531,25.3,27.8,531,496,20230531,7,52,5,6,6,6,6,7,144,164,172,173,172,,1,5,36,1027,1,2,0,0,20230531,15,,0,0.0,20230531,직영,3385,1084,1057499000,37.49924318,127.02411499,1165010800,서울시,19.8,17.4,서초구,23.0,20.9,11,197.0,166.0,
2,서초동아빌라트2타운(주상복합),243,서울시 서초구 서초동,1165010800,1678-2,서울시 서초구 서초대로 350,37.495181,127.019873,19,0,19,17,386,46,49,동아건설산업(주),HT001,243.14,211.67,87,5,3,10,계단식,1672200,2812410,334440,805770,541296,451080,90216,,,,28억,35억,,,,,,,서울서초초등학교,B100000764,서울특별시 서초구 서초동 1310-6,공립,단설,19801004,서울특별시교육청,http://seocho.sen.es.kr,20230531,25.3,27.8,531,496,20230531,7,52,5,6,6,6,6,7,144,164,172,173,172,,1,5,36,1027,1,2,0,0,20230531,15,,0,0.0,20230531,직영,3385,1084,1057499000,37.49924318,127.02411499,1165010800,서울시,19.8,17.4,서초구,23.0,20.9,11,197.0,166.0,
0,서초동아타워(주상복합),173㎡,서울시 서초구 서초동,1165010800,1321-6,서울시 서초구 서운로 138,37.495865,127.024999,64,0,19,12,649,51,117,동아건설산업(주),HT001,173.5,136.04,78,3,2,12,계단식,,,,,,,,,,,,,,,,,,,서울서이초등학교,B100000762,서울특별시 서초구 서초동 1334-2번지(서운로 85),공립,단설,19831203,서울특별시교육청,http://seo2.sen.es.kr,20230531,19.7,30.3,672,753,20230531,6,66,9,8,8,7,8,7,239,266,238,205,252,,0,0,47,1425,2,4,0,0,20230531,0,,0,0.0,20230531,직영,3347,1430,1370646000,37.49120942,127.02595329,1165010800,서울시,19.8,17.4,서초구,23.0,20.9,8,225.0,0.0,
1,서초동아타워(주상복합),181㎡,서울시 서초구 서초동,1165010800,1321-6,서울시 서초구 서운로 138,37.495865,127.024999,64,0,19,12,649,51,117,동아건설산업(주),HT001,181.49,142.31,78,3,2,14,계단식,,,,,,,,,,,,17억,,,,,,,서울서이초등학교,B100000762,서울특별시 서초구 서초동 1334-2번지(서운로 85),공립,단설,19831203,서울특별시교육청,http://seo2.sen.es.kr,20230531,19.7,30.3,672,753,20230531,6,66,9,8,8,7,8,7,239,266,238,205,252,,0,0,47,1425,2,4,0,0,20230531,0,,0,0.0,20230531,직영,3347,1430,1370646000,37.49120942,127.02595329,1165010800,서울시,19.8,17.4,서초구,23.0,20.9,8,225.0,0.0,
2,서초동아타워(주상복합),188㎡,서울시 서초구 서초동,1165010800,1321-6,서울시 서초구 서운로 138,37.495865,127.024999,64,0,19,12,649,51,117,동아건설산업(주),HT001,188.77,148.02,78,4,2,1,계단식,,,,,,,,,,,,,,,,,,,서울서이초등학교,B100000762,서울특별시 서초구 서초동 1334-2번지(서운로 85),공립,단설,19831203,서울특별시교육청,http://seo2.sen.es.kr,20230531,19.7,30.3,672,753,20230531,6,66,9,8,8,7,8,7,239,266,238,205,252,,0,0,47,1425,2,4,0,0,20230531,0,,0,0.0,20230531,직영,3347,1430,1370646000,37.49120942,127.02595329,1165010800,서울시,19.8,17.4,서초구,23.0,20.9,8,225.0,0.0,
3,서초동아타워(주상복합),193㎡,서울시 서초구 서초동,1165010800,1321-6,서울시 서초구 서운로 138,37.495865,127.024999,64,0,19,12,649,51,117,동아건설산업(주),HT001,193.75,151.93,78,4,2,11,계단식,,,,,,,,,,,,,,,,,,,서울서이초등학교,B100000762,서울특별시 서초구 서초동 1334-2번지(서운로 85),공립,단설,19831203,서울특별시교육청,http://seo2.sen.es.kr,20230531,19.7,30.3,672,753,20230531,6,66,9,8,8,7,8,7,239,266,238,205,252,,0,0,47,1425,2,4,0,0,20230531,0,,0,0.0,20230531,직영,3347,1430,1370646000,37.49120942,127.02595329,1165010800,서울시,19.8,17.4,서초구,23.0,20.9,8,225.0,0.0,
4,서초동아타워(주상복합),226㎡,서울시 서초구 서초동,1165010800,1321-6,서울시 서초구 서운로 138,37.495865,127.024999,64,0,19,12,649,51,117,동아건설산업(주),HT001,226.07,177.26,78,4,2,14,계단식,,,,,,,,,,,"18억 5,000","19억 5,000",,,,"3,000/450",,"3,000/450",서울서이초등학교,B100000762,서울특별시 서초구 서초동 1334-2번지(서운로 85),공립,단설,19831203,서울특별시교육청,http://seo2.sen.es.kr,20230531,19.7,30.3,672,753,20230531,6,66,9,8,8,7,8,7,239,266,238,205,252,,0,0,47,1425,2,4,0,0,20230531,0,,0,0.0,20230531,직영,3347,1430,1370646000,37.49120942,127.02595329,1165010800,서울시,19.8,17.4,서초구,23.0,20.9,8,225.0,0.0,
5,서초동아타워(주상복합),227,서울시 서초구 서초동,1165010800,1321-6,서울시 서초구 서운로 138,37.495865,127.024999,64,0,19,12,649,51,117,동아건설산업(주),HT001,227.74,178.58,78,4,2,12,계단식,,,,,,,,,,,,,,,,,,,서울서이초등학교,B100000762,서울특별시 서초구 서초동 1334-2번지(서운로 85),공립,단설,19831203,서울특별시교육청,http://seo2.sen.es.kr,20230531,19.7,30.3,672,753,20230531,6,66,9,8,8,7,8,7,239,266,238,205,252,,0,0,47,1425,2,4,0,0,20230531,0,,0,0.0,20230531,직영,3347,1430,1370646000,37.49120942,127.02595329,1165010800,서울시,19.8,17.4,서초구,23.0,20.9,8,225.0,0.0,
0,서초동일하이빌(주상복합),119㎡,서울시 서초구 서초동,1165010800,1542-1,서울시 서초구 서초대로 240,37.491445,127.008185,54,0,20,19,649,56,43,(주)동일토건,HT001,119.85,84.98,71,3,2,26,계단식,,,,,,,,,,,,,,,,,,,서울신중초등학교,B100000768,서울특별시 서초구 서초동 1466-6번지,공립,단설,19360601,서울특별시교육청,http://sinjung.sen.es.kr,20230531,21.0,22.5,455,378,20230531,4,57,5,6,6,6,7,6,130,124,135,138,166,,1,5,36,833,1,3,0,0,20230531,10,,0,0.0,20230531,직영,3385,931,831091000,37.4801795,127.0093516,1165010800,서울시,19.8,17.4,서초구,23.0,20.9,21,135.0,162.0,
1,서초동일하이빌(주상복합),142A㎡,서울시 서초구 서초동,1165010800,1542-1,서울시 서초구 서초대로 240,37.491445,127.008185,54,0,20,19,649,56,43,(주)동일토건,HT001,142.23,100.45,71,4,2,14,계단식,,,,,,,,,,,,,,,,,,,서울신중초등학교,B100000768,서울특별시 서초구 서초동 1466-6번지,공립,단설,19360601,서울특별시교육청,http://sinjung.sen.es.kr,20230531,21.0,22.5,455,378,20230531,4,57,5,6,6,6,7,6,130,124,135,138,166,,1,5,36,833,1,3,0,0,20230531,10,,0,0.0,20230531,직영,3385,931,831091000,37.4801795,127.0093516,1165010800,서울시,19.8,17.4,서초구,23.0,20.9,21,135.0,162.0,
2,서초동일하이빌(주상복합),142B㎡,서울시 서초구 서초동,1165010800,1542-1,서울시 서초구 서초대로 240,37.491445,127.008185,54,0,20,19,649,56,43,(주)동일토건,HT001,142.06,100.39,71,4,2,13,계단식,,,,,,,,,,,,,,,,,,,서울신중초등학교,B100000768,서울특별시 서초구 서초동 1466-6번지,공립,단설,19360601,서울특별시교육청,http://sinjung.sen.es.kr,20230531,21.0,22.5,455,378,20230531,4,57,5,6,6,6,7,6,130,124,135,138,166,,1,5,36,833,1,3,0,0,20230531,10,,0,0.0,20230531,직영,3385,931,831091000,37.4801795,127.0093516,1165010800,서울시,19.8,17.4,서초구,23.0,20.9,21,135.0,162.0,
3,서초동일하이빌(주상복합),239,서울시 서초구 서초동,1165010800,1542-1,서울시 서초구 서초대로 240,37.491445,127.008185,54,0,20,19,649,56,43,(주)동일토건,HT001,239.86,169.96,71,5,2,1,계단식,,,,,,,,,,,,,,,,,,,서울신중초등학교,B100000768,서울특별시 서초구 서초동 1466-6번지,공립,단설,19360601,서울특별시교육청,http://sinjung.sen.es.kr,20230531,21.0,22.5,455,378,20230531,4,57,5,6,6,6,7,6,130,124,135,138,166,,1,5,36,833,1,3,0,0,20230531,10,,0,0.0,20230531,직영,3385,931,831091000,37.4801795,127.0093516,1165010800,서울시,19.8,17.4,서초구,23.0,20.9,21,135.0,162.0,
0,서초두산위브(주상복합),69㎡,서울시 서초구 서초동,1165010800,1362,서울시 서초구 강남대로39길 5,37.486133,127.032566,78,0,15,15,509,39,112,두산산업개발(주),HT001,69.52,57.15,82,2,1,13,계단식,,,,,,,,,,,,"9억 5,000",,,,,,,서울서일초등학교,B100000763,서울특별시 서초구 서초동 1436-8번지,공립,단설,19861016,서울특별시교육청,http://seoulseoil.sen.es.kr,20230531,20.3,20.8,266,232,20230531,4,33,3,4,4,4,4,4,72,79,88,78,93,,1,5,23,498,1,4,0,0,20230531,6,,0,0.0,20230531,직영,3377,558,615924000,37.48478772,127.02260429,1165010800,서울시,19.8,17.4,서초구,23.0,20.9,20,83.0,87.0,
1,서초두산위브(주상복합),88㎡,서울시 서초구 서초동,1165010800,1362,서울시 서초구 강남대로39길 5,37.486133,127.032566,78,0,15,15,509,39,112,두산산업개발(주),HT001,88.05,73.08,83,3,2,13,계단식,,,,,,,,,,,,13억,,8억,,,,,서울서일초등학교,B100000763,서울특별시 서초구 서초동 1436-8번지,공립,단설,19861016,서울특별시교육청,http://seoulseoil.sen.es.kr,20230531,20.3,20.8,266,232,20230531,4,33,3,4,4,4,4,4,72,79,88,78,93,,1,5,23,498,1,4,0,0,20230531,6,,0,0.0,20230531,직영,3377,558,615924000,37.48478772,127.02260429,1165010800,서울시,19.8,17.4,서초구,23.0,20.9,20,83.0,87.0,
2,서초두산위브(주상복합),95㎡,서울시 서초구 서초동,1165010800,1362,서울시 서초구 강남대로39길 5,37.486133,127.032566,78,0,15,15,509,39,112,두산산업개발(주),HT001,95.24,78.63,83,3,2,26,계단식,,,,,,,,,,,"13억 5,000","14억 5,000",,,,,,,서울서일초등학교,B100000763,서울특별시 서초구 서초동 1436-8번지,공립,단설,19861016,서울특별시교육청,http://seoulseoil.sen.es.kr,20230531,20.3,20.8,266,232,20230531,4,33,3,4,4,4,4,4,72,79,88,78,93,,1,5,23,498,1,4,0,0,20230531,6,,0,0.0,20230531,직영,3377,558,615924000,37.48478772,127.02260429,1165010800,서울시,19.8,17.4,서초구,23.0,20.9,20,83.0,87.0,
3,서초두산위브(주상복합),100㎡,서울시 서초구 서초동,1165010800,1362,서울시 서초구 강남대로39길 5,37.486133,127.032566,78,0,15,15,509,39,112,두산산업개발(주),HT001,100.13,83.11,83,3,2,13,계단식,,,,,,,,,,,,,,,,,,,서울서일초등학교,B100000763,서울특별시 서초구 서초동 1436-8번지,공립,단설,19861016,서울특별시교육청,http://seoulseoil.sen.es.kr,20230531,20.3,20.8,266,232,20230531,4,33,3,4,4,4,4,4,72,79,88,78,93,,1,5,23,498,1,4,0,0,20230531,6,,0,0.0,20230531,직영,3377,558,615924000,37.48478772,127.02260429,1165010800,서울시,19.8,17.4,서초구,23.0,20.9,20,83.0,87.0,
4,서초두산위브(주상복합),103,서울시 서초구 서초동,1165010800,1362,서울시 서초구 강남대로39길 5,37.486133,127.032566,78,0,15,15,509,39,112,두산산업개발(주),HT001,103.45,84.99,82,3,2,13,계단식,,,,,,,,,,,,,,,,,,,서울서일초등학교,B100000763,서울특별시 서초구 서초동 1436-8번지,공립,단설,19861016,서울특별시교육청,http://seoulseoil.sen.es.kr,20230531,20.3,20.8,266,232,20230531,4,33,3,4,4,4,4,4,72,79,88,78,93,,1,5,23,498,1,4,0,0,20230531,6,,0,0.0,20230531,직영,3377,558,615924000,37.48478772,127.02260429,1165010800,서울시,19.8,17.4,서초구,23.0,20.9,20,83.0,87.0,
0,서초두산위브2,136㎡,서울시 서초구 서초동,1165010800,1507-38,서울시 서초구 명달로 112,37.487071,127.004421,47,0,12,12,258,29,91,두산산업개발,HT001,136.12,111.07,82,3,2,8,계단식,1823400,3046770,364680,858690,795312,662760,132552,,,,,22억,,,,,,,서울신중초등학교,B100000768,서울특별시 서초구 서초동 1466-6번지,공립,단설,19360601,서울특별시교육청,http://sinjung.sen.es.kr,20230531,21.0,22.5,455,378,20230531,4,57,5,6,6,6,7,6,130,124,135,138,166,,1,5,36,833,1,3,0,0,20230531,10,,0,0.0,20230531,직영,3385,931,831091000,37.4801795,127.0093516,1165010800,서울시,19.8,17.4,서초구,23.0,20.9,18,135.0,162.0,
1,서초두산위브2,138㎡,서울시 서초구 서초동,1165010800,1507-38,서울시 서초구 명달로 112,37.487071,127.004421,47,0,12,12,258,29,91,두산산업개발,HT001,138.89,113.11,81,3,2,8,계단식,1872000,3122100,374400,875700,876960,730800,146160,,,,,,,,,,,,서울신중초등학교,B100000768,서울특별시 서초구 서초동 1466-6번지,공립,단설,19360601,서울특별시교육청,http://sinjung.sen.es.kr,20230531,21.0,22.5,455,378,20230531,4,57,5,6,6,6,7,6,130,124,135,138,166,,1,5,36,833,1,3,0,0,20230531,10,,0,0.0,20230531,직영,3385,931,831091000,37.4801795,127.0093516,1165010800,서울시,19.8,17.4,서초구,23.0,20.9,18,135.0,162.0,
2,서초두산위브2,140㎡,서울시 서초구 서초동,1165010800,1507-38,서울시 서초구 명달로 112,37.487071,127.004421,47,0,12,12,258,29,91,두산산업개발,HT001,140.46,116.28,83,3,2,8,계단식,1920600,3197430,384120,892710,958608,798840,159768,,,,,,,,,,,,서울신중초등학교,B100000768,서울특별시 서초구 서초동 1466-6번지,공립,단설,19360601,서울특별시교육청,http://sinjung.sen.es.kr,20230531,21.0,22.5,455,378,20230531,4,57,5,6,6,6,7,6,130,124,135,138,166,,1,5,36,833,1,3,0,0,20230531,10,,0,0.0,20230531,직영,3385,931,831091000,37.4801795,127.0093516,1165010800,서울시,19.8,17.4,서초구,23.0,20.9,18,135.0,162.0,
3,서초두산위브2,155㎡,서울시 서초구 서초동,1165010800,1507-38,서울시 서초구 명달로 112,37.487071,127.004421,47,0,12,12,258,29,91,두산산업개발,HT001,155.61,130.05,84,4,2,20,계단식,2032200,3370410,406440,931770,1146096,955080,191016,,,,,25억,,,,,,,서울신중초등학교,B100000768,서울특별시 서초구 서초동 1466-6번지,공립,단설,19360601,서울특별시교육청,http://sinjung.sen.es.kr,20230531,21.0,22.5,455,378,20230531,4,57,5,6,6,6,7,6,130,124,135,138,166,,1,5,36,833,1,3,0,0,20230531,10,,0,0.0,20230531,직영,3385,931,831091000,37.4801795,127.0093516,1165010800,서울시,19.8,17.4,서초구,23.0,20.9,18,135.0,162.0,
4,서초두산위브2,173㎡,서울시 서초구 서초동,1165010800,1507-38,서울시 서초구 명달로 112,37.487071,127.004421,47,0,12,12,258,29,91,두산산업개발,HT001,173.77,142.38,82,4,2,2,계단식,2228400,3674520,445680,1000440,1475712,1229760,245952,,,,,,,,,,,,서울신중초등학교,B100000768,서울특별시 서초구 서초동 1466-6번지,공립,단설,19360601,서울특별시교육청,http://sinjung.sen.es.kr,20230531,21.0,22.5,455,378,20230531,4,57,5,6,6,6,7,6,130,124,135,138,166,,1,5,36,833,1,3,0,0,20230531,10,,0,0.0,20230531,직영,3385,931,831091000,37.4801795,127.0093516,1165010800,서울시,19.8,17.4,서초구,23.0,20.9,18,135.0,162.0,
5,서초두산위브2,177,서울시 서초구 서초동,1165010800,1507-38,서울시 서초구 명달로 112,37.487071,127.004421,47,0,12,12,258,29,91,두산산업개발,HT001,177.68,144.14,81,4,2,1,계단식,2068200,3426210,413640,944370,1206576,1005480,201096,,,,,,,,,,,,서울신중초등학교,B100000768,서울특별시 서초구 서초동 1466-6번지,공립,단설,19360601,서울특별시교육청,http://sinjung.sen.es.kr,20230531,21.0,22.5,455,378,20230531,4,57,5,6,6,6,7,6,130,124,135,138,166,,1,5,36,833,1,3,0,0,20230531,10,,0,0.0,20230531,직영,3385,931,831091000,37.4801795,127.0093516,1165010800,서울시,19.8,17.4,서초구,23.0,20.9,18,135.0,162.0,
0,서초드림하이츠,69㎡,서울시 서초구 서초동,1165010800,1617-26,서울시 서초구 서리풀2길 20,37.487598,127.021948,10,0,6,4,237,54,13,하라산업(주),HT001,69.23,59.85,86,3,1,1,계단식,199800,505620,39960,265860,0,0,0,,,,,,,,,,,,서울서일초등학교,B100000763,서울특별시 서초구 서초동 1436-8번지,공립,단설,19861016,서울특별시교육청,http://seoulseoil.sen.es.kr,20230531,20.3,20.8,266,232,20230531,4,33,3,4,4,4,4,4,72,79,88,78,93,,1,5,23,498,1,4,0,0,20230531,6,,0,0.0,20230531,직영,3377,558,615924000,37.48478772,127.02260429,1165010800,서울시,19.8,17.4,서초구,23.0,20.9,7,83.0,87.0,
1,서초드림하이츠,89㎡,서울시 서초구 서초동,1165010800,1617-26,서울시 서초구 서리풀2길 20,37.487598,127.021948,10,0,6,4,237,54,13,하라산업(주),HT001,89.36,77.25,86,3,2,1,계단식,310500,715950,62100,343350,0,0,0,,,,,,,,,,,,서울서일초등학교,B100000763,서울특별시 서초구 서초동 1436-8번지,공립,단설,19861016,서울특별시교육청,http://seoulseoil.sen.es.kr,20230531,20.3,20.8,266,232,20230531,4,33,3,4,4,4,4,4,72,79,88,78,93,,1,5,23,498,1,4,0,0,20230531,6,,0,0.0,20230531,직영,3377,558,615924000,37.48478772,127.02260429,1165010800,서울시,19.8,17.4,서초구,23.0,20.9,7,83.0,87.0,
2,서초드림하이츠,109㎡,서울시 서초구 서초동,1165010800,1617-26,서울시 서초구 서리풀2길 20,37.487598,127.021948,10,0,6,4,237,54,13,하라산업(주),HT001,109.55,94.71,86,3,2,1,계단식,414000,912600,82800,415800,0,0,0,,,,,,,,,,,,서울서일초등학교,B100000763,서울특별시 서초구 서초동 1436-8번지,공립,단설,19861016,서울특별시교육청,http://seoulseoil.sen.es.kr,20230531,20.3,20.8,266,232,20230531,4,33,3,4,4,4,4,4,72,79,88,78,93,,1,5,23,498,1,4,0,0,20230531,6,,0,0.0,20230531,직영,3377,558,615924000,37.48478772,127.02260429,1165010800,서울시,19.8,17.4,서초구,23.0,20.9,7,83.0,87.0,
3,서초드림하이츠,112A㎡,서울시 서초구 서초동,1165010800,1617-26,서울시 서초구 서리풀2길 20,37.487598,127.021948,10,0,6,4,237,54,13,하라산업(주),HT001,112.16,96.96,86,3,2,1,계단식,420525,924840,84105,420210,0,0,0,,,,,"12억 8,000",,,,,,,서울서일초등학교,B100000763,서울특별시 서초구 서초동 1436-8번지,공립,단설,19861016,서울특별시교육청,http://seoulseoil.sen.es.kr,20230531,20.3,20.8,266,232,20230531,4,33,3,4,4,4,4,4,72,79,88,78,93,,1,5,23,498,1,4,0,0,20230531,6,,0,0.0,20230531,직영,3377,558,615924000,37.48478772,127.02260429,1165010800,서울시,19.8,17.4,서초구,23.0,20.9,7,83.0,87.0,
4,서초드림하이츠,113B㎡,서울시 서초구 서초동,1165010800,1617-26,서울시 서초구 서리풀2길 20,37.487598,127.021948,10,0,6,4,237,54,13,하라산업(주),HT001,113.34,97.98,86,3,2,1,계단식,415800,916020,83160,417060,0,0,0,,,,,,,,,,,,서울서일초등학교,B100000763,서울특별시 서초구 서초동 1436-8번지,공립,단설,19861016,서울특별시교육청,http://seoulseoil.sen.es.kr,20230531,20.3,20.8,266,232,20230531,4,33,3,4,4,4,4,4,72,79,88,78,93,,1,5,23,498,1,4,0,0,20230531,6,,0,0.0,20230531,직영,3377,558,615924000,37.48478772,127.02260429,1165010800,서울시,19.8,17.4,서초구,23.0,20.9,7,83.0,87.0,
5,서초드림하이츠,121㎡,서울시 서초구 서초동,1165010800,1617-26,서울시 서초구 서리풀2길 20,37.487598,127.021948,10,0,6,4,237,54,13,하라산업(주),HT001,121.8,105.3,86,3,2,1,계단식,461475,990360,92295,436590,0,0,0,,,,,,,,,,,,서울서일초등학교,B100000763,서울특별시 서초구 서초동 1436-8번지,공립,단설,19861016,서울특별시교육청,http://seoulseoil.sen.es.kr,20230531,20.3,20.8,266,232,20230531,4,33,3,4,4,4,4,4,72,79,88,78,93,,1,5,23,498,1,4,0,0,20230531,6,,0,0.0,20230531,직영,3377,558,615924000,37.48478772,127.02260429,1165010800,서울시,19.8,17.4,서초구,23.0,20.9,7,83.0,87.0,
6,서초드림하이츠,129㎡,서울시 서초구 서초동,1165010800,1617-26,서울시 서초구 서리풀2길 20,37.487598,127.021948,10,0,6,4,237,54,13,하라산업(주),HT001,129.03,111.55,86,4,3,1,계단식,511875,1071000,102375,456750,0,0,0,,,,,,,,,,,,서울서일초등학교,B100000763,서울특별시 서초구 서초동 1436-8번지,공립,단설,19861016,서울특별시교육청,http://seoulseoil.sen.es.kr,20230531,20.3,20.8,266,232,20230531,4,33,3,4,4,4,4,4,72,79,88,78,93,,1,5,23,498,1,4,0,0,20230531,6,,0,0.0,20230531,직영,3377,558,615924000,37.48478772,127.02260429,1165010800,서울시,19.8,17.4,서초구,23.0,20.9,7,83.0,87.0,
7,서초드림하이츠,131A㎡,서울시 서초구 서초동,1165010800,1617-26,서울시 서초구 서리풀2길 20,37.487598,127.021948,10,0,6,4,237,54,13,하라산업(주),HT001,131.87,114,86,3,2,1,계단식,516600,1078560,103320,458640,0,0,0,,,,,,,,,,,,서울서일초등학교,B100000763,서울특별시 서초구 서초동 1436-8번지,공립,단설,19861016,서울특별시교육청,http://seoulseoil.sen.es.kr,20230531,20.3,20.8,266,232,20230531,4,33,3,4,4,4,4,4,72,79,88,78,93,,1,5,23,498,1,4,0,0,20230531,6,,0,0.0,20230531,직영,3377,558,615924000,37.48478772,127.02260429,1165010800,서울시,19.8,17.4,서초구,23.0,20.9,7,83.0,87.0,
8,서초드림하이츠,132B㎡,서울시 서초구 서초동,1165010800,1617-26,서울시 서초구 서리풀2길 20,37.487598,127.021948,10,0,6,4,237,54,13,하라산업(주),HT001,132.82,114.82,86,3,2,1,계단식,480375,1020600,96075,444150,0,0,0,,,,,,,,,,,,서울서일초등학교,B100000763,서울특별시 서초구 서초동 1436-8번지,공립,단설,19861016,서울특별시교육청,http://seoulseoil.sen.es.kr,20230531,20.3,20.8,266,232,20230531,4,33,3,4,4,4,4,4,72,79,88,78,93,,1,5,23,498,1,4,0,0,20230531,6,,0,0.0,20230531,직영,3377,558,615924000,37.48478772,127.02260429,1165010800,서울시,19.8,17.4,서초구,23.0,20.9,7,83.0,87.0,
9,서초드림하이츠,132C,서울시 서초구 서초동,1165010800,1617-26,서울시 서초구 서리풀2길 20,37.487598,127.021948,10,0,6,4,237,54,13,하라산업(주),HT001,132.97,114.95,86,3,2,1,계단식,475650,1013040,95130,442260,0,0,0,,,,,,,,,,,,서울서일초등학교,B100000763,서울특별시 서초구 서초동 1436-8번지,공립,단설,19861016,서울특별시교육청,http://seoulseoil.sen.es.kr,20230531,20.3,20.8,266,232,20230531,4,33,3,4,4,4,4,4,72,79,88,78,93,,1,5,23,498,1,4,0,0,20230531,6,,0,0.0,20230531,직영,3377,558,615924000,37.48478772,127.02260429,1165010800,서울시,19.8,17.4,서초구,23.0,20.9,7,83.0,87.0,
0,서초래미안,112B㎡,서울시 서초구 서초동,1165010800,1682,서울시 서초구 서초대로65길 13-10,37.498528,127.019039,1129,0,27,10,320,20,1821,삼성물산,HT001,112.73,84.95,75,3,2,234,계단식,2511000,4112550,502200,1099350,2159280,1799400,359880,,403921,289937,"21억 8,000",24억,"8억 5,000",9억,3억/240,5억/170,3억/240,5억/170,서울원명초등학교,B100000779,서울특별시 서초구 서초동 1685-1번지,공립,단설,19890704,서울특별시교육청,http://wonmyong.sen.es.kr,20230531,25.9,27.3,635,540,20230531,8,71,7,6,7,8,8,7,175,183,206,208,204,,0,0,43,1175,3,2,0,0,20230531,15,,0,0.0,20230531,직영,3347,1386,1232065000,37.50050946,127.01679619,1165010800,서울시,19.8,17.4,서초구,23.0,20.9,3,199.0,223.0,
1,서초래미안,113A㎡,서울시 서초구 서초동,1165010800,1682,서울시 서초구 서초대로65길 13-10,37.498528,127.019039,1129,0,27,10,320,20,1821,삼성물산,HT001,113.66,84.97,75,3,2,108,계단식,2277000,3749850,455400,1017450,1578960,1315800,263160,,404017,290005,"21억 9,000",23억,9억,"9억 4,000",,6억/150,,6억/150,서울원명초등학교,B100000779,서울특별시 서초구 서초동 1685-1번지,공립,단설,19890704,서울특별시교육청,http://wonmyong.sen.es.kr,20230531,25.9,27.3,635,540,20230531,8,71,7,6,7,8,8,7,175,183,206,208,204,,0,0,43,1175,3,2,0,0,20230531,15,,0,0.0,20230531,직영,3347,1386,1232065000,37.50050946,127.01679619,1165010800,서울시,19.8,17.4,서초구,23.0,20.9,3,199.0,223.0,
2,서초래미안,129㎡,서울시 서초구 서초동,1165010800,1682,서울시 서초구 서초대로65길 13-10,37.498528,127.019039,1129,0,27,10,320,20,1821,삼성물산,HT001,129.54,96.87,75,3,2,84,계단식,2532600,4146030,506520,1106910,2212848,1844040,368808,,460599,330620,23억,"24억 5,000",,,,,,,서울원명초등학교,B100000779,서울특별시 서초구 서초동 1685-1번지,공립,단설,19890704,서울특별시교육청,http://wonmyong.sen.es.kr,20230531,25.9,27.3,635,540,20230531,8,71,7,6,7,8,8,7,175,183,206,208,204,,0,0,43,1175,3,2,0,0,20230531,15,,0,0.0,20230531,직영,3347,1386,1232065000,37.50050946,127.01679619,1165010800,서울시,19.8,17.4,서초구,23.0,20.9,3,199.0,223.0,
3,서초래미안,146A㎡,서울시 서초구 서초동,1165010800,1682,서울시 서초구 서초대로65길 13-10,37.498528,127.019039,1129,0,27,10,320,20,1821,삼성물산,HT001,146.45,111.32,76,4,2,418,계단식,2829600,4606380,565920,1210860,2949408,2457840,491568,,529306,379938,"23억 5,000",28억,12억,14억,,9억/140,,9억/140,서울원명초등학교,B100000779,서울특별시 서초구 서초동 1685-1번지,공립,단설,19890704,서울특별시교육청,http://wonmyong.sen.es.kr,20230531,25.9,27.3,635,540,20230531,8,71,7,6,7,8,8,7,175,183,206,208,204,,0,0,43,1175,3,2,0,0,20230531,15,,0,0.0,20230531,직영,3347,1386,1232065000,37.50050946,127.01679619,1165010800,서울시,19.8,17.4,서초구,23.0,20.9,3,199.0,223.0,
4,서초래미안,146B㎡,서울시 서초구 서초동,1165010800,1682,서울시 서초구 서초대로65길 13-10,37.498528,127.019039,1129,0,27,10,320,20,1821,삼성물산,HT001,146.93,111.92,76,4,2,54,계단식,2590200,4235310,518040,1127070,2355696,1963080,392616,,532159,381986,,24억,,,,,,,서울원명초등학교,B100000779,서울특별시 서초구 서초동 1685-1번지,공립,단설,19890704,서울특별시교육청,http://wonmyong.sen.es.kr,20230531,25.9,27.3,635,540,20230531,8,71,7,6,7,8,8,7,175,183,206,208,204,,0,0,43,1175,3,2,0,0,20230531,15,,0,0.0,20230531,직영,3347,1386,1232065000,37.50050946,127.01679619,1165010800,서울시,19.8,17.4,서초구,23.0,20.9,3,199.0,223.0,
5,서초래미안,165A㎡,서울시 서초구 서초동,1165010800,1682,서울시 서초구 서초대로65길 13-10,37.498528,127.019039,1129,0,27,10,320,20,1821,삼성물산,HT001,165.5,126.31,76,4,2,177,계단식,3261600,5275980,652320,1362060,4199328,3499440,699888,,600581,431100,30억,32억,,"14억 5,000",,,,,서울원명초등학교,B100000779,서울특별시 서초구 서초동 1685-1번지,공립,단설,19890704,서울특별시교육청,http://wonmyong.sen.es.kr,20230531,25.9,27.3,635,540,20230531,8,71,7,6,7,8,8,7,175,183,206,208,204,,0,0,43,1175,3,2,0,0,20230531,15,,0,0.0,20230531,직영,3347,1386,1232065000,37.50050946,127.01679619,1165010800,서울시,19.8,17.4,서초구,23.0,20.9,3,199.0,223.0,
6,서초래미안,167B,서울시 서초구 서초동,1165010800,1682,서울시 서초구 서초대로65길 13-10,37.498528,127.019039,1129,0,27,10,320,20,1821,삼성물산,HT001,167.09,127.66,76,4,2,54,계단식,2991600,4857480,598320,1267560,3351168,2792640,558528,,606999,435707,,,14억,15억,3억/500,9억/200,3억/500,9억/200,서울원명초등학교,B100000779,서울특별시 서초구 서초동 1685-1번지,공립,단설,19890704,서울특별시교육청,http://wonmyong.sen.es.kr,20230531,25.9,27.3,635,540,20230531,8,71,7,6,7,8,8,7,175,183,206,208,204,,0,0,43,1175,3,2,0,0,20230531,15,,0,0.0,20230531,직영,3347,1386,1232065000,37.50050946,127.01679619,1165010800,서울시,19.8,17.4,서초구,23.0,20.9,3,199.0,223.0,
0,서초래미안3차,212A㎡,서울시 서초구 서초동,1165010800,1487-145,서울시 서초구 명달로6길 24,37.480606,127.007186,31,0,12,10,256,27,89,삼성물산(주),HT001,212.96,179.6,84,4,2,9,계단식,1863000,3108150,372600,872550,861840,718200,143640,,,,,,,13억,9억/160,10억/250,9억/160,10억/250,서울신중초등학교,B100000768,서울특별시 서초구 서초동 1466-6번지,공립,단설,19360601,서울특별시교육청,http://sinjung.sen.es.kr,20230531,21.0,22.5,455,378,20230531,4,57,5,6,6,6,7,6,130,124,135,138,166,,1,5,36,833,1,3,0,0,20230531,10,,0,0.0,20230531,직영,3385,931,831091000,37.4801795,127.0093516,1165010800,서울시,19.8,17.4,서초구,23.0,20.9,5,135.0,162.0,
1,서초래미안3차,213B㎡,서울시 서초구 서초동,1165010800,1487-145,서울시 서초구 명달로6길 24,37.480606,127.007186,31,0,12,10,256,27,89,삼성물산(주),HT001,213.49,180.27,84,4,2,19,계단식,1863000,3108150,372600,872550,861840,718200,143640,,,,,,,,,,,,서울신중초등학교,B100000768,서울특별시 서초구 서초동 1466-6번지,공립,단설,19360601,서울특별시교육청,http://sinjung.sen.es.kr,20230531,21.0,22.5,455,378,20230531,4,57,5,6,6,6,7,6,130,124,135,138,166,,1,5,36,833,1,3,0,0,20230531,10,,0,0.0,20230531,직영,3385,931,831091000,37.4801795,127.0093516,1165010800,서울시,19.8,17.4,서초구,23.0,20.9,5,135.0,162.0,
2,서초래미안3차,292B㎡,서울시 서초구 서초동,1165010800,1487-145,서울시 서초구 명달로6길 24,37.480606,127.007186,31,0,12,10,256,27,89,삼성물산(주),HT001,292.96,248.08,85,5,3,2,계단식,2484000,4070700,496800,1089900,2092320,1743600,348720,,,,,,,,,,,,서울신중초등학교,B100000768,서울특별시 서초구 서초동 1466-6번지,공립,단설,19360601,서울특별시교육청,http://sinjung.sen.es.kr,20230531,21.0,22.5,455,378,20230531,4,57,5,6,6,6,7,6,130,124,135,138,166,,1,5,36,833,1,3,0,0,20230531,10,,0,0.0,20230531,직영,3385,931,831091000,37.4801795,127.0093516,1165010800,서울시,19.8,17.4,서초구,23.0,20.9,5,135.0,162.0,
3,서초래미안3차,293A,서울시 서초구 서초동,1165010800,1487-145,서울시 서초구 명달로6길 24,37.480606,127.007186,31,0,12,10,256,27,89,삼성물산(주),HT001,293.14,247.9,85,5,3,1,계단식,2484000,4070700,496800,1089900,2092320,1743600,348720,,,,,,,,,,,,서울신중초등학교,B100000768,서울특별시 서초구 서초동 1466-6번지,공립,단설,19360601,서울특별시교육청,http://sinjung.sen.es.kr,20230531,21.0,22.5,455,378,20230531,4,57,5,6,6,6,7,6,130,124,135,138,166,,1,5,36,833,1,3,0,0,20230531,10,,0,0.0,20230531,직영,3385,931,831091000,37.4801795,127.0093516,1165010800,서울시,19.8,17.4,서초구,23.0,20.9,5,135.0,162.0,
0,서초래미안4차,112㎡,서울시 서초구 서초동,1165010800,1473-2,서울시 서초구 남부순환로317길 34,37.481062,127.01107,56,0,12,6,241,27,101,삼성물산,HT001,112.43,84.94,76,3,2,12,계단식,1488600,2527830,297720,741510,232848,194040,38808,,,,,,,,,7억/80,,7억/80,서울신중초등학교,B100000768,서울특별시 서초구 서초동 1466-6번지,공립,단설,19360601,서울특별시교육청,http://sinjung.sen.es.kr,20230531,21.0,22.5,455,378,20230531,4,57,5,6,6,6,7,6,130,124,135,138,166,,1,5,36,833,1,3,0,0,20230531,10,,0,0.0,20230531,직영,3385,931,831091000,37.4801795,127.0093516,1165010800,서울시,19.8,17.4,서초구,23.0,20.9,2,135.0,162.0,
1,서초래미안4차,136㎡,서울시 서초구 서초동,1165010800,1473-2,서울시 서초구 남부순환로317길 34,37.481062,127.01107,56,0,12,6,241,27,101,삼성물산,HT001,136.33,102.63,75,3,2,5,계단식,1582200,2672910,316440,774270,390096,325080,65016,,,,,,,,,,,,서울신중초등학교,B100000768,서울특별시 서초구 서초동 1466-6번지,공립,단설,19360601,서울특별시교육청,http://sinjung.sen.es.kr,20230531,21.0,22.5,455,378,20230531,4,57,5,6,6,6,7,6,130,124,135,138,166,,1,5,36,833,1,3,0,0,20230531,10,,0,0.0,20230531,직영,3385,931,831091000,37.4801795,127.0093516,1165010800,서울시,19.8,17.4,서초구,23.0,20.9,2,135.0,162.0,
2,서초래미안4차,144㎡,서울시 서초구 서초동,1165010800,1473-2,서울시 서초구 남부순환로317길 34,37.481062,127.01107,56,0,12,6,241,27,101,삼성물산,HT001,144.94,124.93,86,3,2,10,계단식,1825200,3049560,365040,859320,798336,665280,133056,,,,,,,,,,,,서울신중초등학교,B100000768,서울특별시 서초구 서초동 1466-6번지,공립,단설,19360601,서울특별시교육청,http://sinjung.sen.es.kr,20230531,21.0,22.5,455,378,20230531,4,57,5,6,6,6,7,6,130,124,135,138,166,,1,5,36,833,1,3,0,0,20230531,10,,0,0.0,20230531,직영,3385,931,831091000,37.4801795,127.0093516,1165010800,서울시,19.8,17.4,서초구,23.0,20.9,2,135.0,162.0,
3,서초래미안4차,154㎡,서울시 서초구 서초동,1165010800,1473-2,서울시 서초구 남부순환로317길 34,37.481062,127.01107,56,0,12,6,241,27,101,삼성물산,HT001,154.32,133.14,86,4,2,25,계단식,1922400,3200220,384480,893340,961632,801360,160272,,,,,22억,,,,,,,서울신중초등학교,B100000768,서울특별시 서초구 서초동 1466-6번지,공립,단설,19360601,서울특별시교육청,http://sinjung.sen.es.kr,20230531,21.0,22.5,455,378,20230531,4,57,5,6,6,6,7,6,130,124,135,138,166,,1,5,36,833,1,3,0,0,20230531,10,,0,0.0,20230531,직영,3385,931,831091000,37.4801795,127.0093516,1165010800,서울시,19.8,17.4,서초구,23.0,20.9,2,135.0,162.0,
4,서초래미안4차,190㎡,서울시 서초구 서초동,1165010800,1473-2,서울시 서초구 남부순환로317길 34,37.481062,127.01107,56,0,12,6,241,27,101,삼성물산,HT001,190.45,162.18,85,4,2,1,계단식,1960200,3258810,392040,906570,1025136,854280,170856,,,,,,,,,,,,서울신중초등학교,B100000768,서울특별시 서초구 서초동 1466-6번지,공립,단설,19360601,서울특별시교육청,http://sinjung.sen.es.kr,20230531,21.0,22.5,455,378,20230531,4,57,5,6,6,6,7,6,130,124,135,138,166,,1,5,36,833,1,3,0,0,20230531,10,,0,0.0,20230531,직영,3385,931,831091000,37.4801795,127.0093516,1165010800,서울시,19.8,17.4,서초구,23.0,20.9,2,135.0,162.0,
5,서초래미안4차,194,서울시 서초구 서초동,1165010800,1473-2,서울시 서초구 남부순환로317길 34,37.481062,127.01107,56,0,12,6,241,27,101,삼성물산,HT001,194.24,164.46,85,5,3,3,계단식,1974600,3281130,394920,911610,1049328,874440,174888,,,,,,,,,,,,서울신중초등학교,B100000768,서울특별시 서초구 서초동 1466-6번지,공립,단설,19360601,서울특별시교육청,http://sinjung.sen.es.kr,20230531,21.0,22.5,455,378,20230531,4,57,5,6,6,6,7,6,130,124,135,138,166,,1,5,36,833,1,3,0,0,20230531,10,,0,0.0,20230531,직영,3385,931,831091000,37.4801795,127.0093516,1165010800,서울시,19.8,17.4,서초구,23.0,20.9,2,135.0,162.0,
0,서초래미안5차,126㎡,서울시 서초구 서초동,1165010800,1522-1,서울시 서초구 반포대로21길 67,37.485839,127.007988,54,0,13,13,248,32,108,삼성물산(주)건설부문,HT001,126.94,106.89,84,4,2,1,계단식,1193400,2070270,238680,638190,0,0,0,,,,,,,,,,,,서울신중초등학교,B100000768,서울특별시 서초구 서초동 1466-6번지,공립,단설,19360601,서울특별시교육청,http://sinjung.sen.es.kr,20230531,21.0,22.5,455,378,20230531,4,57,5,6,6,6,7,6,130,124,135,138,166,,1,5,36,833,1,3,0,0,20230531,10,,0,0.0,20230531,직영,3385,931,831091000,37.4801795,127.0093516,1165010800,서울시,19.8,17.4,서초구,23.0,20.9,11,135.0,162.0,
1,서초래미안5차,130A㎡,서울시 서초구 서초동,1165010800,1522-1,서울시 서초구 반포대로21길 67,37.485839,127.007988,54,0,13,13,248,32,108,삼성물산(주)건설부문,HT001,130.62,109.89,84,4,2,2,계단식,1499400,2544570,299880,745290,250992,209160,41832,,,,,,,,,,,,서울신중초등학교,B100000768,서울특별시 서초구 서초동 1466-6번지,공립,단설,19360601,서울특별시교육청,http://sinjung.sen.es.kr,20230531,21.0,22.5,455,378,20230531,4,57,5,6,6,6,7,6,130,124,135,138,166,,1,5,36,833,1,3,0,0,20230531,10,,0,0.0,20230531,직영,3385,931,831091000,37.4801795,127.0093516,1165010800,서울시,19.8,17.4,서초구,23.0,20.9,11,135.0,162.0,
2,서초래미안5차,132B㎡,서울시 서초구 서초동,1165010800,1522-1,서울시 서초구 반포대로21길 67,37.485839,127.007988,54,0,13,13,248,32,108,삼성물산(주)건설부문,HT001,132.38,111.43,84,4,2,13,계단식,1630800,2748240,326160,791280,471744,393120,78624,,,,,,,12억,7억/210,8억/170,7억/210,8억/170,서울신중초등학교,B100000768,서울특별시 서초구 서초동 1466-6번지,공립,단설,19360601,서울특별시교육청,http://sinjung.sen.es.kr,20230531,21.0,22.5,455,378,20230531,4,57,5,6,6,6,7,6,130,124,135,138,166,,1,5,36,833,1,3,0,0,20230531,10,,0,0.0,20230531,직영,3385,931,831091000,37.4801795,127.0093516,1165010800,서울시,19.8,17.4,서초구,23.0,20.9,11,135.0,162.0,
3,서초래미안5차,141㎡,서울시 서초구 서초동,1165010800,1522-1,서울시 서초구 반포대로21길 67,37.485839,127.007988,54,0,13,13,248,32,108,삼성물산(주)건설부문,HT001,141.9,120.22,85,4,2,24,계단식,1908000,3177900,381600,888300,937440,781200,156240,,,,"23억 5,000",24억,,,,7억/220,,7억/220,서울신중초등학교,B100000768,서울특별시 서초구 서초동 1466-6번지,공립,단설,19360601,서울특별시교육청,http://sinjung.sen.es.kr,20230531,21.0,22.5,455,378,20230531,4,57,5,6,6,6,7,6,130,124,135,138,166,,1,5,36,833,1,3,0,0,20230531,10,,0,0.0,20230531,직영,3385,931,831091000,37.4801795,127.0093516,1165010800,서울시,19.8,17.4,서초구,23.0,20.9,11,135.0,162.0,
4,서초래미안5차,159㎡,서울시 서초구 서초동,1165010800,1522-1,서울시 서초구 반포대로21길 67,37.485839,127.007988,54,0,13,13,248,32,108,삼성물산(주)건설부문,HT001,159.66,138.31,87,4,2,2,계단식,2071800,3431790,414360,945630,1212624,1010520,202104,,,,,,,,,,,,서울신중초등학교,B100000768,서울특별시 서초구 서초동 1466-6번지,공립,단설,19360601,서울특별시교육청,http://sinjung.sen.es.kr,20230531,21.0,22.5,455,378,20230531,4,57,5,6,6,6,7,6,130,124,135,138,166,,1,5,36,833,1,3,0,0,20230531,10,,0,0.0,20230531,직영,3385,931,831091000,37.4801795,127.0093516,1165010800,서울시,19.8,17.4,서초구,23.0,20.9,11,135.0,162.0,
5,서초래미안5차,169A㎡,서울시 서초구 서초동,1165010800,1522-1,서울시 서초구 반포대로21길 67,37.485839,127.007988,54,0,13,13,248,32,108,삼성물산(주)건설부문,HT001,169.4,147.07,87,4,2,6,계단식,2071800,3431790,414360,945630,1212624,1010520,202104,,,,,26억,,,,,,,서울신중초등학교,B100000768,서울특별시 서초구 서초동 1466-6번지,공립,단설,19360601,서울특별시교육청,http://sinjung.sen.es.kr,20230531,21.0,22.5,455,378,20230531,4,57,5,6,6,6,7,6,130,124,135,138,166,,1,5,36,833,1,3,0,0,20230531,10,,0,0.0,20230531,직영,3385,931,831091000,37.4801795,127.0093516,1165010800,서울시,19.8,17.4,서초구,23.0,20.9,11,135.0,162.0,
6,서초래미안5차,169B,서울시 서초구 서초동,1165010800,1522-1,서울시 서초구 반포대로21길 67,37.485839,127.007988,54,0,13,13,248,32,108,삼성물산(주)건설부문,HT001,169.4,147.07,87,4,2,6,계단식,2071800,3431790,414360,945630,1212624,1010520,202104,,,,,,,,,,,,서울신중초등학교,B100000768,서울특별시 서초구 서초동 1466-6번지,공립,단설,19360601,서울특별시교육청,http://sinjung.sen.es.kr,20230531,21.0,22.5,455,378,20230531,4,57,5,6,6,6,7,6,130,124,135,138,166,,1,5,36,833,1,3,0,0,20230531,10,,0,0.0,20230531,직영,3385,931,831091000,37.4801795,127.0093516,1165010800,서울시,19.8,17.4,서초구,23.0,20.9,11,135.0,162.0,
0,서초래미안6차,126D㎡,서울시 서초구 서초동,1165010800,1520-9,서울시 서초구 반포대로21길 74,37.485789,127.007333,57,0,10,6,244,37,112,삼성물산(주)건설부문,HT001,126.75,106.18,84,4,2,1,계단식,1209600,2095380,241920,643860,0,0,0,,,,,,,,,,,,서울신중초등학교,B100000768,서울특별시 서초구 서초동 1466-6번지,공립,단설,19360601,서울특별시교육청,http://sinjung.sen.es.kr,20230531,21.0,22.5,455,378,20230531,4,57,5,6,6,6,7,6,130,124,135,138,166,,1,5,36,833,1,3,0,0,20230531,10,,0,0.0,20230531,직영,3385,931,831091000,37.4801795,127.0093516,1165010800,서울시,19.8,17.4,서초구,23.0,20.9,11,135.0,162.0,
1,서초래미안6차,127B㎡,서울시 서초구 서초동,1165010800,1520-9,서울시 서초구 반포대로21길 74,37.485789,127.007333,57,0,10,6,244,37,112,삼성물산(주)건설부문,HT001,127.27,106.32,84,4,2,6,계단식,1254600,2165130,250920,659610,0,0,0,,,,,,,,,,,,서울신중초등학교,B100000768,서울특별시 서초구 서초동 1466-6번지,공립,단설,19360601,서울특별시교육청,http://sinjung.sen.es.kr,20230531,21.0,22.5,455,378,20230531,4,57,5,6,6,6,7,6,130,124,135,138,166,,1,5,36,833,1,3,0,0,20230531,10,,0,0.0,20230531,직영,3385,931,831091000,37.4801795,127.0093516,1165010800,서울시,19.8,17.4,서초구,23.0,20.9,11,135.0,162.0,
2,서초래미안6차,127C㎡,서울시 서초구 서초동,1165010800,1520-9,서울시 서초구 반포대로21길 74,37.485789,127.007333,57,0,10,6,244,37,112,삼성물산(주)건설부문,HT001,127.27,106.32,84,4,2,1,계단식,1209600,2095380,241920,643860,0,0,0,,,,,,,,,,,,서울신중초등학교,B100000768,서울특별시 서초구 서초동 1466-6번지,공립,단설,19360601,서울특별시교육청,http://sinjung.sen.es.kr,20230531,21.0,22.5,455,378,20230531,4,57,5,6,6,6,7,6,130,124,135,138,166,,1,5,36,833,1,3,0,0,20230531,10,,0,0.0,20230531,직영,3385,931,831091000,37.4801795,127.0093516,1165010800,서울시,19.8,17.4,서초구,23.0,20.9,11,135.0,162.0,
3,서초래미안6차,128A㎡,서울시 서초구 서초동,1165010800,1520-9,서울시 서초구 반포대로21길 74,37.485789,127.007333,57,0,10,6,244,37,112,삼성물산(주)건설부문,HT001,128.76,108.49,84,4,2,2,계단식,1249200,2156760,249840,657720,0,0,0,,,,,,,,,,,,서울신중초등학교,B100000768,서울특별시 서초구 서초동 1466-6번지,공립,단설,19360601,서울특별시교육청,http://sinjung.sen.es.kr,20230531,21.0,22.5,455,378,20230531,4,57,5,6,6,6,7,6,130,124,135,138,166,,1,5,36,833,1,3,0,0,20230531,10,,0,0.0,20230531,직영,3385,931,831091000,37.4801795,127.0093516,1165010800,서울시,19.8,17.4,서초구,23.0,20.9,11,135.0,162.0,
4,서초래미안6차,132B㎡,서울시 서초구 서초동,1165010800,1520-9,서울시 서초구 반포대로21길 74,37.485789,127.007333,57,0,10,6,244,37,112,삼성물산(주)건설부문,HT001,132.76,111.39,84,4,2,6,계단식,1458000,2480400,291600,730800,181440,151200,30240,,,,,,,12억,,,,,서울신중초등학교,B100000768,서울특별시 서초구 서초동 1466-6번지,공립,단설,19360601,서울특별시교육청,http://sinjung.sen.es.kr,20230531,21.0,22.5,455,378,20230531,4,57,5,6,6,6,7,6,130,124,135,138,166,,1,5,36,833,1,3,0,0,20230531,10,,0,0.0,20230531,직영,3385,931,831091000,37.4801795,127.0093516,1165010800,서울시,19.8,17.4,서초구,23.0,20.9,11,135.0,162.0,
5,서초래미안6차,134A㎡,서울시 서초구 서초동,1165010800,1520-9,서울시 서초구 반포대로21길 74,37.485789,127.007333,57,0,10,6,244,37,112,삼성물산(주)건설부문,HT001,134.85,113.94,84,4,2,12,계단식,1501200,2547360,300240,745920,254016,211680,42336,,,,"19억 5,000","22억 5,000",,12억,,,,,서울신중초등학교,B100000768,서울특별시 서초구 서초동 1466-6번지,공립,단설,19360601,서울특별시교육청,http://sinjung.sen.es.kr,20230531,21.0,22.5,455,378,20230531,4,57,5,6,6,6,7,6,130,124,135,138,166,,1,5,36,833,1,3,0,0,20230531,10,,0,0.0,20230531,직영,3385,931,831091000,37.4801795,127.0093516,1165010800,서울시,19.8,17.4,서초구,23.0,20.9,11,135.0,162.0,
6,서초래미안6차,143㎡,서울시 서초구 서초동,1165010800,1520-9,서울시 서초구 반포대로21길 74,37.485789,127.007333,57,0,10,6,244,37,112,삼성물산(주)건설부문,HT001,143.26,119.97,84,4,2,7,계단식,1558800,2636640,311760,766080,350784,292320,58464,,,,,"19억 7,000",,,,,,,서울신중초등학교,B100000768,서울특별시 서초구 서초동 1466-6번지,공립,단설,19360601,서울특별시교육청,http://sinjung.sen.es.kr,20230531,21.0,22.5,455,378,20230531,4,57,5,6,6,6,7,6,130,124,135,138,166,,1,5,36,833,1,3,0,0,20230531,10,,0,0.0,20230531,직영,3385,931,831091000,37.4801795,127.0093516,1165010800,서울시,19.8,17.4,서초구,23.0,20.9,11,135.0,162.0,
7,서초래미안6차,154B㎡,서울시 서초구 서초동,1165010800,1520-9,서울시 서초구 반포대로21길 74,37.485789,127.007333,57,0,10,6,244,37,112,삼성물산(주)건설부문,HT001,154.98,130.13,84,4,2,1,계단식,1616400,2725920,323280,786240,447552,372960,74592,,,,,,,,,,,,서울신중초등학교,B100000768,서울특별시 서초구 서초동 1466-6번지,공립,단설,19360601,서울특별시교육청,http://sinjung.sen.es.kr,20230531,21.0,22.5,455,378,20230531,4,57,5,6,6,6,7,6,130,124,135,138,166,,1,5,36,833,1,3,0,0,20230531,10,,0,0.0,20230531,직영,3385,931,831091000,37.4801795,127.0093516,1165010800,서울시,19.8,17.4,서초구,23.0,20.9,11,135.0,162.0,
8,서초래미안6차,155A㎡,서울시 서초구 서초동,1165010800,1520-9,서울시 서초구 반포대로21길 74,37.485789,127.007333,57,0,10,6,244,37,112,삼성물산(주)건설부문,HT001,155.05,130.13,84,4,2,8,계단식,1665000,2801250,333000,803250,529200,441000,88200,,,,,,,,,,,,서울신중초등학교,B100000768,서울특별시 서초구 서초동 1466-6번지,공립,단설,19360601,서울특별시교육청,http://sinjung.sen.es.kr,20230531,21.0,22.5,455,378,20230531,4,57,5,6,6,6,7,6,130,124,135,138,166,,1,5,36,833,1,3,0,0,20230531,10,,0,0.0,20230531,직영,3385,931,831091000,37.4801795,127.0093516,1165010800,서울시,19.8,17.4,서초구,23.0,20.9,11,135.0,162.0,
9,서초래미안6차,162㎡,서울시 서초구 서초동,1165010800,1520-9,서울시 서초구 반포대로21길 74,37.485789,127.007333,57,0,10,6,244,37,112,삼성물산(주)건설부문,HT001,162.95,138.41,85,4,2,10,계단식,1810800,3027240,362160,854280,774144,645120,129024,,,,22억,23억,,13억,,,,,서울신중초등학교,B100000768,서울특별시 서초구 서초동 1466-6번지,공립,단설,19360601,서울특별시교육청,http://sinjung.sen.es.kr,20230531,21.0,22.5,455,378,20230531,4,57,5,6,6,6,7,6,130,124,135,138,166,,1,5,36,833,1,3,0,0,20230531,10,,0,0.0,20230531,직영,3385,931,831091000,37.4801795,127.0093516,1165010800,서울시,19.8,17.4,서초구,23.0,20.9,11,135.0,162.0,
10,서초래미안6차,201㎡,서울시 서초구 서초동,1165010800,1520-9,서울시 서초구 반포대로21길 74,37.485789,127.007333,57,0,10,6,244,37,112,삼성물산(주)건설부문,HT001,201.49,169.41,84,4,4,2,계단식,1884600,3141630,376920,880110,898128,748440,149688,,,,,"25억 5,000",,,,,,,서울신중초등학교,B100000768,서울특별시 서초구 서초동 1466-6번지,공립,단설,19360601,서울특별시교육청,http://sinjung.sen.es.kr,20230531,21.0,22.5,455,378,20230531,4,57,5,6,6,6,7,6,130,124,135,138,166,,1,5,36,833,1,3,0,0,20230531,10,,0,0.0,20230531,직영,3385,931,831091000,37.4801795,127.0093516,1165010800,서울시,19.8,17.4,서초구,23.0,20.9,11,135.0,162.0,
11,서초래미안6차,207,서울시 서초구 서초동,1165010800,1520-9,서울시 서초구 반포대로21길 74,37.485789,127.007333,57,0,10,6,244,37,112,삼성물산(주)건설부문,HT001,207.45,172.87,83,4,4,1,계단식,1918800,3194640,383760,892080,955584,796320,159264,,,,,,,,,,,,서울신중초등학교,B100000768,서울특별시 서초구 서초동 1466-6번지,공립,단설,19360601,서울특별시교육청,http://sinjung.sen.es.kr,20230531,21.0,22.5,455,378,20230531,4,57,5,6,6,6,7,6,130,124,135,138,166,,1,5,36,833,1,3,0,0,20230531,10,,0,0.0,20230531,직영,3385,931,831091000,37.4801795,127.0093516,1165010800,서울시,19.8,17.4,서초구,23.0,20.9,11,135.0,162.0,
0,서초래미안7차,119㎡,서울시 서초구 서초동,1165010800,1642-34,서울시 서초구 사임당로17길 80,37.492224,127.018296,79,0,12,9,245,28,171,삼성물산(주)건설부문,HT001,119.38,100.8,84,3,2,1,계단식,1544400,2614320,308880,761040,326592,272160,54432,,,,,,,,,,,,서울서초초등학교,B100000764,서울특별시 서초구 서초동 1310-6,공립,단설,19801004,서울특별시교육청,http://seocho.sen.es.kr,20230531,25.3,27.8,531,496,20230531,7,52,5,6,6,6,6,7,144,164,172,173,172,,1,5,36,1027,1,2,0,0,20230531,15,,0,0.0,20230531,직영,3385,1084,1057499000,37.49924318,127.02411499,1165010800,서울시,19.8,17.4,서초구,23.0,20.9,18,197.0,166.0,
1,서초래미안7차,130㎡,서울시 서초구 서초동,1165010800,1642-34,서울시 서초구 사임당로17길 80,37.492224,127.018296,79,0,12,9,245,28,171,삼성물산(주)건설부문,HT001,130.6,110.68,85,3,2,23,계단식,1866600,3113730,373320,873810,867888,723240,144648,,,,,"17억 4,000",,,,,,,서울서초초등학교,B100000764,서울특별시 서초구 서초동 1310-6,공립,단설,19801004,서울특별시교육청,http://seocho.sen.es.kr,20230531,25.3,27.8,531,496,20230531,7,52,5,6,6,6,6,7,144,164,172,173,172,,1,5,36,1027,1,2,0,0,20230531,15,,0,0.0,20230531,직영,3385,1084,1057499000,37.49924318,127.02411499,1165010800,서울시,19.8,17.4,서초구,23.0,20.9,18,197.0,166.0,
2,서초래미안7차,162A㎡,서울시 서초구 서초동,1165010800,1642-34,서울시 서초구 사임당로17길 80,37.492224,127.018296,79,0,12,9,245,28,171,삼성물산(주)건설부문,HT001,162.19,138.36,85,4,2,2,계단식,2215800,3654990,443160,996030,1454544,1212120,242424,,,,,,,,,,,,서울서초초등학교,B100000764,서울특별시 서초구 서초동 1310-6,공립,단설,19801004,서울특별시교육청,http://seocho.sen.es.kr,20230531,25.3,27.8,531,496,20230531,7,52,5,6,6,6,6,7,144,164,172,173,172,,1,5,36,1027,1,2,0,0,20230531,15,,0,0.0,20230531,직영,3385,1084,1057499000,37.49924318,127.02411499,1165010800,서울시,19.8,17.4,서초구,23.0,20.9,18,197.0,166.0,
3,서초래미안7차,162B㎡,서울시 서초구 서초동,1165010800,1642-34,서울시 서초구 사임당로17길 80,37.492224,127.018296,79,0,12,9,245,28,171,삼성물산(주)건설부문,HT001,162.44,138.57,85,4,2,2,계단식,2215800,3654990,443160,996030,1454544,1212120,242424,,,,,,,,,,,,서울서초초등학교,B100000764,서울특별시 서초구 서초동 1310-6,공립,단설,19801004,서울특별시교육청,http://seocho.sen.es.kr,20230531,25.3,27.8,531,496,20230531,7,52,5,6,6,6,6,7,144,164,172,173,172,,1,5,36,1027,1,2,0,0,20230531,15,,0,0.0,20230531,직영,3385,1084,1057499000,37.49924318,127.02411499,1165010800,서울시,19.8,17.4,서초구,23.0,20.9,18,197.0,166.0,
4,서초래미안7차,173㎡,서울시 서초구 서초동,1165010800,1642-34,서울시 서초구 사임당로17길 80,37.492224,127.018296,79,0,12,9,245,28,171,삼성물산(주)건설부문,HT001,173.19,148.08,86,4,2,47,계단식,2392200,3928410,478440,1057770,1864656,1553880,310776,,,,,23억,,,,,,,서울서초초등학교,B100000764,서울특별시 서초구 서초동 1310-6,공립,단설,19801004,서울특별시교육청,http://seocho.sen.es.kr,20230531,25.3,27.8,531,496,20230531,7,52,5,6,6,6,6,7,144,164,172,173,172,,1,5,36,1027,1,2,0,0,20230531,15,,0,0.0,20230531,직영,3385,1084,1057499000,37.49924318,127.02411499,1165010800,서울시,19.8,17.4,서초구,23.0,20.9,18,197.0,166.0,
5,서초래미안7차,219,서울시 서초구 서초동,1165010800,1642-34,서울시 서초구 사임당로17길 80,37.492224,127.018296,79,0,12,9,245,28,171,삼성물산(주)건설부문,HT001,219.48,184.94,84,5,3,4,계단식,2615400,4274370,523080,1135890,2418192,2015160,403032,,,,,,,,,,,,서울서초초등학교,B100000764,서울특별시 서초구 서초동 1310-6,공립,단설,19801004,서울특별시교육청,http://seocho.sen.es.kr,20230531,25.3,27.8,531,496,20230531,7,52,5,6,6,6,6,7,144,164,172,173,172,,1,5,36,1027,1,2,0,0,20230531,15,,0,0.0,20230531,직영,3385,1084,1057499000,37.49924318,127.02411499,1165010800,서울시,19.8,17.4,서초구,23.0,20.9,18,197.0,166.0,
0,서초레몬(주상복합),38A㎡,서울시 서초구 서초동,1165010800,1600-11,서울시 서초구 서초중앙로 45,37.485881,127.015156,24,0,15,15,0,0,47,우정건설,HT001,38.26,30.24,79,2,1,4,계단식,69450,222570,13890,139230,0,0,0,,,,,,,,,100/35,,100/35,서울신중초등학교,B100000768,서울특별시 서초구 서초동 1466-6번지,공립,단설,19360601,서울특별시교육청,http://sinjung.sen.es.kr,20230531,21.0,22.5,455,378,20230531,4,57,5,6,6,6,7,6,130,124,135,138,166,,1,5,36,833,1,3,0,0,20230531,10,,0,0.0,20230531,직영,3385,931,831091000,37.4801795,127.0093516,1165010800,서울시,19.8,17.4,서초구,23.0,20.9,17,135.0,162.0,
1,서초레몬(주상복합),48B㎡,서울시 서초구 서초동,1165010800,1600-11,서울시 서초구 서초중앙로 45,37.485881,127.015156,24,0,15,15,0,0,47,우정건설,HT001,48.48,38.31,79,2,1,4,계단식,89700,275220,17940,167580,0,0,0,,,,,,,,,,,,서울신중초등학교,B100000768,서울특별시 서초구 서초동 1466-6번지,공립,단설,19360601,서울특별시교육청,http://sinjung.sen.es.kr,20230531,21.0,22.5,455,378,20230531,4,57,5,6,6,6,7,6,130,124,135,138,166,,1,5,36,833,1,3,0,0,20230531,10,,0,0.0,20230531,직영,3385,931,831091000,37.4801795,127.0093516,1165010800,서울시,19.8,17.4,서초구,23.0,20.9,17,135.0,162.0,
2,서초레몬(주상복합),56C㎡,서울시 서초구 서초동,1165010800,1600-11,서울시 서초구 서초중앙로 45,37.485881,127.015156,24,0,15,15,0,0,47,우정건설,HT001,56.88,44.95,79,2,1,4,계단식,110850,330210,22170,197190,0,0,0,,,,,,,,,,,,서울신중초등학교,B100000768,서울특별시 서초구 서초동 1466-6번지,공립,단설,19360601,서울특별시교육청,http://sinjung.sen.es.kr,20230531,21.0,22.5,455,378,20230531,4,57,5,6,6,6,7,6,130,124,135,138,166,,1,5,36,833,1,3,0,0,20230531,10,,0,0.0,20230531,직영,3385,931,831091000,37.4801795,127.0093516,1165010800,서울시,19.8,17.4,서초구,23.0,20.9,17,135.0,162.0,
3,서초레몬(주상복합),62D㎡,서울시 서초구 서초동,1165010800,1600-11,서울시 서초구 서초중앙로 45,37.485881,127.015156,24,0,15,15,0,0,47,우정건설,HT001,62.57,49.44,79,2,1,4,계단식,123300,360270,24660,212310,0,0,0,,,,,,,,,,,,서울신중초등학교,B100000768,서울특별시 서초구 서초동 1466-6번지,공립,단설,19360601,서울특별시교육청,http://sinjung.sen.es.kr,20230531,21.0,22.5,455,378,20230531,4,57,5,6,6,6,7,6,130,124,135,138,166,,1,5,36,833,1,3,0,0,20230531,10,,0,0.0,20230531,직영,3385,931,831091000,37.4801795,127.0093516,1165010800,서울시,19.8,17.4,서초구,23.0,20.9,17,135.0,162.0,
4,서초레몬(주상복합),69E,서울시 서초구 서초동,1165010800,1600-11,서울시 서초구 서초중앙로 45,37.485881,127.015156,24,0,15,15,0,0,47,우정건설,HT001,69.24,54.7,79,3,1,8,계단식,142200,396180,28440,225540,0,0,0,,,,,,,,,"5,000/185",,"5,000/185",서울신중초등학교,B100000768,서울특별시 서초구 서초동 1466-6번지,공립,단설,19360601,서울특별시교육청,http://sinjung.sen.es.kr,20230531,21.0,22.5,455,378,20230531,4,57,5,6,6,6,7,6,130,124,135,138,166,,1,5,36,833,1,3,0,0,20230531,10,,0,0.0,20230531,직영,3385,931,831091000,37.4801795,127.0093516,1165010800,서울시,19.8,17.4,서초구,23.0,20.9,17,135.0,162.0,
0,서초로얄,75A㎡,서울시 서초구 서초동,1165010800,1627-3,서울시 서초구 사임당로14길 10,37.48864,127.01725,40,0,12,12,316,35,44,수산건설,HT001,75.35,59.34,79,3,1,7,계단식,260100,620190,52020,308070,0,0,0,,,,,"8억 9,000",,,,,,,서울서일초등학교,B100000763,서울특별시 서초구 서초동 1436-8번지,공립,단설,19861016,서울특별시교육청,http://seoulseoil.sen.es.kr,20230531,20.3,20.8,266,232,20230531,4,33,3,4,4,4,4,4,72,79,88,78,93,,1,5,23,498,1,4,0,0,20230531,6,,0,0.0,20230531,직영,3377,558,615924000,37.48478772,127.02260429,1165010800,서울시,19.8,17.4,서초구,23.0,20.9,11,83.0,87.0,
1,서초로얄,75B㎡,서울시 서초구 서초동,1165010800,1627-3,서울시 서초구 사임당로14길 10,37.48864,127.01725,40,0,12,12,316,35,44,수산건설,HT001,75.77,59.66,79,3,1,7,계단식,253800,608220,50760,303660,0,0,0,,,,,,,,,,,,서울서일초등학교,B100000763,서울특별시 서초구 서초동 1436-8번지,공립,단설,19861016,서울특별시교육청,http://seoulseoil.sen.es.kr,20230531,20.3,20.8,266,232,20230531,4,33,3,4,4,4,4,4,72,79,88,78,93,,1,5,23,498,1,4,0,0,20230531,6,,0,0.0,20230531,직영,3377,558,615924000,37.48478772,127.02260429,1165010800,서울시,19.8,17.4,서초구,23.0,20.9,11,83.0,87.0,
2,서초로얄,94㎡,서울시 서초구 서초동,1165010800,1627-3,서울시 서초구 사임당로14길 10,37.48864,127.01725,40,0,12,12,316,35,44,수산건설,HT001,94.77,74.63,79,3,1,1,계단식,354600,799740,70920,374220,0,0,0,,,,,,,,,,,,서울서일초등학교,B100000763,서울특별시 서초구 서초동 1436-8번지,공립,단설,19861016,서울특별시교육청,http://seoulseoil.sen.es.kr,20230531,20.3,20.8,266,232,20230531,4,33,3,4,4,4,4,4,72,79,88,78,93,,1,5,23,498,1,4,0,0,20230531,6,,0,0.0,20230531,직영,3377,558,615924000,37.48478772,127.02260429,1165010800,서울시,19.8,17.4,서초구,23.0,20.9,11,83.0,87.0,
3,서초로얄,103㎡,서울시 서초구 서초동,1165010800,1627-3,서울시 서초구 사임당로14길 10,37.48864,127.01725,40,0,12,12,316,35,44,수산건설,HT001,103.65,81.61,79,3,2,1,계단식,505575,1060920,101115,454230,0,0,0,,,,,,,,,,,,서울서일초등학교,B100000763,서울특별시 서초구 서초동 1436-8번지,공립,단설,19861016,서울특별시교육청,http://seoulseoil.sen.es.kr,20230531,20.3,20.8,266,232,20230531,4,33,3,4,4,4,4,4,72,79,88,78,93,,1,5,23,498,1,4,0,0,20230531,6,,0,0.0,20230531,직영,3377,558,615924000,37.48478772,127.02260429,1165010800,서울시,19.8,17.4,서초구,23.0,20.9,11,83.0,87.0,
4,서초로얄,107㎡,서울시 서초구 서초동,1165010800,1627-3,서울시 서초구 사임당로14길 10,37.48864,127.01725,40,0,12,12,316,35,44,수산건설,HT001,107.74,84.83,79,3,2,21,계단식,415800,916020,83160,417060,0,0,0,,,,,"14억 9,000",,,,,,,서울서일초등학교,B100000763,서울특별시 서초구 서초동 1436-8번지,공립,단설,19861016,서울특별시교육청,http://seoulseoil.sen.es.kr,20230531,20.3,20.8,266,232,20230531,4,33,3,4,4,4,4,4,72,79,88,78,93,,1,5,23,498,1,4,0,0,20230531,6,,0,0.0,20230531,직영,3377,558,615924000,37.48478772,127.02260429,1165010800,서울시,19.8,17.4,서초구,23.0,20.9,11,83.0,87.0,
5,서초로얄,143㎡,서울시 서초구 서초동,1165010800,1627-3,서울시 서초구 사임당로14길 10,37.48864,127.01725,40,0,12,12,316,35,44,수산건설,HT001,143.66,113.11,79,4,2,2,계단식,450450,972720,90090,432180,0,0,0,,,,"16억 7,000",17억,,,,,,,서울서일초등학교,B100000763,서울특별시 서초구 서초동 1436-8번지,공립,단설,19861016,서울특별시교육청,http://seoulseoil.sen.es.kr,20230531,20.3,20.8,266,232,20230531,4,33,3,4,4,4,4,4,72,79,88,78,93,,1,5,23,498,1,4,0,0,20230531,6,,0,0.0,20230531,직영,3377,558,615924000,37.48478772,127.02260429,1165010800,서울시,19.8,17.4,서초구,23.0,20.9,11,83.0,87.0,
6,서초로얄,182,서울시 서초구 서초동,1165010800,1627-3,서울시 서초구 사임당로14길 10,37.48864,127.01725,40,0,12,12,316,35,44,수산건설,HT001,182.78,143.92,79,4,2,1,계단식,645750,1285200,129150,510300,0,0,0,,,,,,,,,,,,서울서일초등학교,B100000763,서울특별시 서초구 서초동 1436-8번지,공립,단설,19861016,서울특별시교육청,http://seoulseoil.sen.es.kr,20230531,20.3,20.8,266,232,20230531,4,33,3,4,4,4,4,4,72,79,88,78,93,,1,5,23,498,1,4,0,0,20230531,6,,0,0.0,20230531,직영,3377,558,615924000,37.48478772,127.02260429,1165010800,서울시,19.8,17.4,서초구,23.0,20.9,11,83.0,87.0,
0,서초로얄스위트,154B㎡,서울시 서초구 서초동,1165010800,1492-4,서울시 서초구 명달로15길 5,37.484775,127.003603,17,0,7,6,249,44,35,이수건설(주),HT001,154.6,139.54,90,4,2,4,계단식,1423800,2427390,284760,718830,123984,103320,20664,,,,,,,,,,,,서울신중초등학교,B100000768,서울특별시 서초구 서초동 1466-6번지,공립,단설,19360601,서울특별시교육청,http://sinjung.sen.es.kr,20230531,21.0,22.5,455,378,20230531,4,57,5,6,6,6,7,6,130,124,135,138,166,,1,5,36,833,1,3,0,0,20230531,10,,0,0.0,20230531,직영,3385,931,831091000,37.4801795,127.0093516,1165010800,서울시,19.8,17.4,서초구,23.0,20.9,15,135.0,162.0,
1,서초로얄스위트,154A㎡,서울시 서초구 서초동,1165010800,1492-4,서울시 서초구 명달로15길 5,37.484775,127.003603,17,0,7,6,249,44,35,이수건설(주),HT001,154.05,139.1,90,4,2,1,계단식,1211400,2098170,242280,644490,0,0,0,,,,,,,,,,,,서울신중초등학교,B100000768,서울특별시 서초구 서초동 1466-6번지,공립,단설,19360601,서울특별시교육청,http://sinjung.sen.es.kr,20230531,21.0,22.5,455,378,20230531,4,57,5,6,6,6,7,6,130,124,135,138,166,,1,5,36,833,1,3,0,0,20230531,10,,0,0.0,20230531,직영,3385,931,831091000,37.4801795,127.0093516,1165010800,서울시,19.8,17.4,서초구,23.0,20.9,15,135.0,162.0,
2,서초로얄스위트,167㎡,서울시 서초구 서초동,1165010800,1492-4,서울시 서초구 명달로15길 5,37.484775,127.003603,17,0,7,6,249,44,35,이수건설(주),HT001,167.41,151.1,90,4,2,9,계단식,1638000,2759400,327600,793800,483840,403200,80640,,,,,"21억 5,000",,,,,,,서울신중초등학교,B100000768,서울특별시 서초구 서초동 1466-6번지,공립,단설,19360601,서울특별시교육청,http://sinjung.sen.es.kr,20230531,21.0,22.5,455,378,20230531,4,57,5,6,6,6,7,6,130,124,135,138,166,,1,5,36,833,1,3,0,0,20230531,10,,0,0.0,20230531,직영,3385,931,831091000,37.4801795,127.0093516,1165010800,서울시,19.8,17.4,서초구,23.0,20.9,15,135.0,162.0,
3,서초로얄스위트,209B㎡,서울시 서초구 서초동,1165010800,1492-4,서울시 서초구 명달로15길 5,37.484775,127.003603,17,0,7,6,249,44,35,이수건설(주),HT001,209.85,189.41,90,5,3,2,계단식,2354400,3869820,470880,1044540,1770912,1475760,295152,,,,,,,,,,,,서울신중초등학교,B100000768,서울특별시 서초구 서초동 1466-6번지,공립,단설,19360601,서울특별시교육청,http://sinjung.sen.es.kr,20230531,21.0,22.5,455,378,20230531,4,57,5,6,6,6,7,6,130,124,135,138,166,,1,5,36,833,1,3,0,0,20230531,10,,0,0.0,20230531,직영,3385,931,831091000,37.4801795,127.0093516,1165010800,서울시,19.8,17.4,서초구,23.0,20.9,15,135.0,162.0,
4,서초로얄스위트,209A,서울시 서초구 서초동,1165010800,1492-4,서울시 서초구 명달로15길 5,37.484775,127.003603,17,0,7,6,249,44,35,이수건설(주),HT001,209.18,188.81,90,5,3,1,계단식,2354400,3869820,470880,1044540,1770912,1475760,295152,,,,,,,,,,,,서울신중초등학교,B100000768,서울특별시 서초구 서초동 1466-6번지,공립,단설,19360601,서울특별시교육청,http://sinjung.sen.es.kr,20230531,21.0,22.5,455,378,20230531,4,57,5,6,6,6,7,6,130,124,135,138,166,,1,5,36,833,1,3,0,0,20230531,10,,0,0.0,20230531,직영,3385,931,831091000,37.4801795,127.0093516,1165010800,서울시,19.8,17.4,서초구,23.0,20.9,15,135.0,162.0,
0,서초로즈힐,98㎡,서울시 서초구 서초동,1165010800,1527-10,서울시 서초구 효령로45길 15,37.484411,127.008572,14,0,7,7,242,40,23,오근종합건설주식회사,HT001,98.61,90.18,91,3,2,2,계단식,315000,724500,63000,346500,0,0,0,,,,,,,,,,,,서울신중초등학교,B100000768,서울특별시 서초구 서초동 1466-6번지,공립,단설,19360601,서울특별시교육청,http://sinjung.sen.es.kr,20230531,21.0,22.5,455,378,20230531,4,57,5,6,6,6,7,6,130,124,135,138,166,,1,5,36,833,1,3,0,0,20230531,10,,0,0.0,20230531,직영,3385,931,831091000,37.4801795,127.0093516,1165010800,서울시,19.8,17.4,서초구,23.0,20.9,8,135.0,162.0,
1,서초로즈힐,117㎡,서울시 서초구 서초동,1165010800,1527-10,서울시 서초구 효령로45길 15,37.484411,127.008572,14,0,7,7,242,40,23,오근종합건설주식회사,HT001,117.83,107.75,91,3,2,1,계단식,378900,845910,75780,391230,0,0,0,,,,,,,,,,,,서울신중초등학교,B100000768,서울특별시 서초구 서초동 1466-6번지,공립,단설,19360601,서울특별시교육청,http://sinjung.sen.es.kr,20230531,21.0,22.5,455,378,20230531,4,57,5,6,6,6,7,6,130,124,135,138,166,,1,5,36,833,1,3,0,0,20230531,10,,0,0.0,20230531,직영,3385,931,831091000,37.4801795,127.0093516,1165010800,서울시,19.8,17.4,서초구,23.0,20.9,8,135.0,162.0,
2,서초로즈힐,122㎡,서울시 서초구 서초동,1165010800,1527-10,서울시 서초구 효령로45길 15,37.484411,127.008572,14,0,7,7,242,40,23,오근종합건설주식회사,HT001,122.16,111.71,91,3,2,1,계단식,431550,942480,86310,424620,0,0,0,,,,,,,,,,,,서울신중초등학교,B100000768,서울특별시 서초구 서초동 1466-6번지,공립,단설,19360601,서울특별시교육청,http://sinjung.sen.es.kr,20230531,21.0,22.5,455,378,20230531,4,57,5,6,6,6,7,6,130,124,135,138,166,,1,5,36,833,1,3,0,0,20230531,10,,0,0.0,20230531,직영,3385,931,831091000,37.4801795,127.0093516,1165010800,서울시,19.8,17.4,서초구,23.0,20.9,8,135.0,162.0,
3,서초로즈힐,127㎡,서울시 서초구 서초동,1165010800,1527-10,서울시 서초구 효령로45길 15,37.484411,127.008572,14,0,7,7,242,40,23,오근종합건설주식회사,HT001,127.08,116.21,91,4,2,5,계단식,570150,1164240,114030,480060,0,0,0,,,,,15억,,,,,,,서울신중초등학교,B100000768,서울특별시 서초구 서초동 1466-6번지,공립,단설,19360601,서울특별시교육청,http://sinjung.sen.es.kr,20230531,21.0,22.5,455,378,20230531,4,57,5,6,6,6,7,6,130,124,135,138,166,,1,5,36,833,1,3,0,0,20230531,10,,0,0.0,20230531,직영,3385,931,831091000,37.4801795,127.0093516,1165010800,서울시,19.8,17.4,서초구,23.0,20.9,8,135.0,162.0,
4,서초로즈힐,149㎡,서울시 서초구 서초동,1165010800,1527-10,서울시 서초구 효령로45길 15,37.484411,127.008572,14,0,7,7,242,40,23,오근종합건설주식회사,HT001,149.25,136.49,91,4,2,1,계단식,715050,1396080,143010,538020,0,0,0,,,,,,,,,,,,서울신중초등학교,B100000768,서울특별시 서초구 서초동 1466-6번지,공립,단설,19360601,서울특별시교육청,http://sinjung.sen.es.kr,20230531,21.0,22.5,455,378,20230531,4,57,5,6,6,6,7,6,130,124,135,138,166,,1,5,36,833,1,3,0,0,20230531,10,,0,0.0,20230531,직영,3385,931,831091000,37.4801795,127.0093516,1165010800,서울시,19.8,17.4,서초구,23.0,20.9,8,135.0,162.0,
5,서초로즈힐,167,서울시 서초구 서초동,1165010800,1527-10,서울시 서초구 효령로45길 15,37.484411,127.008572,14,0,7,7,242,40,23,오근종합건설주식회사,HT001,167.71,153.36,91,4,2,4,계단식,1076400,1888920,215280,597240,0,0,0,,,,,,,,,,,,서울신중초등학교,B100000768,서울특별시 서초구 서초동 1466-6번지,공립,단설,19360601,서울특별시교육청,http://sinjung.sen.es.kr,20230531,21.0,22.5,455,378,20230531,4,57,5,6,6,6,7,6,130,124,135,138,166,,1,5,36,833,1,3,0,0,20230531,10,,0,0.0,20230531,직영,3385,931,831091000,37.4801795,127.0093516,1165010800,서울시,19.8,17.4,서초구,23.0,20.9,8,135.0,162.0,
0,서초롯데캐슬84,121㎡,서울시 서초구 서초동,1165010800,1642-14,서울시 서초구 사임당로17길 90,37.49273,127.01833,84,0,16,11,463,25,267,롯데건설(주),HT001,121.48,101.26,83,3,2,1,계단식,320400,734760,64080,350280,0,0,0,,,,,,,,,,,,서울서초초등학교,B100000764,서울특별시 서초구 서초동 1310-6,공립,단설,19801004,서울특별시교육청,http://seocho.sen.es.kr,20230531,25.3,27.8,531,496,20230531,7,52,5,6,6,6,6,7,144,164,172,173,172,,1,5,36,1027,1,2,0,0,20230531,15,,0,0.0,20230531,직영,3385,1084,1057499000,37.49924318,127.02411499,1165010800,서울시,19.8,17.4,서초구,23.0,20.9,17,197.0,166.0,
1,서초롯데캐슬84,184㎡,서울시 서초구 서초동,1165010800,1642-14,서울시 서초구 사임당로17길 90,37.49273,127.01833,84,0,16,11,463,25,267,롯데건설(주),HT001,184.96,154.02,83,4,2,2,계단식,1438200,2449710,287640,723870,148176,123480,24696,,,,,,,,,,,,서울서초초등학교,B100000764,서울특별시 서초구 서초동 1310-6,공립,단설,19801004,서울특별시교육청,http://seocho.sen.es.kr,20230531,25.3,27.8,531,496,20230531,7,52,5,6,6,6,6,7,144,164,172,173,172,,1,5,36,1027,1,2,0,0,20230531,15,,0,0.0,20230531,직영,3385,1084,1057499000,37.49924318,127.02411499,1165010800,서울시,19.8,17.4,서초구,23.0,20.9,17,197.0,166.0,
2,서초롯데캐슬84,211㎡,서울시 서초구 서초동,1165010800,1642-14,서울시 서초구 사임당로17길 90,37.49273,127.01833,84,0,16,11,463,25,267,롯데건설(주),HT001,211.39,176.34,83,4,2,1,계단식,1512000,2564100,302400,749700,272160,226800,45360,,,,,,,,,,,,서울서초초등학교,B100000764,서울특별시 서초구 서초동 1310-6,공립,단설,19801004,서울특별시교육청,http://seocho.sen.es.kr,20230531,25.3,27.8,531,496,20230531,7,52,5,6,6,6,6,7,144,164,172,173,172,,1,5,36,1027,1,2,0,0,20230531,15,,0,0.0,20230531,직영,3385,1084,1057499000,37.49924318,127.02411499,1165010800,서울시,19.8,17.4,서초구,23.0,20.9,17,197.0,166.0,
3,서초롯데캐슬84,211㎡,서울시 서초구 서초동,1165010800,1642-14,서울시 서초구 사임당로17길 90,37.49273,127.01833,84,0,16,11,463,25,267,롯데건설(주),HT001,211.84,176.72,83,4,2,1,계단식,1512000,2564100,302400,749700,272160,226800,45360,,,,,,,,,,,,서울서초초등학교,B100000764,서울특별시 서초구 서초동 1310-6,공립,단설,19801004,서울특별시교육청,http://seocho.sen.es.kr,20230531,25.3,27.8,531,496,20230531,7,52,5,6,6,6,6,7,144,164,172,173,172,,1,5,36,1027,1,2,0,0,20230531,15,,0,0.0,20230531,직영,3385,1084,1057499000,37.49924318,127.02411499,1165010800,서울시,19.8,17.4,서초구,23.0,20.9,17,197.0,166.0,
4,서초롯데캐슬84,249,서울시 서초구 서초동,1165010800,1642-14,서울시 서초구 사임당로17길 90,37.49273,127.01833,84,0,16,11,463,25,267,롯데건설(주),HT001,249.8,208.63,84,5,3,79,계단식,2683800,4380390,536760,1159830,2587824,2156520,431304,,,,35억,40억,,20억,,,,,서울서초초등학교,B100000764,서울특별시 서초구 서초동 1310-6,공립,단설,19801004,서울특별시교육청,http://seocho.sen.es.kr,20230531,25.3,27.8,531,496,20230531,7,52,5,6,6,6,6,7,144,164,172,173,172,,1,5,36,1027,1,2,0,0,20230531,15,,0,0.0,20230531,직영,3385,1084,1057499000,37.49924318,127.02411499,1165010800,서울시,19.8,17.4,서초구,23.0,20.9,17,197.0,166.0,
0,서초롯데캐슬리버티,81㎡,서울시 서초구 서초동,1165010800,1620-20,서울시 서초구 사임당로10길 39,37.48748,127.01673,132,0,12,7,238,34,230,롯데건설주식회사,HT001,81.94,62.85,77,3,2,2,계단식,762300,1471680,152460,556920,0,0,0,,,,,,,,,,,,서울서일초등학교,B100000763,서울특별시 서초구 서초동 1436-8번지,공립,단설,19861016,서울특별시교육청,http://seoulseoil.sen.es.kr,20230531,20.3,20.8,266,232,20230531,4,33,3,4,4,4,4,4,72,79,88,78,93,,1,5,23,498,1,4,0,0,20230531,6,,0,0.0,20230531,직영,3377,558,615924000,37.48478772,127.02260429,1165010800,서울시,19.8,17.4,서초구,23.0,20.9,11,83.0,87.0,
1,서초롯데캐슬리버티,96㎡,서울시 서초구 서초동,1165010800,1620-20,서울시 서초구 사임당로10길 39,37.48748,127.01673,132,0,12,7,238,34,230,롯데건설주식회사,HT001,96.5,78.45,81,3,2,1,계단식,1209600,2095380,241920,643860,0,0,0,,,,,,,,,,,,서울서일초등학교,B100000763,서울특별시 서초구 서초동 1436-8번지,공립,단설,19861016,서울특별시교육청,http://seoulseoil.sen.es.kr,20230531,20.3,20.8,266,232,20230531,4,33,3,4,4,4,4,4,72,79,88,78,93,,1,5,23,498,1,4,0,0,20230531,6,,0,0.0,20230531,직영,3377,558,615924000,37.48478772,127.02260429,1165010800,서울시,19.8,17.4,서초구,23.0,20.9,11,83.0,87.0,
2,서초롯데캐슬리버티,106㎡,서울시 서초구 서초동,1165010800,1620-20,서울시 서초구 사임당로10길 39,37.48748,127.01673,132,0,12,7,238,34,230,롯데건설주식회사,HT001,106.8,84.99,80,3,2,27,계단식,1603800,2706390,320760,781830,426384,355320,71064,,,,18억,"18억 5,000",,8억,,,,,서울서일초등학교,B100000763,서울특별시 서초구 서초동 1436-8번지,공립,단설,19861016,서울특별시교육청,http://seoulseoil.sen.es.kr,20230531,20.3,20.8,266,232,20230531,4,33,3,4,4,4,4,4,72,79,88,78,93,,1,5,23,498,1,4,0,0,20230531,6,,0,0.0,20230531,직영,3377,558,615924000,37.48478772,127.02260429,1165010800,서울시,19.8,17.4,서초구,23.0,20.9,11,83.0,87.0,
3,서초롯데캐슬리버티,131㎡,서울시 서초구 서초동,1165010800,1620-20,서울시 서초구 사임당로10길 39,37.48748,127.01673,132,0,12,7,238,34,230,롯데건설주식회사,HT001,131.09,109.29,83,4,2,1,계단식,1625400,2739870,325080,789390,462672,385560,77112,,,,,,,,,,,,서울서일초등학교,B100000763,서울특별시 서초구 서초동 1436-8번지,공립,단설,19861016,서울특별시교육청,http://seoulseoil.sen.es.kr,20230531,20.3,20.8,266,232,20230531,4,33,3,4,4,4,4,4,72,79,88,78,93,,1,5,23,498,1,4,0,0,20230531,6,,0,0.0,20230531,직영,3377,558,615924000,37.48478772,127.02260429,1165010800,서울시,19.8,17.4,서초구,23.0,20.9,11,83.0,87.0,
4,서초롯데캐슬리버티,142A㎡,서울시 서초구 서초동,1165010800,1620-20,서울시 서초구 사임당로10길 39,37.48748,127.01673,132,0,12,7,238,34,230,롯데건설주식회사,HT001,142.62,116.72,82,4,2,1,계단식,1692000,2843100,338400,812700,574560,478800,95760,,,,,,,,,,,,서울서일초등학교,B100000763,서울특별시 서초구 서초동 1436-8번지,공립,단설,19861016,서울특별시교육청,http://seoulseoil.sen.es.kr,20230531,20.3,20.8,266,232,20230531,4,33,3,4,4,4,4,4,72,79,88,78,93,,1,5,23,498,1,4,0,0,20230531,6,,0,0.0,20230531,직영,3377,558,615924000,37.48478772,127.02260429,1165010800,서울시,19.8,17.4,서초구,23.0,20.9,11,83.0,87.0,
5,서초롯데캐슬리버티,143B㎡,서울시 서초구 서초동,1165010800,1620-20,서울시 서초구 사임당로10길 39,37.48748,127.01673,132,0,12,7,238,34,230,롯데건설주식회사,HT001,143.28,117.87,82,4,2,3,계단식,1692000,2843100,338400,812700,574560,478800,95760,,,,,,,,,,,,서울서일초등학교,B100000763,서울특별시 서초구 서초동 1436-8번지,공립,단설,19861016,서울특별시교육청,http://seoulseoil.sen.es.kr,20230531,20.3,20.8,266,232,20230531,4,33,3,4,4,4,4,4,72,79,88,78,93,,1,5,23,498,1,4,0,0,20230531,6,,0,0.0,20230531,직영,3377,558,615924000,37.48478772,127.02260429,1165010800,서울시,19.8,17.4,서초구,23.0,20.9,11,83.0,87.0,
6,서초롯데캐슬리버티,150B㎡,서울시 서초구 서초동,1165010800,1620-20,서울시 서초구 사임당로10길 39,37.48748,127.01673,132,0,12,7,238,34,230,롯데건설주식회사,HT001,150.85,123.75,82,4,2,10,계단식,1866600,3113730,373320,873810,867888,723240,144648,,,,,,,,,,,,서울서일초등학교,B100000763,서울특별시 서초구 서초동 1436-8번지,공립,단설,19861016,서울특별시교육청,http://seoulseoil.sen.es.kr,20230531,20.3,20.8,266,232,20230531,4,33,3,4,4,4,4,4,72,79,88,78,93,,1,5,23,498,1,4,0,0,20230531,6,,0,0.0,20230531,직영,3377,558,615924000,37.48478772,127.02260429,1165010800,서울시,19.8,17.4,서초구,23.0,20.9,11,83.0,87.0,
7,서초롯데캐슬리버티,151A㎡,서울시 서초구 서초동,1165010800,1620-20,서울시 서초구 사임당로10길 39,37.48748,127.01673,132,0,12,7,238,34,230,롯데건설주식회사,HT001,151.21,125.79,83,4,2,80,계단식,2005200,3328560,401040,922320,1100736,917280,183456,,,,"19억 3,000",22억,,,,,,,서울서일초등학교,B100000763,서울특별시 서초구 서초동 1436-8번지,공립,단설,19861016,서울특별시교육청,http://seoulseoil.sen.es.kr,20230531,20.3,20.8,266,232,20230531,4,33,3,4,4,4,4,4,72,79,88,78,93,,1,5,23,498,1,4,0,0,20230531,6,,0,0.0,20230531,직영,3377,558,615924000,37.48478772,127.02260429,1165010800,서울시,19.8,17.4,서초구,23.0,20.9,11,83.0,87.0,
8,서초롯데캐슬리버티,152C,서울시 서초구 서초동,1165010800,1620-20,서울시 서초구 사임당로10길 39,37.48748,127.01673,132,0,12,7,238,34,230,롯데건설주식회사,HT001,152.02,126.52,83,4,2,7,계단식,1920600,3197430,384120,892710,958608,798840,159768,,,,,"20억 5,000",,"11억 5,000",,,,,서울서일초등학교,B100000763,서울특별시 서초구 서초동 1436-8번지,공립,단설,19861016,서울특별시교육청,http://seoulseoil.sen.es.kr,20230531,20.3,20.8,266,232,20230531,4,33,3,4,4,4,4,4,72,79,88,78,93,,1,5,23,498,1,4,0,0,20230531,6,,0,0.0,20230531,직영,3377,558,615924000,37.48478772,127.02260429,1165010800,서울시,19.8,17.4,서초구,23.0,20.9,11,83.0,87.0,
0,서초롯데캐슬메디치(주상복합),136㎡,서울시 서초구 서초동,1165010800,1656-4,서울시 서초구 서초중앙로 110,37.491578,127.014312,50,0,16,6,628,59,113,롯데건설(주),HT001,136.8,103.24,75,3,2,10,계단식,1362600,2332530,272520,697410,21168,17640,3528,,,,,18억,,,,,,,서울서초초등학교,B100000764,서울특별시 서초구 서초동 1310-6,공립,단설,19801004,서울특별시교육청,http://seocho.sen.es.kr,20230531,25.3,27.8,531,496,20230531,7,52,5,6,6,6,6,7,144,164,172,173,172,,1,5,36,1027,1,2,0,0,20230531,15,,0,0.0,20230531,직영,3385,1084,1057499000,37.49924318,127.02411499,1165010800,서울시,19.8,17.4,서초구,23.0,20.9,22,197.0,166.0,
1,서초롯데캐슬메디치(주상복합),142㎡,서울시 서초구 서초동,1165010800,1656-4,서울시 서초구 서초중앙로 110,37.491578,127.014312,50,0,16,6,628,59,113,롯데건설(주),HT001,142.26,107.36,75,3,2,10,계단식,1576800,2664540,315360,772380,381024,317520,63504,,,,"19억 2,000","19억 5,000",,,,,,,서울서초초등학교,B100000764,서울특별시 서초구 서초동 1310-6,공립,단설,19801004,서울특별시교육청,http://seocho.sen.es.kr,20230531,25.3,27.8,531,496,20230531,7,52,5,6,6,6,6,7,144,164,172,173,172,,1,5,36,1027,1,2,0,0,20230531,15,,0,0.0,20230531,직영,3385,1084,1057499000,37.49924318,127.02411499,1165010800,서울시,19.8,17.4,서초구,23.0,20.9,22,197.0,166.0,
2,서초롯데캐슬메디치(주상복합),146㎡,서울시 서초구 서초동,1165010800,1656-4,서울시 서초구 서초중앙로 110,37.491578,127.014312,50,0,16,6,628,59,113,롯데건설(주),HT001,146.58,110.62,75,3,2,10,계단식,1632600,2751030,326520,791910,474768,395640,79128,,,,,,,,,,,,서울서초초등학교,B100000764,서울특별시 서초구 서초동 1310-6,공립,단설,19801004,서울특별시교육청,http://seocho.sen.es.kr,20230531,25.3,27.8,531,496,20230531,7,52,5,6,6,6,6,7,144,164,172,173,172,,1,5,36,1027,1,2,0,0,20230531,15,,0,0.0,20230531,직영,3385,1084,1057499000,37.49924318,127.02411499,1165010800,서울시,19.8,17.4,서초구,23.0,20.9,22,197.0,166.0,
3,서초롯데캐슬메디치(주상복합),164A㎡,서울시 서초구 서초동,1165010800,1656-4,서울시 서초구 서초중앙로 110,37.491578,127.014312,50,0,16,6,628,59,113,롯데건설(주),HT001,164.55,124.18,75,3,2,10,계단식,1740600,2918430,348120,829710,656208,546840,109368,,,,,"19억 5,000",,,,,,,서울서초초등학교,B100000764,서울특별시 서초구 서초동 1310-6,공립,단설,19801004,서울특별시교육청,http://seocho.sen.es.kr,20230531,25.3,27.8,531,496,20230531,7,52,5,6,6,6,6,7,144,164,172,173,172,,1,5,36,1027,1,2,0,0,20230531,15,,0,0.0,20230531,직영,3385,1084,1057499000,37.49924318,127.02411499,1165010800,서울시,19.8,17.4,서초구,23.0,20.9,22,197.0,166.0,
4,서초롯데캐슬메디치(주상복합),164B,서울시 서초구 서초동,1165010800,1656-4,서울시 서초구 서초중앙로 110,37.491578,127.014312,50,0,16,6,628,59,113,롯데건설(주),HT001,164.4,124.07,75,3,2,10,계단식,1740600,2918430,348120,829710,656208,546840,109368,,,,"18억 5,000",19억,,,,1억/450,,1억/450,서울서초초등학교,B100000764,서울특별시 서초구 서초동 1310-6,공립,단설,19801004,서울특별시교육청,http://seocho.sen.es.kr,20230531,25.3,27.8,531,496,20230531,7,52,5,6,6,6,6,7,144,164,172,173,172,,1,5,36,1027,1,2,0,0,20230531,15,,0,0.0,20230531,직영,3385,1084,1057499000,37.49924318,127.02411499,1165010800,서울시,19.8,17.4,서초구,23.0,20.9,22,197.0,166.0,
0,서초롯데캐슬프레지던트,111A㎡,서울시 서초구 서초동,1165010800,1681-8,서울시 서초구 서초중앙로24길 57,37.496912,127.019738,280,7,31,25,283,16,429,롯데건설(주),HT005,111.05,84.97,77,3,2,105,계단식,,,,,,,,,419614,331386,"22억 5,000",24억,,"11억 5,000",,,,,서울서초초등학교,B100000764,서울특별시 서초구 서초동 1310-6,공립,단설,19801004,서울특별시교육청,http://seocho.sen.es.kr,20230531,25.3,27.8,531,496,20230531,7,52,5,6,6,6,6,7,144,164,172,173,172,,1,5,36,1027,1,2,0,0,20230531,15,,0,0.0,20230531,직영,3385,1084,1057499000,37.49924318,127.02411499,1165010800,서울시,19.8,17.4,서초구,23.0,20.9,10,197.0,166.0,
1,서초롯데캐슬프레지던트,111B㎡,서울시 서초구 서초동,1165010800,1681-8,서울시 서초구 서초중앙로24길 57,37.496912,127.019738,280,7,31,25,283,16,429,롯데건설(주),HT005,111.22,84.97,76,3,2,60,계단식,,,,,,,,,419614,331386,"21억 9,000",24억,,,,5억/230,,5억/230,서울서초초등학교,B100000764,서울특별시 서초구 서초동 1310-6,공립,단설,19801004,서울특별시교육청,http://seocho.sen.es.kr,20230531,25.3,27.8,531,496,20230531,7,52,5,6,6,6,6,7,144,164,172,173,172,,1,5,36,1027,1,2,0,0,20230531,15,,0,0.0,20230531,직영,3385,1084,1057499000,37.49924318,127.02411499,1165010800,서울시,19.8,17.4,서초구,23.0,20.9,10,197.0,166.0,
2,서초롯데캐슬프레지던트,152㎡,서울시 서초구 서초동,1165010800,1681-8,서울시 서초구 서초중앙로24길 57,37.496912,127.019738,280,7,31,25,283,16,429,롯데건설(주),HT005,152.89,119.13,78,3,2,52,계단식,,,,,,,,,588309,464610,29억,32억,14억,"17억 5,000",7억/350,9억/240,7억/350,9억/240,서울서초초등학교,B100000764,서울특별시 서초구 서초동 1310-6,공립,단설,19801004,서울특별시교육청,http://seocho.sen.es.kr,20230531,25.3,27.8,531,496,20230531,7,52,5,6,6,6,6,7,144,164,172,173,172,,1,5,36,1027,1,2,0,0,20230531,15,,0,0.0,20230531,직영,3385,1084,1057499000,37.49924318,127.02411499,1165010800,서울시,19.8,17.4,서초구,23.0,20.9,10,197.0,166.0,
3,서초롯데캐슬프레지던트,187,서울시 서초구 서초동,1165010800,1681-8,서울시 서초구 서초중앙로24길 57,37.496912,127.019738,280,7,31,25,283,16,429,롯데건설(주),HT005,187.11,149.45,80,3,2,56,계단식,,,,,,,,,738041,582859,35억,38억,"16억 5,000",20억,,12억/180,,12억/180,서울서초초등학교,B100000764,서울특별시 서초구 서초동 1310-6,공립,단설,19801004,서울특별시교육청,http://seocho.sen.es.kr,20230531,25.3,27.8,531,496,20230531,7,52,5,6,6,6,6,7,144,164,172,173,172,,1,5,36,1027,1,2,0,0,20230531,15,,0,0.0,20230531,직영,3385,1084,1057499000,37.49924318,127.02411499,1165010800,서울시,19.8,17.4,서초구,23.0,20.9,10,197.0,166.0,
0,서초리시온(주상복합),33㎡,서울시 서초구 서초동,1165010800,1671-5,서울시 서초구 서초중앙로22길 25,37.49346,127.01552,293,0,14,8,622,57,237,대림산업(주),HT001,33.21,25.98,78,1,1,1,복도식,69000,221400,13800,138600,0,0,0,,105519,114540,,,,,,,,,서울서초초등학교,B100000764,서울특별시 서초구 서초동 1310-6,공립,단설,19801004,서울특별시교육청,http://seocho.sen.es.kr,20230531,25.3,27.8,531,496,20230531,7,52,5,6,6,6,6,7,144,164,172,173,172,,1,5,36,1027,1,2,0,0,20230531,15,,0,0.0,20230531,직영,3385,1084,1057499000,37.49924318,127.02411499,1165010800,서울시,19.8,17.4,서초구,23.0,20.9,19,197.0,166.0,
1,서초리시온(주상복합),38A㎡,서울시 서초구 서초동,1165010800,1671-5,서울시 서초구 서초중앙로22길 25,37.49346,127.01552,293,0,14,8,622,57,237,대림산업(주),HT001,38.04,29.76,78,1,1,6,복도식,70350,224910,14070,140490,0,0,0,,120872,131204,,,,,,,,,서울서초초등학교,B100000764,서울특별시 서초구 서초동 1310-6,공립,단설,19801004,서울특별시교육청,http://seocho.sen.es.kr,20230531,25.3,27.8,531,496,20230531,7,52,5,6,6,6,6,7,144,164,172,173,172,,1,5,36,1027,1,2,0,0,20230531,15,,0,0.0,20230531,직영,3385,1084,1057499000,37.49924318,127.02411499,1165010800,서울시,19.8,17.4,서초구,23.0,20.9,19,197.0,166.0,
2,서초리시온(주상복합),39B㎡,서울시 서초구 서초동,1165010800,1671-5,서울시 서초구 서초중앙로22길 25,37.49346,127.01552,293,0,14,8,622,57,237,대림산업(주),HT001,39.19,30.66,78,1,1,2,복도식,68550,220230,13710,137970,0,0,0,,124527,135172,,,,,,,,,서울서초초등학교,B100000764,서울특별시 서초구 서초동 1310-6,공립,단설,19801004,서울특별시교육청,http://seocho.sen.es.kr,20230531,25.3,27.8,531,496,20230531,7,52,5,6,6,6,6,7,144,164,172,173,172,,1,5,36,1027,1,2,0,0,20230531,15,,0,0.0,20230531,직영,3385,1084,1057499000,37.49924318,127.02411499,1165010800,서울시,19.8,17.4,서초구,23.0,20.9,19,197.0,166.0,
3,서초리시온(주상복합),40A㎡,서울시 서초구 서초동,1165010800,1671-5,서울시 서초구 서초중앙로22길 25,37.49346,127.01552,293,0,14,8,622,57,237,대림산업(주),HT001,40.72,31.86,78,1,1,1,복도식,78900,247140,15780,152460,0,0,0,,129401,140463,,,,,,,,,서울서초초등학교,B100000764,서울특별시 서초구 서초동 1310-6,공립,단설,19801004,서울특별시교육청,http://seocho.sen.es.kr,20230531,25.3,27.8,531,496,20230531,7,52,5,6,6,6,6,7,144,164,172,173,172,,1,5,36,1027,1,2,0,0,20230531,15,,0,0.0,20230531,직영,3385,1084,1057499000,37.49924318,127.02411499,1165010800,서울시,19.8,17.4,서초구,23.0,20.9,19,197.0,166.0,
4,서초리시온(주상복합),41B㎡,서울시 서초구 서초동,1165010800,1671-5,서울시 서초구 서초중앙로22길 25,37.49346,127.01552,293,0,14,8,622,57,237,대림산업(주),HT001,41.85,32.74,78,1,1,7,복도식,81600,254160,16320,156240,0,0,0,,132975,144343,,,,,,,,,서울서초초등학교,B100000764,서울특별시 서초구 서초동 1310-6,공립,단설,19801004,서울특별시교육청,http://seocho.sen.es.kr,20230531,25.3,27.8,531,496,20230531,7,52,5,6,6,6,6,7,144,164,172,173,172,,1,5,36,1027,1,2,0,0,20230531,15,,0,0.0,20230531,직영,3385,1084,1057499000,37.49924318,127.02411499,1165010800,서울시,19.8,17.4,서초구,23.0,20.9,19,197.0,166.0,
5,서초리시온(주상복합),42C㎡,서울시 서초구 서초동,1165010800,1671-5,서울시 서초구 서초중앙로22길 25,37.49346,127.01552,293,0,14,8,622,57,237,대림산업(주),HT001,42.88,33.54,78,1,1,15,복도식,82050,255330,16410,156870,0,0,0,,136224,147870,,"3억 4,000",,,,"2,000/140",,"2,000/140",서울서초초등학교,B100000764,서울특별시 서초구 서초동 1310-6,공립,단설,19801004,서울특별시교육청,http://seocho.sen.es.kr,20230531,25.3,27.8,531,496,20230531,7,52,5,6,6,6,6,7,144,164,172,173,172,,1,5,36,1027,1,2,0,0,20230531,15,,0,0.0,20230531,직영,3385,1084,1057499000,37.49924318,127.02411499,1165010800,서울시,19.8,17.4,서초구,23.0,20.9,19,197.0,166.0,
6,서초리시온(주상복합),43A㎡,서울시 서초구 서초동,1165010800,1671-5,서울시 서초구 서초중앙로22길 25,37.49346,127.01552,293,0,14,8,622,57,237,대림산업(주),HT001,43.48,34.02,78,1,1,1,복도식,86550,267030,17310,163170,0,0,0,,138174,149986,,,,,,,,,서울서초초등학교,B100000764,서울특별시 서초구 서초동 1310-6,공립,단설,19801004,서울특별시교육청,http://seocho.sen.es.kr,20230531,25.3,27.8,531,496,20230531,7,52,5,6,6,6,6,7,144,164,172,173,172,,1,5,36,1027,1,2,0,0,20230531,15,,0,0.0,20230531,직영,3385,1084,1057499000,37.49924318,127.02411499,1165010800,서울시,19.8,17.4,서초구,23.0,20.9,19,197.0,166.0,
7,서초리시온(주상복합),44B㎡,서울시 서초구 서초동,1165010800,1671-5,서울시 서초구 서초중앙로22길 25,37.49346,127.01552,293,0,14,8,622,57,237,대림산업(주),HT001,44.76,35.02,78,1,1,2,복도식,88800,272880,17760,166320,0,0,0,,142235,154395,,,,,,,,,서울서초초등학교,B100000764,서울특별시 서초구 서초동 1310-6,공립,단설,19801004,서울특별시교육청,http://seocho.sen.es.kr,20230531,25.3,27.8,531,496,20230531,7,52,5,6,6,6,6,7,144,164,172,173,172,,1,5,36,1027,1,2,0,0,20230531,15,,0,0.0,20230531,직영,3385,1084,1057499000,37.49924318,127.02411499,1165010800,서울시,19.8,17.4,서초구,23.0,20.9,19,197.0,166.0,
8,서초리시온(주상복합),46B㎡,서울시 서초구 서초동,1165010800,1671-5,서울시 서초구 서초중앙로22길 25,37.49346,127.01552,293,0,14,8,622,57,237,대림산업(주),HT001,46.63,36.48,78,1,1,7,복도식,86100,265860,17220,162540,0,0,0,,148165,160831,,,,,,2억/60,,2억/60,서울서초초등학교,B100000764,서울특별시 서초구 서초동 1310-6,공립,단설,19801004,서울특별시교육청,http://seocho.sen.es.kr,20230531,25.3,27.8,531,496,20230531,7,52,5,6,6,6,6,7,144,164,172,173,172,,1,5,36,1027,1,2,0,0,20230531,15,,0,0.0,20230531,직영,3385,1084,1057499000,37.49924318,127.02411499,1165010800,서울시,19.8,17.4,서초구,23.0,20.9,19,197.0,166.0,
9,서초리시온(주상복합),46A㎡,서울시 서초구 서초동,1165010800,1671-5,서울시 서초구 서초중앙로22길 25,37.49346,127.01552,293,0,14,8,622,57,237,대림산업(주),HT001,46.61,36.46,78,1,1,2,복도식,82050,255330,16410,156870,0,0,0,,148084,160743,,,,,,,,,서울서초초등학교,B100000764,서울특별시 서초구 서초동 1310-6,공립,단설,19801004,서울특별시교육청,http://seocho.sen.es.kr,20230531,25.3,27.8,531,496,20230531,7,52,5,6,6,6,6,7,144,164,172,173,172,,1,5,36,1027,1,2,0,0,20230531,15,,0,0.0,20230531,직영,3385,1084,1057499000,37.49924318,127.02411499,1165010800,서울시,19.8,17.4,서초구,23.0,20.9,19,197.0,166.0,
10,서초리시온(주상복합),51B㎡,서울시 서초구 서초동,1165010800,1671-5,서울시 서초구 서초중앙로22길 25,37.49346,127.01552,293,0,14,8,622,57,237,대림산업(주),HT001,51.46,40.26,78,1,1,20,복도식,98700,298620,19740,180180,0,0,0,,163518,177496,"4억 6,000","4억 6,500",,,,,,,서울서초초등학교,B100000764,서울특별시 서초구 서초동 1310-6,공립,단설,19801004,서울특별시교육청,http://seocho.sen.es.kr,20230531,25.3,27.8,531,496,20230531,7,52,5,6,6,6,6,7,144,164,172,173,172,,1,5,36,1027,1,2,0,0,20230531,15,,0,0.0,20230531,직영,3385,1084,1057499000,37.49924318,127.02411499,1165010800,서울시,19.8,17.4,서초구,23.0,20.9,19,197.0,166.0,
11,서초리시온(주상복합),51A㎡,서울시 서초구 서초동,1165010800,1671-5,서울시 서초구 서초중앙로22길 25,37.49346,127.01552,293,0,14,8,622,57,237,대림산업(주),HT001,51,39.9,78,1,1,1,복도식,105000,315000,21000,189000,0,0,0,,162056,175909,,,,,,,,,서울서초초등학교,B100000764,서울특별시 서초구 서초동 1310-6,공립,단설,19801004,서울특별시교육청,http://seocho.sen.es.kr,20230531,25.3,27.8,531,496,20230531,7,52,5,6,6,6,6,7,144,164,172,173,172,,1,5,36,1027,1,2,0,0,20230531,15,,0,0.0,20230531,직영,3385,1084,1057499000,37.49924318,127.02411499,1165010800,서울시,19.8,17.4,서초구,23.0,20.9,19,197.0,166.0,
12,서초리시온(주상복합),53B㎡,서울시 서초구 서초동,1165010800,1671-5,서울시 서초구 서초중앙로22길 25,37.49346,127.01552,293,0,14,8,622,57,237,대림산업(주),HT001,53.61,41.94,78,1,1,6,복도식,104100,312660,20820,187740,0,0,0,,170341,184903,,,,,,,,,서울서초초등학교,B100000764,서울특별시 서초구 서초동 1310-6,공립,단설,19801004,서울특별시교육청,http://seocho.sen.es.kr,20230531,25.3,27.8,531,496,20230531,7,52,5,6,6,6,6,7,144,164,172,173,172,,1,5,36,1027,1,2,0,0,20230531,15,,0,0.0,20230531,직영,3385,1084,1057499000,37.49924318,127.02411499,1165010800,서울시,19.8,17.4,서초구,23.0,20.9,19,197.0,166.0,
13,서초리시온(주상복합),53D㎡,서울시 서초구 서초동,1165010800,1671-5,서울시 서초구 서초중앙로22길 25,37.49346,127.01552,293,0,14,8,622,57,237,대림산업(주),HT001,53.97,42.21,78,1,1,4,복도식,115350,341910,23070,203490,0,0,0,,171438,186093,,,,"4억 1,900",,"3억 5,000/35",,"3억 5,000/35",서울서초초등학교,B100000764,서울특별시 서초구 서초동 1310-6,공립,단설,19801004,서울특별시교육청,http://seocho.sen.es.kr,20230531,25.3,27.8,531,496,20230531,7,52,5,6,6,6,6,7,144,164,172,173,172,,1,5,36,1027,1,2,0,0,20230531,15,,0,0.0,20230531,직영,3385,1084,1057499000,37.49924318,127.02411499,1165010800,서울시,19.8,17.4,서초구,23.0,20.9,19,197.0,166.0,
14,서초리시온(주상복합),53C㎡,서울시 서초구 서초동,1165010800,1671-5,서울시 서초구 서초중앙로22길 25,37.49346,127.01552,293,0,14,8,622,57,237,대림산업(주),HT001,53.89,42.16,78,1,1,2,복도식,101850,306810,20370,184590,0,0,0,,171235,185873,,,,,,,,,서울서초초등학교,B100000764,서울특별시 서초구 서초동 1310-6,공립,단설,19801004,서울특별시교육청,http://seocho.sen.es.kr,20230531,25.3,27.8,531,496,20230531,7,52,5,6,6,6,6,7,144,164,172,173,172,,1,5,36,1027,1,2,0,0,20230531,15,,0,0.0,20230531,직영,3385,1084,1057499000,37.49924318,127.02411499,1165010800,서울시,19.8,17.4,서초구,23.0,20.9,19,197.0,166.0,
15,서초리시온(주상복합),53A㎡,서울시 서초구 서초동,1165010800,1671-5,서울시 서초구 서초중앙로22길 25,37.49346,127.01552,293,0,14,8,622,57,237,대림산업(주),HT001,53.3,41.7,78,1,1,1,복도식,115350,341910,23070,203490,0,0,0,,169367,183845,,,,,,,,,서울서초초등학교,B100000764,서울특별시 서초구 서초동 1310-6,공립,단설,19801004,서울특별시교육청,http://seocho.sen.es.kr,20230531,25.3,27.8,531,496,20230531,7,52,5,6,6,6,6,7,144,164,172,173,172,,1,5,36,1027,1,2,0,0,20230531,15,,0,0.0,20230531,직영,3385,1084,1057499000,37.49924318,127.02411499,1165010800,서울시,19.8,17.4,서초구,23.0,20.9,19,197.0,166.0,
16,서초리시온(주상복합),57A㎡,서울시 서초구 서초동,1165010800,1671-5,서울시 서초구 서초중앙로22길 25,37.49346,127.01552,293,0,14,8,622,57,237,대림산업(주),HT001,57.66,45.1,78,1,1,2,복도식,127800,368820,25560,215460,0,0,0,,183176,198835,,,,,,,,,서울서초초등학교,B100000764,서울특별시 서초구 서초동 1310-6,공립,단설,19801004,서울특별시교육청,http://seocho.sen.es.kr,20230531,25.3,27.8,531,496,20230531,7,52,5,6,6,6,6,7,144,164,172,173,172,,1,5,36,1027,1,2,0,0,20230531,15,,0,0.0,20230531,직영,3385,1084,1057499000,37.49924318,127.02411499,1165010800,서울시,19.8,17.4,서초구,23.0,20.9,19,197.0,166.0,
17,서초리시온(주상복합),58B㎡,서울시 서초구 서초동,1165010800,1671-5,서울시 서초구 서초중앙로22길 25,37.49346,127.01552,293,0,14,8,622,57,237,대림산업(주),HT001,58.44,45.72,78,1,1,28,복도식,121500,356850,24300,211050,0,0,0,,185694,201568,"4억 9,000","5억 3,000","3억 4,000","3억 5,000",,,,,서울서초초등학교,B100000764,서울특별시 서초구 서초동 1310-6,공립,단설,19801004,서울특별시교육청,http://seocho.sen.es.kr,20230531,25.3,27.8,531,496,20230531,7,52,5,6,6,6,6,7,144,164,172,173,172,,1,5,36,1027,1,2,0,0,20230531,15,,0,0.0,20230531,직영,3385,1084,1057499000,37.49924318,127.02411499,1165010800,서울시,19.8,17.4,서초구,23.0,20.9,19,197.0,166.0,
18,서초리시온(주상복합),61A㎡,서울시 서초구 서초동,1165010800,1671-5,서울시 서초구 서초중앙로22길 25,37.49346,127.01552,293,0,14,8,622,57,237,대림산업(주),HT001,61.62,48.2,78,1,1,2,복도식,134100,380790,26820,219870,0,0,0,,195767,212502,,,,,,,,,서울서초초등학교,B100000764,서울특별시 서초구 서초동 1310-6,공립,단설,19801004,서울특별시교육청,http://seocho.sen.es.kr,20230531,25.3,27.8,531,496,20230531,7,52,5,6,6,6,6,7,144,164,172,173,172,,1,5,36,1027,1,2,0,0,20230531,15,,0,0.0,20230531,직영,3385,1084,1057499000,37.49924318,127.02411499,1165010800,서울시,19.8,17.4,서초구,23.0,20.9,19,197.0,166.0,
19,서초리시온(주상복합),62B㎡,서울시 서초구 서초동,1165010800,1671-5,서울시 서초구 서초중앙로22길 25,37.49346,127.01552,293,0,14,8,622,57,237,대림산업(주),HT001,62.58,48.96,78,1,1,12,복도식,126000,365400,25200,214200,0,0,0,,198853,215852,,,,,,,,,서울서초초등학교,B100000764,서울특별시 서초구 서초동 1310-6,공립,단설,19801004,서울특별시교육청,http://seocho.sen.es.kr,20230531,25.3,27.8,531,496,20230531,7,52,5,6,6,6,6,7,144,164,172,173,172,,1,5,36,1027,1,2,0,0,20230531,15,,0,0.0,20230531,직영,3385,1084,1057499000,37.49924318,127.02411499,1165010800,서울시,19.8,17.4,서초구,23.0,20.9,19,197.0,166.0,
20,서초리시온(주상복합),63B㎡,서울시 서초구 서초동,1165010800,1671-5,서울시 서초구 서초중앙로22길 25,37.49346,127.01552,293,0,14,8,622,57,237,대림산업(주),HT001,63.82,49.92,78,1,1,150,복도식,142200,396180,28440,225540,0,0,0,,202753,220085,"5억 7,000","5억 9,000",,,,3억/60,,3억/60,서울서초초등학교,B100000764,서울특별시 서초구 서초동 1310-6,공립,단설,19801004,서울특별시교육청,http://seocho.sen.es.kr,20230531,25.3,27.8,531,496,20230531,7,52,5,6,6,6,6,7,144,164,172,173,172,,1,5,36,1027,1,2,0,0,20230531,15,,0,0.0,20230531,직영,3385,1084,1057499000,37.49924318,127.02411499,1165010800,서울시,19.8,17.4,서초구,23.0,20.9,19,197.0,166.0,
21,서초리시온(주상복합),63A㎡,서울시 서초구 서초동,1165010800,1671-5,서울시 서초구 서초중앙로22길 25,37.49346,127.01552,293,0,14,8,622,57,237,대림산업(주),HT001,63.64,49.79,78,1,1,8,복도식,160200,430380,32040,238140,0,0,0,,202224,219512,,,4억 900,"4억 3,000",,"3억 5,000/35",,"3억 5,000/35",서울서초초등학교,B100000764,서울특별시 서초구 서초동 1310-6,공립,단설,19801004,서울특별시교육청,http://seocho.sen.es.kr,20230531,25.3,27.8,531,496,20230531,7,52,5,6,6,6,6,7,144,164,172,173,172,,1,5,36,1027,1,2,0,0,20230531,15,,0,0.0,20230531,직영,3385,1084,1057499000,37.49924318,127.02411499,1165010800,서울시,19.8,17.4,서초구,23.0,20.9,19,197.0,166.0,
22,서초리시온(주상복합),67㎡,서울시 서초구 서초동,1165010800,1671-5,서울시 서초구 서초중앙로22길 25,37.49346,127.01552,293,0,14,8,622,57,237,대림산업(주),HT001,67.35,52.68,78,1,1,2,복도식,171000,450900,34200,245700,0,0,0,,213962,232253,,,,,,,,,서울서초초등학교,B100000764,서울특별시 서초구 서초동 1310-6,공립,단설,19801004,서울특별시교육청,http://seocho.sen.es.kr,20230531,25.3,27.8,531,496,20230531,7,52,5,6,6,6,6,7,144,164,172,173,172,,1,5,36,1027,1,2,0,0,20230531,15,,0,0.0,20230531,직영,3385,1084,1057499000,37.49924318,127.02411499,1165010800,서울시,19.8,17.4,서초구,23.0,20.9,19,197.0,166.0,
23,서초리시온(주상복합),70A㎡,서울시 서초구 서초동,1165010800,1671-5,서울시 서초구 서초중앙로22길 25,37.49346,127.01552,293,0,14,8,622,57,237,대림산업(주),HT001,70.72,55.32,78,2,1,1,복도식,143100,397890,28620,226170,0,0,0,,224685,243892,,,,,,,,,서울서초초등학교,B100000764,서울특별시 서초구 서초동 1310-6,공립,단설,19801004,서울특별시교육청,http://seocho.sen.es.kr,20230531,25.3,27.8,531,496,20230531,7,52,5,6,6,6,6,7,144,164,172,173,172,,1,5,36,1027,1,2,0,0,20230531,15,,0,0.0,20230531,직영,3385,1084,1057499000,37.49924318,127.02411499,1165010800,서울시,19.8,17.4,서초구,23.0,20.9,19,197.0,166.0,
24,서초리시온(주상복합),72C㎡,서울시 서초구 서초동,1165010800,1671-5,서울시 서초구 서초중앙로22길 25,37.49346,127.01552,293,0,14,8,622,57,237,대림산업(주),HT001,72.17,56.46,78,2,1,2,복도식,184500,476550,36900,255150,0,0,0,,229315,248918,,,,,,,,,서울서초초등학교,B100000764,서울특별시 서초구 서초동 1310-6,공립,단설,19801004,서울특별시교육청,http://seocho.sen.es.kr,20230531,25.3,27.8,531,496,20230531,7,52,5,6,6,6,6,7,144,164,172,173,172,,1,5,36,1027,1,2,0,0,20230531,15,,0,0.0,20230531,직영,3385,1084,1057499000,37.49924318,127.02411499,1165010800,서울시,19.8,17.4,서초구,23.0,20.9,19,197.0,166.0,
25,서초리시온(주상복합),72B㎡,서울시 서초구 서초동,1165010800,1671-5,서울시 서초구 서초중앙로22길 25,37.49346,127.01552,293,0,14,8,622,57,237,대림산업(주),HT001,72.15,56.43,78,2,1,1,복도식,184500,476550,36900,255150,0,0,0,,229193,248786,,,,,,,,,서울서초초등학교,B100000764,서울특별시 서초구 서초동 1310-6,공립,단설,19801004,서울특별시교육청,http://seocho.sen.es.kr,20230531,25.3,27.8,531,496,20230531,7,52,5,6,6,6,6,7,144,164,172,173,172,,1,5,36,1027,1,2,0,0,20230531,15,,0,0.0,20230531,직영,3385,1084,1057499000,37.49924318,127.02411499,1165010800,서울시,19.8,17.4,서초구,23.0,20.9,19,197.0,166.0,
26,서초리시온(주상복합),77A㎡,서울시 서초구 서초동,1165010800,1671-5,서울시 서초구 서초중앙로22길 25,37.49346,127.01552,293,0,14,8,622,57,237,대림산업(주),HT001,77.01,60.24,78,2,1,2,복도식,217800,539820,43560,278460,0,0,0,,244668,265583,,,,,,"5,000/230",,"5,000/230",서울서초초등학교,B100000764,서울특별시 서초구 서초동 1310-6,공립,단설,19801004,서울특별시교육청,http://seocho.sen.es.kr,20230531,25.3,27.8,531,496,20230531,7,52,5,6,6,6,6,7,144,164,172,173,172,,1,5,36,1027,1,2,0,0,20230531,15,,0,0.0,20230531,직영,3385,1084,1057499000,37.49924318,127.02411499,1165010800,서울시,19.8,17.4,서초구,23.0,20.9,19,197.0,166.0,
27,서초리시온(주상복합),77B㎡,서울시 서초구 서초동,1165010800,1671-5,서울시 서초구 서초중앙로22길 25,37.49346,127.01552,293,0,14,8,622,57,237,대림산업(주),HT001,77.55,60.67,78,1,1,1,복도식,217800,539820,43560,278460,0,0,0,,246414,267479,,,,,,"5,000/230",,"5,000/230",서울서초초등학교,B100000764,서울특별시 서초구 서초동 1310-6,공립,단설,19801004,서울특별시교육청,http://seocho.sen.es.kr,20230531,25.3,27.8,531,496,20230531,7,52,5,6,6,6,6,7,144,164,172,173,172,,1,5,36,1027,1,2,0,0,20230531,15,,0,0.0,20230531,직영,3385,1084,1057499000,37.49924318,127.02411499,1165010800,서울시,19.8,17.4,서초구,23.0,20.9,19,197.0,166.0,
28,서초리시온(주상복합),85㎡,서울시 서초구 서초동,1165010800,1671-5,서울시 서초구 서초중앙로22길 25,37.49346,127.01552,293,0,14,8,622,57,237,대림산업(주),HT001,85.83,67.14,78,1,1,1,복도식,249300,599670,49860,300510,0,0,0,,272692,296004,,,,,,,,,서울서초초등학교,B100000764,서울특별시 서초구 서초동 1310-6,공립,단설,19801004,서울특별시교육청,http://seocho.sen.es.kr,20230531,25.3,27.8,531,496,20230531,7,52,5,6,6,6,6,7,144,164,172,173,172,,1,5,36,1027,1,2,0,0,20230531,15,,0,0.0,20230531,직영,3385,1084,1057499000,37.49924318,127.02411499,1165010800,서울시,19.8,17.4,서초구,23.0,20.9,19,197.0,166.0,
29,서초리시온(주상복합),87㎡,서울시 서초구 서초동,1165010800,1671-5,서울시 서초구 서초중앙로22길 25,37.49346,127.01552,293,0,14,8,622,57,237,대림산업(주),HT001,87.86,68.73,78,2,1,2,복도식,254700,609930,50940,304290,0,0,0,,279150,303013,,,,,,,,,서울서초초등학교,B100000764,서울특별시 서초구 서초동 1310-6,공립,단설,19801004,서울특별시교육청,http://seocho.sen.es.kr,20230531,25.3,27.8,531,496,20230531,7,52,5,6,6,6,6,7,144,164,172,173,172,,1,5,36,1027,1,2,0,0,20230531,15,,0,0.0,20230531,직영,3385,1084,1057499000,37.49924318,127.02411499,1165010800,서울시,19.8,17.4,서초구,23.0,20.9,19,197.0,166.0,
30,서초리시온(주상복합),100,서울시 서초구 서초동,1165010800,1671-5,서울시 서초구 서초중앙로22길 25,37.49346,127.01552,293,0,14,8,622,57,237,대림산업(주),HT001,100.47,78.58,78,2,1,1,복도식,301500,698850,60300,337050,0,0,0,,319157,346440,,,,,,,,,서울서초초등학교,B100000764,서울특별시 서초구 서초동 1310-6,공립,단설,19801004,서울특별시교육청,http://seocho.sen.es.kr,20230531,25.3,27.8,531,496,20230531,7,52,5,6,6,6,6,7,144,164,172,173,172,,1,5,36,1027,1,2,0,0,20230531,15,,0,0.0,20230531,직영,3385,1084,1057499000,37.49924318,127.02411499,1165010800,서울시,19.8,17.4,서초구,23.0,20.9,19,197.0,166.0,
0,서초리젠,134㎡,서울시 서초구 서초동,1165010800,1444-19,서울시 서초구 서초중앙로2길 41,37.48427,127.019745,18,0,9,9,249,35,42,(주)드림시드,HT001,134.93,119.74,89,4,2,2,계단식,480375,1020600,96075,444150,0,0,0,,,,,,,,,,,,서울서일초등학교,B100000763,서울특별시 서초구 서초동 1436-8번지,공립,단설,19861016,서울특별시교육청,http://seoulseoil.sen.es.kr,20230531,20.3,20.8,266,232,20230531,4,33,3,4,4,4,4,4,72,79,88,78,93,,1,5,23,498,1,4,0,0,20230531,6,,0,0.0,20230531,직영,3377,558,615924000,37.48478772,127.02260429,1165010800,서울시,19.8,17.4,서초구,23.0,20.9,5,83.0,87.0,
1,서초리젠,162㎡,서울시 서초구 서초동,1165010800,1444-19,서울시 서초구 서초중앙로2길 41,37.48427,127.019745,18,0,9,9,249,35,42,(주)드림시드,HT001,162.32,147.12,91,4,2,2,계단식,741825,1438920,148365,548730,0,0,0,,,,,,,,,,,,서울서일초등학교,B100000763,서울특별시 서초구 서초동 1436-8번지,공립,단설,19861016,서울특별시교육청,http://seoulseoil.sen.es.kr,20230531,20.3,20.8,266,232,20230531,4,33,3,4,4,4,4,4,72,79,88,78,93,,1,5,23,498,1,4,0,0,20230531,6,,0,0.0,20230531,직영,3377,558,615924000,37.48478772,127.02260429,1165010800,서울시,19.8,17.4,서초구,23.0,20.9,5,83.0,87.0,
2,서초리젠,170,서울시 서초구 서초동,1165010800,1444-19,서울시 서초구 서초중앙로2길 41,37.48427,127.019745,18,0,9,9,249,35,42,(주)드림시드,HT001,170.16,154.96,91,4,2,14,계단식,1175400,2042370,235080,631890,0,0,0,,,,,23억,,13억,,,,,서울서일초등학교,B100000763,서울특별시 서초구 서초동 1436-8번지,공립,단설,19861016,서울특별시교육청,http://seoulseoil.sen.es.kr,20230531,20.3,20.8,266,232,20230531,4,33,3,4,4,4,4,4,72,79,88,78,93,,1,5,23,498,1,4,0,0,20230531,6,,0,0.0,20230531,직영,3377,558,615924000,37.48478772,127.02260429,1165010800,서울시,19.8,17.4,서초구,23.0,20.9,5,83.0,87.0,
0,서초벽산블루밍,105㎡,서울시 서초구 서초동,1165010800,1347-20,서울시 서초구 효령로74길 56,37.48587,127.02574,60,0,12,8,262,29,84,벽산건설(주),HT001,105.25,84.39,80,3,2,42,계단식,1242000,2145600,248400,655200,0,0,0,,,,"15억 5,000",17억,,8억,,7억/40,,7억/40,서울서일초등학교,B100000763,서울특별시 서초구 서초동 1436-8번지,공립,단설,19861016,서울특별시교육청,http://seoulseoil.sen.es.kr,20230531,20.3,20.8,266,232,20230531,4,33,3,4,4,4,4,4,72,79,88,78,93,,1,5,23,498,1,4,0,0,20230531,6,,0,0.0,20230531,직영,3377,558,615924000,37.48478772,127.02260429,1165010800,서울시,19.8,17.4,서초구,23.0,20.9,11,83.0,87.0,
1,서초벽산블루밍,135㎡,서울시 서초구 서초동,1165010800,1347-20,서울시 서초구 효령로74길 56,37.48587,127.02574,60,0,12,8,262,29,84,벽산건설(주),HT001,135.81,109.38,81,3,2,1,계단식,1281600,2206980,256320,669060,0,0,0,,,,,,,,,,,,서울서일초등학교,B100000763,서울특별시 서초구 서초동 1436-8번지,공립,단설,19861016,서울특별시교육청,http://seoulseoil.sen.es.kr,20230531,20.3,20.8,266,232,20230531,4,33,3,4,4,4,4,4,72,79,88,78,93,,1,5,23,498,1,4,0,0,20230531,6,,0,0.0,20230531,직영,3377,558,615924000,37.48478772,127.02260429,1165010800,서울시,19.8,17.4,서초구,23.0,20.9,11,83.0,87.0,
2,서초벽산블루밍,149㎡,서울시 서초구 서초동,1165010800,1347-20,서울시 서초구 효령로74길 56,37.48587,127.02574,60,0,12,8,262,29,84,벽산건설(주),HT001,149.13,120.27,81,4,2,11,계단식,1531800,2594790,306360,756630,305424,254520,50904,,,,,18억,,,,,,,서울서일초등학교,B100000763,서울특별시 서초구 서초동 1436-8번지,공립,단설,19861016,서울특별시교육청,http://seoulseoil.sen.es.kr,20230531,20.3,20.8,266,232,20230531,4,33,3,4,4,4,4,4,72,79,88,78,93,,1,5,23,498,1,4,0,0,20230531,6,,0,0.0,20230531,직영,3377,558,615924000,37.48478772,127.02260429,1165010800,서울시,19.8,17.4,서초구,23.0,20.9,11,83.0,87.0,
3,서초벽산블루밍,164,서울시 서초구 서초동,1165010800,1347-20,서울시 서초구 효령로74길 56,37.48587,127.02574,60,0,12,8,262,29,84,벽산건설(주),HT001,164.92,133.28,81,4,2,6,계단식,1717200,2882160,343440,821520,616896,514080,102816,,,,,,,,,,,,서울서일초등학교,B100000763,서울특별시 서초구 서초동 1436-8번지,공립,단설,19861016,서울특별시교육청,http://seoulseoil.sen.es.kr,20230531,20.3,20.8,266,232,20230531,4,33,3,4,4,4,4,4,72,79,88,78,93,,1,5,23,498,1,4,0,0,20230531,6,,0,0.0,20230531,직영,3377,558,615924000,37.48478772,127.02260429,1165010800,서울시,19.8,17.4,서초구,23.0,20.9,11,83.0,87.0,
0,서초블레스,56㎡,서울시 서초구 서초동,1165010800,1532-10,서울시 서초구 효령로47길 11,37.484353,127.009336,16,0,8,4,249,49,16,반석종합건설(주),HT001,56.84,48.99,86,2,1,3,계단식,194400,495360,38880,262080,0,0,0,,,,,"6억 1,000",,"4억 7,000",,,,,서울신중초등학교,B100000768,서울특별시 서초구 서초동 1466-6번지,공립,단설,19360601,서울특별시교육청,http://sinjung.sen.es.kr,20230531,21.0,22.5,455,378,20230531,4,57,5,6,6,6,7,6,130,124,135,138,166,,1,5,36,833,1,3,0,0,20230531,10,,0,0.0,20230531,직영,3385,931,831091000,37.4801795,127.0093516,1165010800,서울시,19.8,17.4,서초구,23.0,20.9,8,135.0,162.0,
1,서초블레스,58㎡,서울시 서초구 서초동,1165010800,1532-10,서울시 서초구 효령로47길 11,37.484353,127.009336,16,0,8,4,249,49,16,반석종합건설(주),HT001,58.01,50,86,2,1,1,계단식,198000,502200,39600,264600,0,0,0,,,,,,,,,,,,서울신중초등학교,B100000768,서울특별시 서초구 서초동 1466-6번지,공립,단설,19360601,서울특별시교육청,http://sinjung.sen.es.kr,20230531,21.0,22.5,455,378,20230531,4,57,5,6,6,6,7,6,130,124,135,138,166,,1,5,36,833,1,3,0,0,20230531,10,,0,0.0,20230531,직영,3385,931,831091000,37.4801795,127.0093516,1165010800,서울시,19.8,17.4,서초구,23.0,20.9,8,135.0,162.0,
2,서초블레스,78㎡,서울시 서초구 서초동,1165010800,1532-10,서울시 서초구 효령로47길 11,37.484353,127.009336,16,0,8,4,249,49,16,반석종합건설(주),HT001,78.5,67.66,86,3,1,1,계단식,360900,811710,72180,378630,0,0,0,,,,,,,,,,,,서울신중초등학교,B100000768,서울특별시 서초구 서초동 1466-6번지,공립,단설,19360601,서울특별시교육청,http://sinjung.sen.es.kr,20230531,21.0,22.5,455,378,20230531,4,57,5,6,6,6,7,6,130,124,135,138,166,,1,5,36,833,1,3,0,0,20230531,10,,0,0.0,20230531,직영,3385,931,831091000,37.4801795,127.0093516,1165010800,서울시,19.8,17.4,서초구,23.0,20.9,8,135.0,162.0,
3,서초블레스,83㎡,서울시 서초구 서초동,1165010800,1532-10,서울시 서초구 효령로47길 11,37.484353,127.009336,16,0,8,4,249,49,16,반석종합건설(주),HT001,83.87,72.29,86,3,2,1,계단식,437850,952560,87570,427140,0,0,0,,,,,,,,,,,,서울신중초등학교,B100000768,서울특별시 서초구 서초동 1466-6번지,공립,단설,19360601,서울특별시교육청,http://sinjung.sen.es.kr,20230531,21.0,22.5,455,378,20230531,4,57,5,6,6,6,7,6,130,124,135,138,166,,1,5,36,833,1,3,0,0,20230531,10,,0,0.0,20230531,직영,3385,931,831091000,37.4801795,127.0093516,1165010800,서울시,19.8,17.4,서초구,23.0,20.9,8,135.0,162.0,
4,서초블레스,84B㎡,서울시 서초구 서초동,1165010800,1532-10,서울시 서초구 효령로47길 11,37.484353,127.009336,16,0,8,4,249,49,16,반석종합건설(주),HT001,84.86,73.14,86,3,2,1,계단식,433125,945000,86625,425250,0,0,0,,,,,,,,,,,,서울신중초등학교,B100000768,서울특별시 서초구 서초동 1466-6번지,공립,단설,19360601,서울특별시교육청,http://sinjung.sen.es.kr,20230531,21.0,22.5,455,378,20230531,4,57,5,6,6,6,7,6,130,124,135,138,166,,1,5,36,833,1,3,0,0,20230531,10,,0,0.0,20230531,직영,3385,931,831091000,37.4801795,127.0093516,1165010800,서울시,19.8,17.4,서초구,23.0,20.9,8,135.0,162.0,
5,서초블레스,84C㎡,서울시 서초구 서초동,1165010800,1532-10,서울시 서초구 효령로47길 11,37.484353,127.009336,16,0,8,4,249,49,16,반석종합건설(주),HT001,84.47,72.8,86,3,2,1,계단식,437850,952560,87570,427140,0,0,0,,,,,"14억 5,000",,,,,,,서울신중초등학교,B100000768,서울특별시 서초구 서초동 1466-6번지,공립,단설,19360601,서울특별시교육청,http://sinjung.sen.es.kr,20230531,21.0,22.5,455,378,20230531,4,57,5,6,6,6,7,6,130,124,135,138,166,,1,5,36,833,1,3,0,0,20230531,10,,0,0.0,20230531,직영,3385,931,831091000,37.4801795,127.0093516,1165010800,서울시,19.8,17.4,서초구,23.0,20.9,8,135.0,162.0,
6,서초블레스,86A㎡,서울시 서초구 서초동,1165010800,1532-10,서울시 서초구 효령로47길 11,37.484353,127.009336,16,0,8,4,249,49,16,반석종합건설(주),HT001,86.19,74.29,86,3,2,1,계단식,436275,950040,87255,426510,0,0,0,,,,,,,,,,,,서울신중초등학교,B100000768,서울특별시 서초구 서초동 1466-6번지,공립,단설,19360601,서울특별시교육청,http://sinjung.sen.es.kr,20230531,21.0,22.5,455,378,20230531,4,57,5,6,6,6,7,6,130,124,135,138,166,,1,5,36,833,1,3,0,0,20230531,10,,0,0.0,20230531,직영,3385,931,831091000,37.4801795,127.0093516,1165010800,서울시,19.8,17.4,서초구,23.0,20.9,8,135.0,162.0,
7,서초블레스,92B㎡,서울시 서초구 서초동,1165010800,1532-10,서울시 서초구 효령로47길 11,37.484353,127.009336,16,0,8,4,249,49,16,반석종합건설(주),HT001,92.17,79.44,86,3,2,1,계단식,524475,1091160,104895,461790,0,0,0,,,,,,,,,,,,서울신중초등학교,B100000768,서울특별시 서초구 서초동 1466-6번지,공립,단설,19360601,서울특별시교육청,http://sinjung.sen.es.kr,20230531,21.0,22.5,455,378,20230531,4,57,5,6,6,6,7,6,130,124,135,138,166,,1,5,36,833,1,3,0,0,20230531,10,,0,0.0,20230531,직영,3385,931,831091000,37.4801795,127.0093516,1165010800,서울시,19.8,17.4,서초구,23.0,20.9,8,135.0,162.0,
8,서초블레스,93A㎡,서울시 서초구 서초동,1165010800,1532-10,서울시 서초구 효령로47길 11,37.484353,127.009336,16,0,8,4,249,49,16,반석종합건설(주),HT001,93.16,80.29,86,3,2,2,계단식,515025,1076040,103005,458010,0,0,0,,,,,,,,,,,,서울신중초등학교,B100000768,서울특별시 서초구 서초동 1466-6번지,공립,단설,19360601,서울특별시교육청,http://sinjung.sen.es.kr,20230531,21.0,22.5,455,378,20230531,4,57,5,6,6,6,7,6,130,124,135,138,166,,1,5,36,833,1,3,0,0,20230531,10,,0,0.0,20230531,직영,3385,931,831091000,37.4801795,127.0093516,1165010800,서울시,19.8,17.4,서초구,23.0,20.9,8,135.0,162.0,
9,서초블레스,94㎡,서울시 서초구 서초동,1165010800,1532-10,서울시 서초구 효령로47길 11,37.484353,127.009336,16,0,8,4,249,49,16,반석종합건설(주),HT001,94.24,81.22,86,3,2,2,계단식,515025,1076040,103005,458010,0,0,0,,,,,,,,,,,,서울신중초등학교,B100000768,서울특별시 서초구 서초동 1466-6번지,공립,단설,19360601,서울특별시교육청,http://sinjung.sen.es.kr,20230531,21.0,22.5,455,378,20230531,4,57,5,6,6,6,7,6,130,124,135,138,166,,1,5,36,833,1,3,0,0,20230531,10,,0,0.0,20230531,직영,3385,931,831091000,37.4801795,127.0093516,1165010800,서울시,19.8,17.4,서초구,23.0,20.9,8,135.0,162.0,
10,서초블레스,98A㎡,서울시 서초구 서초동,1165010800,1532-10,서울시 서초구 효령로47길 11,37.484353,127.009336,16,0,8,4,249,49,16,반석종합건설(주),HT001,98.6,84.98,86,3,2,1,계단식,537075,1111320,107415,466830,0,0,0,,,,,,,,,,,,서울신중초등학교,B100000768,서울특별시 서초구 서초동 1466-6번지,공립,단설,19360601,서울특별시교육청,http://sinjung.sen.es.kr,20230531,21.0,22.5,455,378,20230531,4,57,5,6,6,6,7,6,130,124,135,138,166,,1,5,36,833,1,3,0,0,20230531,10,,0,0.0,20230531,직영,3385,931,831091000,37.4801795,127.0093516,1165010800,서울시,19.8,17.4,서초구,23.0,20.9,8,135.0,162.0,
11,서초블레스,98B,서울시 서초구 서초동,1165010800,1532-10,서울시 서초구 효령로47길 11,37.484353,127.009336,16,0,8,4,249,49,16,반석종합건설(주),HT001,98.61,84.99,86,3,2,1,계단식,537075,1111320,107415,466830,0,0,0,,,,,,,,,,,,서울신중초등학교,B100000768,서울특별시 서초구 서초동 1466-6번지,공립,단설,19360601,서울특별시교육청,http://sinjung.sen.es.kr,20230531,21.0,22.5,455,378,20230531,4,57,5,6,6,6,7,6,130,124,135,138,166,,1,5,36,833,1,3,0,0,20230531,10,,0,0.0,20230531,직영,3385,931,831091000,37.4801795,127.0093516,1165010800,서울시,19.8,17.4,서초구,23.0,20.9,8,135.0,162.0,
0,서초블리스,47B㎡,서울시 서초구 서초동,1165010800,1364-26,서울시 서초구 서운로6길 12,37.485856,127.029985,23,0,10,7,249,47,20,고금종합건설(주),HT001,47.95,36.86,77,2,1,1,계단식,136800,385920,27360,221760,0,0,0,,,,,,,,,,,,서울서일초등학교,B100000763,서울특별시 서초구 서초동 1436-8번지,공립,단설,19861016,서울특별시교육청,http://seoulseoil.sen.es.kr,20230531,20.3,20.8,266,232,20230531,4,33,3,4,4,4,4,4,72,79,88,78,93,,1,5,23,498,1,4,0,0,20230531,6,,0,0.0,20230531,직영,3377,558,615924000,37.48478772,127.02260429,1165010800,서울시,19.8,17.4,서초구,23.0,20.9,15,83.0,87.0,
1,서초블리스,48C㎡,서울시 서초구 서초동,1165010800,1364-26,서울시 서초구 서운로6길 12,37.485856,127.029985,23,0,10,7,249,47,20,고금종합건설(주),HT001,48.74,36.92,76,2,1,1,계단식,136800,385920,27360,221760,0,0,0,,,,,,,,,,,,서울서일초등학교,B100000763,서울특별시 서초구 서초동 1436-8번지,공립,단설,19861016,서울특별시교육청,http://seoulseoil.sen.es.kr,20230531,20.3,20.8,266,232,20230531,4,33,3,4,4,4,4,4,72,79,88,78,93,,1,5,23,498,1,4,0,0,20230531,6,,0,0.0,20230531,직영,3377,558,615924000,37.48478772,127.02260429,1165010800,서울시,19.8,17.4,서초구,23.0,20.9,15,83.0,87.0,
2,서초블리스,49A㎡,서울시 서초구 서초동,1165010800,1364-26,서울시 서초구 서운로6길 12,37.485856,127.029985,23,0,10,7,249,47,20,고금종합건설(주),HT001,49.57,38.12,77,2,1,4,계단식,136800,385920,27360,221760,0,0,0,,,,,,,,,,,,서울서일초등학교,B100000763,서울특별시 서초구 서초동 1436-8번지,공립,단설,19861016,서울특별시교육청,http://seoulseoil.sen.es.kr,20230531,20.3,20.8,266,232,20230531,4,33,3,4,4,4,4,4,72,79,88,78,93,,1,5,23,498,1,4,0,0,20230531,6,,0,0.0,20230531,직영,3377,558,615924000,37.48478772,127.02260429,1165010800,서울시,19.8,17.4,서초구,23.0,20.9,15,83.0,87.0,
3,서초블리스,54㎡,서울시 서초구 서초동,1165010800,1364-26,서울시 서초구 서운로6길 12,37.485856,127.029985,23,0,10,7,249,47,20,고금종합건설(주),HT001,54.16,42.05,78,3,1,1,계단식,129600,372240,25920,216720,0,0,0,,,,,,,,,,,,서울서일초등학교,B100000763,서울특별시 서초구 서초동 1436-8번지,공립,단설,19861016,서울특별시교육청,http://seoulseoil.sen.es.kr,20230531,20.3,20.8,266,232,20230531,4,33,3,4,4,4,4,4,72,79,88,78,93,,1,5,23,498,1,4,0,0,20230531,6,,0,0.0,20230531,직영,3377,558,615924000,37.48478772,127.02260429,1165010800,서울시,19.8,17.4,서초구,23.0,20.9,15,83.0,87.0,
4,서초블리스,55㎡,서울시 서초구 서초동,1165010800,1364-26,서울시 서초구 서운로6길 12,37.485856,127.029985,23,0,10,7,249,47,20,고금종합건설(주),HT001,55.74,43.38,78,3,1,4,계단식,162000,433800,32400,239400,0,0,0,,,,,,,"4억 5,000",,,,,서울서일초등학교,B100000763,서울특별시 서초구 서초동 1436-8번지,공립,단설,19861016,서울특별시교육청,http://seoulseoil.sen.es.kr,20230531,20.3,20.8,266,232,20230531,4,33,3,4,4,4,4,4,72,79,88,78,93,,1,5,23,498,1,4,0,0,20230531,6,,0,0.0,20230531,직영,3377,558,615924000,37.48478772,127.02260429,1165010800,서울시,19.8,17.4,서초구,23.0,20.9,15,83.0,87.0,
5,서초블리스,62A㎡,서울시 서초구 서초동,1165010800,1364-26,서울시 서초구 서운로6길 12,37.485856,127.029985,23,0,10,7,249,47,20,고금종합건설(주),HT001,62.87,49.31,78,3,1,2,계단식,153900,418410,30780,233730,0,0,0,,,,,,,,,,,,서울서일초등학교,B100000763,서울특별시 서초구 서초동 1436-8번지,공립,단설,19861016,서울특별시교육청,http://seoulseoil.sen.es.kr,20230531,20.3,20.8,266,232,20230531,4,33,3,4,4,4,4,4,72,79,88,78,93,,1,5,23,498,1,4,0,0,20230531,6,,0,0.0,20230531,직영,3377,558,615924000,37.48478772,127.02260429,1165010800,서울시,19.8,17.4,서초구,23.0,20.9,15,83.0,87.0,
6,서초블리스,62B㎡,서울시 서초구 서초동,1165010800,1364-26,서울시 서초구 서운로6길 12,37.485856,127.029985,23,0,10,7,249,47,20,고금종합건설(주),HT001,62.2,48.6,78,3,1,1,계단식,176400,461160,35280,249480,0,0,0,,,,,,,,,,,,서울서일초등학교,B100000763,서울특별시 서초구 서초동 1436-8번지,공립,단설,19861016,서울특별시교육청,http://seoulseoil.sen.es.kr,20230531,20.3,20.8,266,232,20230531,4,33,3,4,4,4,4,4,72,79,88,78,93,,1,5,23,498,1,4,0,0,20230531,6,,0,0.0,20230531,직영,3377,558,615924000,37.48478772,127.02260429,1165010800,서울시,19.8,17.4,서초구,23.0,20.9,15,83.0,87.0,
7,서초블리스,64A㎡,서울시 서초구 서초동,1165010800,1364-26,서울시 서초구 서운로6길 12,37.485856,127.029985,23,0,10,7,249,47,20,고금종합건설(주),HT001,64.92,50.01,77,3,2,3,계단식,176400,461160,35280,249480,0,0,0,,,,,,,,,,,,서울서일초등학교,B100000763,서울특별시 서초구 서초동 1436-8번지,공립,단설,19861016,서울특별시교육청,http://seoulseoil.sen.es.kr,20230531,20.3,20.8,266,232,20230531,4,33,3,4,4,4,4,4,72,79,88,78,93,,1,5,23,498,1,4,0,0,20230531,6,,0,0.0,20230531,직영,3377,558,615924000,37.48478772,127.02260429,1165010800,서울시,19.8,17.4,서초구,23.0,20.9,15,83.0,87.0,
8,서초블리스,64B㎡,서울시 서초구 서초동,1165010800,1364-26,서울시 서초구 서운로6길 12,37.485856,127.029985,23,0,10,7,249,47,20,고금종합건설(주),HT001,64.9,49.91,77,3,2,1,계단식,176400,461160,35280,249480,0,0,0,,,,,,,,,,,,서울서일초등학교,B100000763,서울특별시 서초구 서초동 1436-8번지,공립,단설,19861016,서울특별시교육청,http://seoulseoil.sen.es.kr,20230531,20.3,20.8,266,232,20230531,4,33,3,4,4,4,4,4,72,79,88,78,93,,1,5,23,498,1,4,0,0,20230531,6,,0,0.0,20230531,직영,3377,558,615924000,37.48478772,127.02260429,1165010800,서울시,19.8,17.4,서초구,23.0,20.9,15,83.0,87.0,
9,서초블리스,68A㎡,서울시 서초구 서초동,1165010800,1364-26,서울시 서초구 서운로6길 12,37.485856,127.029985,23,0,10,7,249,47,20,고금종합건설(주),HT001,68.73,53.05,77,3,2,1,계단식,171900,452610,34380,246330,0,0,0,,,,,,,,,,,,서울서일초등학교,B100000763,서울특별시 서초구 서초동 1436-8번지,공립,단설,19861016,서울특별시교육청,http://seoulseoil.sen.es.kr,20230531,20.3,20.8,266,232,20230531,4,33,3,4,4,4,4,4,72,79,88,78,93,,1,5,23,498,1,4,0,0,20230531,6,,0,0.0,20230531,직영,3377,558,615924000,37.48478772,127.02260429,1165010800,서울시,19.8,17.4,서초구,23.0,20.9,15,83.0,87.0,
10,서초블리스,68B㎡,서울시 서초구 서초동,1165010800,1364-26,서울시 서초구 서운로6길 12,37.485856,127.029985,23,0,10,7,249,47,20,고금종합건설(주),HT001,68.23,52.69,77,3,2,1,계단식,199800,505620,39960,265860,0,0,0,,,,,,,,,,,,서울서일초등학교,B100000763,서울특별시 서초구 서초동 1436-8번지,공립,단설,19861016,서울특별시교육청,http://seoulseoil.sen.es.kr,20230531,20.3,20.8,266,232,20230531,4,33,3,4,4,4,4,4,72,79,88,78,93,,1,5,23,498,1,4,0,0,20230531,6,,0,0.0,20230531,직영,3377,558,615924000,37.48478772,127.02260429,1165010800,서울시,19.8,17.4,서초구,23.0,20.9,15,83.0,87.0,
11,서초블리스,75㎡,서울시 서초구 서초동,1165010800,1364-26,서울시 서초구 서운로6길 12,37.485856,127.029985,23,0,10,7,249,47,20,고금종합건설(주),HT001,75.22,58.15,77,3,2,1,계단식,192600,491940,38520,260820,0,0,0,,,,,,,,,,,,서울서일초등학교,B100000763,서울특별시 서초구 서초동 1436-8번지,공립,단설,19861016,서울특별시교육청,http://seoulseoil.sen.es.kr,20230531,20.3,20.8,266,232,20230531,4,33,3,4,4,4,4,4,72,79,88,78,93,,1,5,23,498,1,4,0,0,20230531,6,,0,0.0,20230531,직영,3377,558,615924000,37.48478772,127.02260429,1165010800,서울시,19.8,17.4,서초구,23.0,20.9,15,83.0,87.0,
12,서초블리스,80㎡,서울시 서초구 서초동,1165010800,1364-26,서울시 서초구 서운로6길 12,37.485856,127.029985,23,0,10,7,249,47,20,고금종합건설(주),HT001,80.32,63.19,79,3,2,1,계단식,247500,596250,49500,299250,0,0,0,,,,,,,,,,,,서울서일초등학교,B100000763,서울특별시 서초구 서초동 1436-8번지,공립,단설,19861016,서울특별시교육청,http://seoulseoil.sen.es.kr,20230531,20.3,20.8,266,232,20230531,4,33,3,4,4,4,4,4,72,79,88,78,93,,1,5,23,498,1,4,0,0,20230531,6,,0,0.0,20230531,직영,3377,558,615924000,37.48478772,127.02260429,1165010800,서울시,19.8,17.4,서초구,23.0,20.9,15,83.0,87.0,
13,서초블리스,81,서울시 서초구 서초동,1165010800,1364-26,서울시 서초구 서운로6길 12,37.485856,127.029985,23,0,10,7,249,47,20,고금종합건설(주),HT001,81.22,62.59,77,3,2,1,계단식,247500,596250,49500,299250,0,0,0,,,,,,,7억,,,,,서울서일초등학교,B100000763,서울특별시 서초구 서초동 1436-8번지,공립,단설,19861016,서울특별시교육청,http://seoulseoil.sen.es.kr,20230531,20.3,20.8,266,232,20230531,4,33,3,4,4,4,4,4,72,79,88,78,93,,1,5,23,498,1,4,0,0,20230531,6,,0,0.0,20230531,직영,3377,558,615924000,37.48478772,127.02260429,1165010800,서울시,19.8,17.4,서초구,23.0,20.9,15,83.0,87.0,
0,서초삼성래미안,108A㎡,서울시 서초구 서초동,1165010800,1641-1,서울시 서초구 사임당로17길 116,37.493179,127.019471,299,0,16,16,295,24,476,삼성물산(주),HT005,108.16,84.97,79,3,2,123,계단식,2046600,3392730,409320,936810,1170288,975240,195048,,373983,254283,19억,"19억 5,000",,,,,,,서울서초초등학교,B100000764,서울특별시 서초구 서초동 1310-6,공립,단설,19801004,서울특별시교육청,http://seocho.sen.es.kr,20230531,25.3,27.8,531,496,20230531,7,52,5,6,6,6,6,7,144,164,172,173,172,,1,5,36,1027,1,2,0,0,20230531,15,,0,0.0,20230531,직영,3385,1084,1057499000,37.49924318,127.02411499,1165010800,서울시,19.8,17.4,서초구,23.0,20.9,13,197.0,166.0,
1,서초삼성래미안,108B㎡,서울시 서초구 서초동,1165010800,1641-1,서울시 서초구 사임당로17길 116,37.493179,127.019471,299,0,16,16,295,24,476,삼성물산(주),HT005,108.06,84.89,79,3,2,16,계단식,1965600,3267180,393120,908460,1034208,861840,172368,,373631,254044,"19억 5,000",21억,,,,,,,서울서초초등학교,B100000764,서울특별시 서초구 서초동 1310-6,공립,단설,19801004,서울특별시교육청,http://seocho.sen.es.kr,20230531,25.3,27.8,531,496,20230531,7,52,5,6,6,6,6,7,144,164,172,173,172,,1,5,36,1027,1,2,0,0,20230531,15,,0,0.0,20230531,직영,3385,1084,1057499000,37.49924318,127.02411499,1165010800,서울시,19.8,17.4,서초구,23.0,20.9,13,197.0,166.0,
2,서초삼성래미안,154㎡,서울시 서초구 서초동,1165010800,1641-1,서울시 서초구 사임당로17길 116,37.493179,127.019471,299,0,16,16,295,24,476,삼성물산(주),HT005,154.86,121.66,79,4,2,128,계단식,2354400,3869820,470880,1044540,1770912,1475760,295152,,535468,364083,,24억,,"12억 5,000",8억/180,11억/60,8억/180,11억/60,서울서초초등학교,B100000764,서울특별시 서초구 서초동 1310-6,공립,단설,19801004,서울특별시교육청,http://seocho.sen.es.kr,20230531,25.3,27.8,531,496,20230531,7,52,5,6,6,6,6,7,144,164,172,173,172,,1,5,36,1027,1,2,0,0,20230531,15,,0,0.0,20230531,직영,3385,1084,1057499000,37.49924318,127.02411499,1165010800,서울시,19.8,17.4,서초구,23.0,20.9,13,197.0,166.0,
3,서초삼성래미안,191,서울시 서초구 서초동,1165010800,1641-1,서울시 서초구 사임당로17길 116,37.493179,127.019471,299,0,16,16,295,24,476,삼성물산(주),HT005,191.27,150.25,79,4,2,32,계단식,2511000,4112550,502200,1099350,2159280,1799400,359880,,661302,449642,25억,26억,,,,,,,서울서초초등학교,B100000764,서울특별시 서초구 서초동 1310-6,공립,단설,19801004,서울특별시교육청,http://seocho.sen.es.kr,20230531,25.3,27.8,531,496,20230531,7,52,5,6,6,6,6,7,144,164,172,173,172,,1,5,36,1027,1,2,0,0,20230531,15,,0,0.0,20230531,직영,3385,1084,1057499000,37.49924318,127.02411499,1165010800,서울시,19.8,17.4,서초구,23.0,20.9,13,197.0,166.0,
0,서초삼원그린빌,129,서울시 서초구 서초동,1165010800,1471-13,서울시 서초구 명달로4길 65,37.480985,127.009364,12,0,7,7,223,40,18,삼전건설(주),HT001,129.23,113.41,88,3,2,12,계단식,370800,830520,74160,385560,0,0,0,,,,,,,,,,,,서울신중초등학교,B100000768,서울특별시 서초구 서초동 1466-6번지,공립,단설,19360601,서울특별시교육청,http://sinjung.sen.es.kr,20230531,21.0,22.5,455,378,20230531,4,57,5,6,6,6,7,6,130,124,135,138,166,,1,5,36,833,1,3,0,0,20230531,10,,0,0.0,20230531,직영,3385,931,831091000,37.4801795,127.0093516,1165010800,서울시,19.8,17.4,서초구,23.0,20.9,2,135.0,162.0,
0,서초상지리츠빌10차,180㎡,서울시 서초구 서초동,1165010800,1517-6,서울시 서초구 명달로16길 17-5,37.485135,127.004661,19,0,7,6,199,34,49,상지건영,HT001,180.3,154.92,86,4,2,5,계단식,2223000,3666150,444600,998550,1466640,1222200,244440,,,,,,,14억,,,,,서울신중초등학교,B100000768,서울특별시 서초구 서초동 1466-6번지,공립,단설,19360601,서울특별시교육청,http://sinjung.sen.es.kr,20230531,21.0,22.5,455,378,20230531,4,57,5,6,6,6,7,6,130,124,135,138,166,,1,5,36,833,1,3,0,0,20230531,10,,0,0.0,20230531,직영,3385,931,831091000,37.4801795,127.0093516,1165010800,서울시,19.8,17.4,서초구,23.0,20.9,15,135.0,162.0,
1,서초상지리츠빌10차,203㎡,서울시 서초구 서초동,1165010800,1517-6,서울시 서초구 명달로16길 17-5,37.485135,127.004661,19,0,7,6,199,34,49,상지건영,HT001,203.93,175.22,86,4,2,12,계단식,2440800,4003740,488160,1074780,1985184,1654320,330864,,,,,27억,,,,,,,서울신중초등학교,B100000768,서울특별시 서초구 서초동 1466-6번지,공립,단설,19360601,서울특별시교육청,http://sinjung.sen.es.kr,20230531,21.0,22.5,455,378,20230531,4,57,5,6,6,6,7,6,130,124,135,138,166,,1,5,36,833,1,3,0,0,20230531,10,,0,0.0,20230531,직영,3385,931,831091000,37.4801795,127.0093516,1165010800,서울시,19.8,17.4,서초구,23.0,20.9,15,135.0,162.0,
2,서초상지리츠빌10차,220㎡,서울시 서초구 서초동,1165010800,1517-6,서울시 서초구 명달로16길 17-5,37.485135,127.004661,19,0,7,6,199,34,49,상지건영,HT001,220.58,189.53,86,4,3,1,계단식,2442600,4006530,488520,1075410,1989648,1658040,331608,,,,,,,,,,,,서울신중초등학교,B100000768,서울특별시 서초구 서초동 1466-6번지,공립,단설,19360601,서울특별시교육청,http://sinjung.sen.es.kr,20230531,21.0,22.5,455,378,20230531,4,57,5,6,6,6,7,6,130,124,135,138,166,,1,5,36,833,1,3,0,0,20230531,10,,0,0.0,20230531,직영,3385,931,831091000,37.4801795,127.0093516,1165010800,서울시,19.8,17.4,서초구,23.0,20.9,15,135.0,162.0,
3,서초상지리츠빌10차,229,서울시 서초구 서초동,1165010800,1517-6,서울시 서초구 명달로16길 17-5,37.485135,127.004661,19,0,7,6,199,34,49,상지건영,HT001,229.37,197.07,86,4,3,1,계단식,2505600,4104180,501120,1097460,2145888,1788240,357648,,,,,,,,,,,,서울신중초등학교,B100000768,서울특별시 서초구 서초동 1466-6번지,공립,단설,19360601,서울특별시교육청,http://sinjung.sen.es.kr,20230531,21.0,22.5,455,378,20230531,4,57,5,6,6,6,7,6,130,124,135,138,166,,1,5,36,833,1,3,0,0,20230531,10,,0,0.0,20230531,직영,3385,931,831091000,37.4801795,127.0093516,1165010800,서울시,19.8,17.4,서초구,23.0,20.9,15,135.0,162.0,
0,서초상지리츠빌1차,161㎡,서울시 서초구 서초동,1165010800,1490-1,서울시 서초구 명달로11길 31,37.482863,127.002283,19,0,12,9,393,53,43,상지건영(주),HT001,161.9,147.46,91,4,2,1,계단식,1634400,2753820,326880,792540,477792,398160,79632,,,,,,,,,,,,서울신중초등학교,B100000768,서울특별시 서초구 서초동 1466-6번지,공립,단설,19360601,서울특별시교육청,http://sinjung.sen.es.kr,20230531,21.0,22.5,455,378,20230531,4,57,5,6,6,6,7,6,130,124,135,138,166,,1,5,36,833,1,3,0,0,20230531,10,,0,0.0,20230531,직영,3385,931,831091000,37.4801795,127.0093516,1165010800,서울시,19.8,17.4,서초구,23.0,20.9,15,135.0,162.0,
1,서초상지리츠빌1차,180A㎡,서울시 서초구 서초동,1165010800,1490-1,서울시 서초구 명달로11길 31,37.482863,127.002283,19,0,12,9,393,53,43,상지건영(주),HT001,180.11,164.05,91,4,2,8,계단식,1987200,3300660,397440,916020,1070496,892080,178416,,,,,,,,,,,,서울신중초등학교,B100000768,서울특별시 서초구 서초동 1466-6번지,공립,단설,19360601,서울특별시교육청,http://sinjung.sen.es.kr,20230531,21.0,22.5,455,378,20230531,4,57,5,6,6,6,7,6,130,124,135,138,166,,1,5,36,833,1,3,0,0,20230531,10,,0,0.0,20230531,직영,3385,931,831091000,37.4801795,127.0093516,1165010800,서울시,19.8,17.4,서초구,23.0,20.9,15,135.0,162.0,
2,서초상지리츠빌1차,180B㎡,서울시 서초구 서초동,1165010800,1490-1,서울시 서초구 명달로11길 31,37.482863,127.002283,19,0,12,9,393,53,43,상지건영(주),HT001,180.56,164.46,91,4,2,6,계단식,1987200,3300660,397440,916020,1070496,892080,178416,,,,,,,,,,,,서울신중초등학교,B100000768,서울특별시 서초구 서초동 1466-6번지,공립,단설,19360601,서울특별시교육청,http://sinjung.sen.es.kr,20230531,21.0,22.5,455,378,20230531,4,57,5,6,6,6,7,6,130,124,135,138,166,,1,5,36,833,1,3,0,0,20230531,10,,0,0.0,20230531,직영,3385,931,831091000,37.4801795,127.0093516,1165010800,서울시,19.8,17.4,서초구,23.0,20.9,15,135.0,162.0,
3,서초상지리츠빌1차,180C㎡,서울시 서초구 서초동,1165010800,1490-1,서울시 서초구 명달로11길 31,37.482863,127.002283,19,0,12,9,393,53,43,상지건영(주),HT001,180.63,164.52,91,4,2,1,계단식,1987200,3300660,397440,916020,1070496,892080,178416,,,,,25억,,,,,,,서울신중초등학교,B100000768,서울특별시 서초구 서초동 1466-6번지,공립,단설,19360601,서울특별시교육청,http://sinjung.sen.es.kr,20230531,21.0,22.5,455,378,20230531,4,57,5,6,6,6,7,6,130,124,135,138,166,,1,5,36,833,1,3,0,0,20230531,10,,0,0.0,20230531,직영,3385,931,831091000,37.4801795,127.0093516,1165010800,서울시,19.8,17.4,서초구,23.0,20.9,15,135.0,162.0,
4,서초상지리츠빌1차,218A㎡,서울시 서초구 서초동,1165010800,1490-1,서울시 서초구 명달로11길 31,37.482863,127.002283,19,0,12,9,393,53,43,상지건영(주),HT001,218.29,198.83,91,4,2,1,계단식,2219400,3660570,443880,997290,1460592,1217160,243432,,,,,,,,,,,,서울신중초등학교,B100000768,서울특별시 서초구 서초동 1466-6번지,공립,단설,19360601,서울특별시교육청,http://sinjung.sen.es.kr,20230531,21.0,22.5,455,378,20230531,4,57,5,6,6,6,7,6,130,124,135,138,166,,1,5,36,833,1,3,0,0,20230531,10,,0,0.0,20230531,직영,3385,931,831091000,37.4801795,127.0093516,1165010800,서울시,19.8,17.4,서초구,23.0,20.9,15,135.0,162.0,
5,서초상지리츠빌1차,221B,서울시 서초구 서초동,1165010800,1490-1,서울시 서초구 명달로11길 31,37.482863,127.002283,19,0,12,9,393,53,43,상지건영(주),HT001,221.41,201.67,91,4,2,2,계단식,2570400,4204620,514080,1120140,2306592,1922160,384432,,,,,,,,,,,,서울신중초등학교,B100000768,서울특별시 서초구 서초동 1466-6번지,공립,단설,19360601,서울특별시교육청,http://sinjung.sen.es.kr,20230531,21.0,22.5,455,378,20230531,4,57,5,6,6,6,7,6,130,124,135,138,166,,1,5,36,833,1,3,0,0,20230531,10,,0,0.0,20230531,직영,3385,931,831091000,37.4801795,127.0093516,1165010800,서울시,19.8,17.4,서초구,23.0,20.9,15,135.0,162.0,
0,서초상지리츠빌3차,206A㎡,서울시 서초구 서초동,1165010800,1492-13,서울시 서초구 명달로13길 12,37.484105,127.003194,18,0,6,6,249,43,48,상지건영(주),HT001,206.89,192.16,93,4,2,6,계단식,2003400,3325770,400680,921690,1097712,914760,182952,,,,,,,,,,,,서울신중초등학교,B100000768,서울특별시 서초구 서초동 1466-6번지,공립,단설,19360601,서울특별시교육청,http://sinjung.sen.es.kr,20230531,21.0,22.5,455,378,20230531,4,57,5,6,6,6,7,6,130,124,135,138,166,,1,5,36,833,1,3,0,0,20230531,10,,0,0.0,20230531,직영,3385,931,831091000,37.4801795,127.0093516,1165010800,서울시,19.8,17.4,서초구,23.0,20.9,14,135.0,162.0,
1,서초상지리츠빌3차,207B㎡,서울시 서초구 서초동,1165010800,1492-13,서울시 서초구 명달로13길 12,37.484105,127.003194,18,0,6,6,249,43,48,상지건영(주),HT001,207.62,192.84,93,4,2,6,계단식,2003400,3325770,400680,921690,1097712,914760,182952,,,,,,,,,,,,서울신중초등학교,B100000768,서울특별시 서초구 서초동 1466-6번지,공립,단설,19360601,서울특별시교육청,http://sinjung.sen.es.kr,20230531,21.0,22.5,455,378,20230531,4,57,5,6,6,6,7,6,130,124,135,138,166,,1,5,36,833,1,3,0,0,20230531,10,,0,0.0,20230531,직영,3385,931,831091000,37.4801795,127.0093516,1165010800,서울시,19.8,17.4,서초구,23.0,20.9,14,135.0,162.0,
2,서초상지리츠빌3차,226A㎡,서울시 서초구 서초동,1165010800,1492-13,서울시 서초구 명달로13길 12,37.484105,127.003194,18,0,6,6,249,43,48,상지건영(주),HT001,226.98,210.86,93,4,2,1,계단식,2320200,3816810,464040,1032570,1686096,1405080,281016,,,,,,,,,,,,서울신중초등학교,B100000768,서울특별시 서초구 서초동 1466-6번지,공립,단설,19360601,서울특별시교육청,http://sinjung.sen.es.kr,20230531,21.0,22.5,455,378,20230531,4,57,5,6,6,6,7,6,130,124,135,138,166,,1,5,36,833,1,3,0,0,20230531,10,,0,0.0,20230531,직영,3385,931,831091000,37.4801795,127.0093516,1165010800,서울시,19.8,17.4,서초구,23.0,20.9,14,135.0,162.0,
3,서초상지리츠빌3차,227B,서울시 서초구 서초동,1165010800,1492-13,서울시 서초구 명달로13길 12,37.484105,127.003194,18,0,6,6,249,43,48,상지건영(주),HT001,227.16,211.02,93,4,2,5,계단식,2347200,3858660,469440,1042020,1753056,1460880,292176,,,,,,,,,,,,서울신중초등학교,B100000768,서울특별시 서초구 서초동 1466-6번지,공립,단설,19360601,서울특별시교육청,http://sinjung.sen.es.kr,20230531,21.0,22.5,455,378,20230531,4,57,5,6,6,6,7,6,130,124,135,138,166,,1,5,36,833,1,3,0,0,20230531,10,,0,0.0,20230531,직영,3385,931,831091000,37.4801795,127.0093516,1165010800,서울시,19.8,17.4,서초구,23.0,20.9,14,135.0,162.0,
0,서초상지리츠빌4차,152㎡,서울시 서초구 서초동,1165010800,1490-36,서울시 서초구 명달로11길 29-3,37.482994,127.002616,17,0,6,6,249,46,37,상지건영(주),HT001,152.37,138.54,91,4,2,5,계단식,1503000,2550150,300600,746550,257040,214200,42840,,,,,,,,,,,,서울신중초등학교,B100000768,서울특별시 서초구 서초동 1466-6번지,공립,단설,19360601,서울특별시교육청,http://sinjung.sen.es.kr,20230531,21.0,22.5,455,378,20230531,4,57,5,6,6,6,7,6,130,124,135,138,166,,1,5,36,833,1,3,0,0,20230531,10,,0,0.0,20230531,직영,3385,931,831091000,37.4801795,127.0093516,1165010800,서울시,19.8,17.4,서초구,23.0,20.9,15,135.0,162.0,
1,서초상지리츠빌4차,165㎡,서울시 서초구 서초동,1165010800,1490-36,서울시 서초구 명달로11길 29-3,37.482994,127.002616,17,0,6,6,249,46,37,상지건영(주),HT001,165.33,150.32,91,4,2,5,계단식,1708200,2868210,341640,818370,601776,501480,100296,,,,,,,,,,,,서울신중초등학교,B100000768,서울특별시 서초구 서초동 1466-6번지,공립,단설,19360601,서울특별시교육청,http://sinjung.sen.es.kr,20230531,21.0,22.5,455,378,20230531,4,57,5,6,6,6,7,6,130,124,135,138,166,,1,5,36,833,1,3,0,0,20230531,10,,0,0.0,20230531,직영,3385,931,831091000,37.4801795,127.0093516,1165010800,서울시,19.8,17.4,서초구,23.0,20.9,15,135.0,162.0,
2,서초상지리츠빌4차,175㎡,서울시 서초구 서초동,1165010800,1490-36,서울시 서초구 명달로11길 29-3,37.482994,127.002616,17,0,6,6,249,46,37,상지건영(주),HT001,175.03,159.14,91,4,2,1,계단식,1612800,2720340,322560,784980,441504,367920,73584,,,,,,,,,,,,서울신중초등학교,B100000768,서울특별시 서초구 서초동 1466-6번지,공립,단설,19360601,서울특별시교육청,http://sinjung.sen.es.kr,20230531,21.0,22.5,455,378,20230531,4,57,5,6,6,6,7,6,130,124,135,138,166,,1,5,36,833,1,3,0,0,20230531,10,,0,0.0,20230531,직영,3385,931,831091000,37.4801795,127.0093516,1165010800,서울시,19.8,17.4,서초구,23.0,20.9,15,135.0,162.0,
3,서초상지리츠빌4차,180A㎡,서울시 서초구 서초동,1165010800,1490-36,서울시 서초구 명달로11길 29-3,37.482994,127.002616,17,0,6,6,249,46,37,상지건영(주),HT001,180.73,164.34,91,4,2,1,계단식,1886400,3144420,377280,880740,901152,750960,150192,,,,,24억,,,,,,,서울신중초등학교,B100000768,서울특별시 서초구 서초동 1466-6번지,공립,단설,19360601,서울특별시교육청,http://sinjung.sen.es.kr,20230531,21.0,22.5,455,378,20230531,4,57,5,6,6,6,7,6,130,124,135,138,166,,1,5,36,833,1,3,0,0,20230531,10,,0,0.0,20230531,직영,3385,931,831091000,37.4801795,127.0093516,1165010800,서울시,19.8,17.4,서초구,23.0,20.9,15,135.0,162.0,
4,서초상지리츠빌4차,181B㎡,서울시 서초구 서초동,1165010800,1490-36,서울시 서초구 명달로11길 29-3,37.482994,127.002616,17,0,6,6,249,46,37,상지건영(주),HT001,181.31,164.85,91,4,2,4,계단식,1926000,3205800,385200,894600,967680,806400,161280,,,,,,,,,,,,서울신중초등학교,B100000768,서울특별시 서초구 서초동 1466-6번지,공립,단설,19360601,서울특별시교육청,http://sinjung.sen.es.kr,20230531,21.0,22.5,455,378,20230531,4,57,5,6,6,6,7,6,130,124,135,138,166,,1,5,36,833,1,3,0,0,20230531,10,,0,0.0,20230531,직영,3385,931,831091000,37.4801795,127.0093516,1165010800,서울시,19.8,17.4,서초구,23.0,20.9,15,135.0,162.0,
5,서초상지리츠빌4차,184,서울시 서초구 서초동,1165010800,1490-36,서울시 서초구 명달로11길 29-3,37.482994,127.002616,17,0,6,6,249,46,37,상지건영(주),HT001,184.69,167.94,91,4,2,1,계단식,1812600,3030030,362520,854910,777168,647640,129528,,,,,,,,,,,,서울신중초등학교,B100000768,서울특별시 서초구 서초동 1466-6번지,공립,단설,19360601,서울특별시교육청,http://sinjung.sen.es.kr,20230531,21.0,22.5,455,378,20230531,4,57,5,6,6,6,7,6,130,124,135,138,166,,1,5,36,833,1,3,0,0,20230531,10,,0,0.0,20230531,직영,3385,931,831091000,37.4801795,127.0093516,1165010800,서울시,19.8,17.4,서초구,23.0,20.9,15,135.0,162.0,
0,서초상지리츠빌5차,179㎡,서울시 서초구 서초동,1165010800,1491-14,서울시 서초구 명달로11길 20,37.483317,127.002763,12,0,7,6,246,42,28,상지건영(주),HT001,179.99,168.41,94,4,2,2,계단식,1886400,3144420,377280,880740,901152,750960,150192,,,,,,,,,,,,서울신중초등학교,B100000768,서울특별시 서초구 서초동 1466-6번지,공립,단설,19360601,서울특별시교육청,http://sinjung.sen.es.kr,20230531,21.0,22.5,455,378,20230531,4,57,5,6,6,6,7,6,130,124,135,138,166,,1,5,36,833,1,3,0,0,20230531,10,,0,0.0,20230531,직영,3385,931,831091000,37.4801795,127.0093516,1165010800,서울시,19.8,17.4,서초구,23.0,20.9,14,135.0,162.0,
1,서초상지리츠빌5차,191㎡,서울시 서초구 서초동,1165010800,1491-14,서울시 서초구 명달로11길 20,37.483317,127.002763,12,0,7,6,246,42,28,상지건영(주),HT001,191.3,179,94,4,2,8,계단식,2048400,3395520,409680,937440,1173312,977760,195552,,,,,,,,,,,,서울신중초등학교,B100000768,서울특별시 서초구 서초동 1466-6번지,공립,단설,19360601,서울특별시교육청,http://sinjung.sen.es.kr,20230531,21.0,22.5,455,378,20230531,4,57,5,6,6,6,7,6,130,124,135,138,166,,1,5,36,833,1,3,0,0,20230531,10,,0,0.0,20230531,직영,3385,931,831091000,37.4801795,127.0093516,1165010800,서울시,19.8,17.4,서초구,23.0,20.9,14,135.0,162.0,
2,서초상지리츠빌5차,231,서울시 서초구 서초동,1165010800,1491-14,서울시 서초구 명달로11길 20,37.483317,127.002763,12,0,7,6,246,42,28,상지건영(주),HT001,231.86,216.91,94,4,2,2,계단식,2318400,3814020,463680,1031940,1681632,1401360,280272,,,,,,,,,,,,서울신중초등학교,B100000768,서울특별시 서초구 서초동 1466-6번지,공립,단설,19360601,서울특별시교육청,http://sinjung.sen.es.kr,20230531,21.0,22.5,455,378,20230531,4,57,5,6,6,6,7,6,130,124,135,138,166,,1,5,36,833,1,3,0,0,20230531,10,,0,0.0,20230531,직영,3385,931,831091000,37.4801795,127.0093516,1165010800,서울시,19.8,17.4,서초구,23.0,20.9,14,135.0,162.0,
0,서초상지리츠빌6차,151㎡,서울시 서초구 서초동,1165010800,1491-31,서울시 서초구 명달로13길 21,37.483426,127.002785,14,0,7,7,224,36,26,상지건영(주),HT001,151.1,140.28,93,4,2,2,계단식,1526400,2586420,305280,754740,296352,246960,49392,,,,,,,,,,,,서울신중초등학교,B100000768,서울특별시 서초구 서초동 1466-6번지,공립,단설,19360601,서울특별시교육청,http://sinjung.sen.es.kr,20230531,21.0,22.5,455,378,20230531,4,57,5,6,6,6,7,6,130,124,135,138,166,,1,5,36,833,1,3,0,0,20230531,10,,0,0.0,20230531,직영,3385,931,831091000,37.4801795,127.0093516,1165010800,서울시,19.8,17.4,서초구,23.0,20.9,15,135.0,162.0,
1,서초상지리츠빌6차,154,서울시 서초구 서초동,1165010800,1491-31,서울시 서초구 명달로13길 21,37.483426,127.002785,14,0,7,7,224,36,26,상지건영(주),HT001,154.87,143.78,93,4,2,12,계단식,1724400,2893320,344880,824040,628992,524160,104832,,,,23억,24억,,,,,,,서울신중초등학교,B100000768,서울특별시 서초구 서초동 1466-6번지,공립,단설,19360601,서울특별시교육청,http://sinjung.sen.es.kr,20230531,21.0,22.5,455,378,20230531,4,57,5,6,6,6,7,6,130,124,135,138,166,,1,5,36,833,1,3,0,0,20230531,10,,0,0.0,20230531,직영,3385,931,831091000,37.4801795,127.0093516,1165010800,서울시,19.8,17.4,서초구,23.0,20.9,15,135.0,162.0,
0,서초상지리츠빌7차,237A㎡,서울시 서초구 서초동,1165010800,1491-1,서울시 서초구 명달로13길 25,37.483341,127.002367,14,0,7,7,248,40,41,상지건영(주),HT001,237.3,223.11,94,5,3,9,계단식,2968200,4821210,593640,1259370,3293136,2744280,548856,,,,,,,,,2억/1000,,2억/1000,서울신중초등학교,B100000768,서울특별시 서초구 서초동 1466-6번지,공립,단설,19360601,서울특별시교육청,http://sinjung.sen.es.kr,20230531,21.0,22.5,455,378,20230531,4,57,5,6,6,6,7,6,130,124,135,138,166,,1,5,36,833,1,3,0,0,20230531,10,,0,0.0,20230531,직영,3385,931,831091000,37.4801795,127.0093516,1165010800,서울시,19.8,17.4,서초구,23.0,20.9,16,135.0,162.0,
1,서초상지리츠빌7차,237B,서울시 서초구 서초동,1165010800,1491-1,서울시 서초구 명달로13길 25,37.483341,127.002367,14,0,7,7,248,40,41,상지건영(주),HT001,237.44,223.25,94,5,3,5,계단식,2968200,4821210,593640,1259370,3293136,2744280,548856,,,,,,,,,,,,서울신중초등학교,B100000768,서울특별시 서초구 서초동 1466-6번지,공립,단설,19360601,서울특별시교육청,http://sinjung.sen.es.kr,20230531,21.0,22.5,455,378,20230531,4,57,5,6,6,6,7,6,130,124,135,138,166,,1,5,36,833,1,3,0,0,20230531,10,,0,0.0,20230531,직영,3385,931,831091000,37.4801795,127.0093516,1165010800,서울시,19.8,17.4,서초구,23.0,20.9,16,135.0,162.0,
0,서초상지리츠빌8차,141㎡,서울시 서초구 서초동,1165010800,1491-3,서울시 서초구 명달로13길 7,37.483718,127.003312,18,0,6,6,246,44,33,상지건영(주),HT001,141.18,128.81,91,4,2,6,계단식,1503000,2550150,300600,746550,257040,214200,42840,,,,,,,,,,,,서울신중초등학교,B100000768,서울특별시 서초구 서초동 1466-6번지,공립,단설,19360601,서울특별시교육청,http://sinjung.sen.es.kr,20230531,21.0,22.5,455,378,20230531,4,57,5,6,6,6,7,6,130,124,135,138,166,,1,5,36,833,1,3,0,0,20230531,10,,0,0.0,20230531,직영,3385,931,831091000,37.4801795,127.0093516,1165010800,서울시,19.8,17.4,서초구,23.0,20.9,14,135.0,162.0,
1,서초상지리츠빌8차,154㎡,서울시 서초구 서초동,1165010800,1491-3,서울시 서초구 명달로13길 7,37.483718,127.003312,18,0,6,6,246,44,33,상지건영(주),HT001,154.68,141.12,91,4,2,6,계단식,1623600,2737080,324720,788760,459648,383040,76608,,,,,22억,,,,12억/100,,12억/100,서울신중초등학교,B100000768,서울특별시 서초구 서초동 1466-6번지,공립,단설,19360601,서울특별시교육청,http://sinjung.sen.es.kr,20230531,21.0,22.5,455,378,20230531,4,57,5,6,6,6,7,6,130,124,135,138,166,,1,5,36,833,1,3,0,0,20230531,10,,0,0.0,20230531,직영,3385,931,831091000,37.4801795,127.0093516,1165010800,서울시,19.8,17.4,서초구,23.0,20.9,14,135.0,162.0,
2,서초상지리츠빌8차,165,서울시 서초구 서초동,1165010800,1491-3,서울시 서초구 명달로13길 7,37.483718,127.003312,18,0,6,6,246,44,33,상지건영(주),HT001,165.2,150.72,91,4,2,6,계단식,1825200,3049560,365040,859320,798336,665280,133056,,,,,,,,,,,,서울신중초등학교,B100000768,서울특별시 서초구 서초동 1466-6번지,공립,단설,19360601,서울특별시교육청,http://sinjung.sen.es.kr,20230531,21.0,22.5,455,378,20230531,4,57,5,6,6,6,7,6,130,124,135,138,166,,1,5,36,833,1,3,0,0,20230531,10,,0,0.0,20230531,직영,3385,931,831091000,37.4801795,127.0093516,1165010800,서울시,19.8,17.4,서초구,23.0,20.9,14,135.0,162.0,
0,서초센트럴아이파크(주거복합),104A-1㎡,서울시 서초구 서초동,1165010800,1582-3,서울시 서초구 반포대로18길 36,37.487007,127.01165,318,0,33,33,828,38,380,현대산업개발(주),HT001,104.92,80.53,77,3,2,95,계단식,2061000,3415050,412200,941850,1194480,995400,199080,,307954,338882,16억,21억,"9억 8,000","10억 5,000",2억/400,3억/290,2억/400,3억/290,서울신중초등학교,B100000768,서울특별시 서초구 서초동 1466-6번지,공립,단설,19360601,서울특별시교육청,http://sinjung.sen.es.kr,20230531,21.0,22.5,455,378,20230531,4,57,5,6,6,6,7,6,130,124,135,138,166,,1,5,36,833,1,3,0,0,20230531,10,,0,0.0,20230531,직영,3385,931,831091000,37.4801795,127.0093516,1165010800,서울시,19.8,17.4,서초구,23.0,20.9,13,135.0,162.0,
1,서초센트럴아이파크(주거복합),105A㎡,서울시 서초구 서초동,1165010800,1582-3,서울시 서초구 반포대로18길 36,37.487007,127.01165,318,0,33,33,828,38,380,현대산업개발(주),HT001,105.25,80.51,76,3,2,128,계단식,2075400,3437370,415080,946890,1218672,1015560,203112,,307886,338807,"16억 5,000",22억,10억,11억,,"5,000/450",,"5,000/450",서울신중초등학교,B100000768,서울특별시 서초구 서초동 1466-6번지,공립,단설,19360601,서울특별시교육청,http://sinjung.sen.es.kr,20230531,21.0,22.5,455,378,20230531,4,57,5,6,6,6,7,6,130,124,135,138,166,,1,5,36,833,1,3,0,0,20230531,10,,0,0.0,20230531,직영,3385,931,831091000,37.4801795,127.0093516,1165010800,서울시,19.8,17.4,서초구,23.0,20.9,13,135.0,162.0,
2,서초센트럴아이파크(주거복합),105C㎡,서울시 서초구 서초동,1165010800,1582-3,서울시 서초구 반포대로18길 36,37.487007,127.01165,318,0,33,33,828,38,380,현대산업개발(주),HT001,105.1,80.5,77,3,2,31,계단식,2066400,3423420,413280,943740,1203552,1002960,200592,,307865,338784,,19억,10억,12억,3억/320,7억/200,3억/320,7억/200,서울신중초등학교,B100000768,서울특별시 서초구 서초동 1466-6번지,공립,단설,19360601,서울특별시교육청,http://sinjung.sen.es.kr,20230531,21.0,22.5,455,378,20230531,4,57,5,6,6,6,7,6,130,124,135,138,166,,1,5,36,833,1,3,0,0,20230531,10,,0,0.0,20230531,직영,3385,931,831091000,37.4801795,127.0093516,1165010800,서울시,19.8,17.4,서초구,23.0,20.9,13,135.0,162.0,
3,서초센트럴아이파크(주거복합),106B㎡,서울시 서초구 서초동,1165010800,1582-3,서울시 서초구 반포대로18길 36,37.487007,127.01165,318,0,33,33,828,38,380,현대산업개발(주),HT001,106.72,80.59,76,3,2,32,계단식,2016000,3345300,403200,926100,1118880,932400,186480,,308202,339155,"15억 5,000",18억,"10억 5,000",12억,,1억/500,,1억/500,서울신중초등학교,B100000768,서울특별시 서초구 서초동 1466-6번지,공립,단설,19360601,서울특별시교육청,http://sinjung.sen.es.kr,20230531,21.0,22.5,455,378,20230531,4,57,5,6,6,6,7,6,130,124,135,138,166,,1,5,36,833,1,3,0,0,20230531,10,,0,0.0,20230531,직영,3385,931,831091000,37.4801795,127.0093516,1165010800,서울시,19.8,17.4,서초구,23.0,20.9,13,135.0,162.0,
4,서초센트럴아이파크(주거복합),107D,서울시 서초구 서초동,1165010800,1582-3,서울시 서초구 반포대로18길 36,37.487007,127.01165,318,0,33,33,828,38,380,현대산업개발(주),HT001,107.07,80.5,75,3,2,32,계단식,1909800,3180690,381960,888930,940464,783720,156744,,307829,338744,,,,,8억/160,8억/170,8억/160,8억/170,서울신중초등학교,B100000768,서울특별시 서초구 서초동 1466-6번지,공립,단설,19360601,서울특별시교육청,http://sinjung.sen.es.kr,20230531,21.0,22.5,455,378,20230531,4,57,5,6,6,6,7,6,130,124,135,138,166,,1,5,36,833,1,3,0,0,20230531,10,,0,0.0,20230531,직영,3385,931,831091000,37.4801795,127.0093516,1165010800,서울시,19.8,17.4,서초구,23.0,20.9,13,135.0,162.0,
0,서초스위트빌,100A㎡,서울시 서초구 서초동,1165010800,1513-5,서울시 서초구 명달로20길 39,37.486219,127.006321,17,0,6,5,223,45,21,(주)세인아이종합건설,HT001,100.96,84.47,84,3,2,5,계단식,422100,927360,84420,420840,0,0,0,,,,,,,,,,,,서울신중초등학교,B100000768,서울특별시 서초구 서초동 1466-6번지,공립,단설,19360601,서울특별시교육청,http://sinjung.sen.es.kr,20230531,21.0,22.5,455,378,20230531,4,57,5,6,6,6,7,6,130,124,135,138,166,,1,5,36,833,1,3,0,0,20230531,10,,0,0.0,20230531,직영,3385,931,831091000,37.4801795,127.0093516,1165010800,서울시,19.8,17.4,서초구,23.0,20.9,13,135.0,162.0,
1,서초스위트빌,101B,서울시 서초구 서초동,1165010800,1513-5,서울시 서초구 명달로20길 39,37.486219,127.006321,17,0,6,5,223,45,21,(주)세인아이종합건설,HT001,101.19,84.66,84,3,2,12,계단식,422100,927360,84420,420840,0,0,0,,,,,,,,,,,,서울신중초등학교,B100000768,서울특별시 서초구 서초동 1466-6번지,공립,단설,19360601,서울특별시교육청,http://sinjung.sen.es.kr,20230531,21.0,22.5,455,378,20230531,4,57,5,6,6,6,7,6,130,124,135,138,166,,1,5,36,833,1,3,0,0,20230531,10,,0,0.0,20230531,직영,3385,931,831091000,37.4801795,127.0093516,1165010800,서울시,19.8,17.4,서초구,23.0,20.9,13,135.0,162.0,
0,서초신원아침도시2차,105,서울시 서초구 서초동,1165010800,1420-18,서울시 서초구 남부순환로337가길 52,37.48429,127.024257,88,0,15,14,249,22,107,신원종합개발(주),HT001,105.8,84.34,80,3,2,88,계단식,1263600,2179080,252720,662760,0,0,0,,,,16억,"17억 5,000",,"8억 5,000",,,,,서울서일초등학교,B100000763,서울특별시 서초구 서초동 1436-8번지,공립,단설,19861016,서울특별시교육청,http://seoulseoil.sen.es.kr,20230531,20.3,20.8,266,232,20230531,4,33,3,4,4,4,4,4,72,79,88,78,93,,1,5,23,498,1,4,0,0,20230531,6,,0,0.0,20230531,직영,3377,558,615924000,37.48478772,127.02260429,1165010800,서울시,19.8,17.4,서초구,23.0,20.9,1,83.0,87.0,
0,서초쌍용플래티넘(주상복합),45㎡,서울시 서초구 서초동,1165010800,1445-13,서울시 서초구 서초중앙로 18,37.484114,127.017169,109,0,21,20,797,57,381,남광토건(주),HT001,45.36,34.67,76,1,1,2,복도식,99600,300960,19920,181440,0,0,0,,,,,,,,,,,,서울서일초등학교,B100000763,서울특별시 서초구 서초동 1436-8번지,공립,단설,19861016,서울특별시교육청,http://seoulseoil.sen.es.kr,20230531,20.3,20.8,266,232,20230531,4,33,3,4,4,4,4,4,72,79,88,78,93,,1,5,23,498,1,4,0,0,20230531,6,,0,0.0,20230531,직영,3377,558,615924000,37.48478772,127.02260429,1165010800,서울시,19.8,17.4,서초구,23.0,20.9,9,83.0,87.0,
1,서초쌍용플래티넘(주상복합),57㎡,서울시 서초구 서초동,1165010800,1445-13,서울시 서초구 서초중앙로 18,37.484114,127.017169,109,0,21,20,797,57,381,남광토건(주),HT001,57.27,43.77,76,1,1,1,복도식,121500,356850,24300,211050,0,0,0,,,,,,,,,,,,서울서일초등학교,B100000763,서울특별시 서초구 서초동 1436-8번지,공립,단설,19861016,서울특별시교육청,http://seoulseoil.sen.es.kr,20230531,20.3,20.8,266,232,20230531,4,33,3,4,4,4,4,4,72,79,88,78,93,,1,5,23,498,1,4,0,0,20230531,6,,0,0.0,20230531,직영,3377,558,615924000,37.48478772,127.02260429,1165010800,서울시,19.8,17.4,서초구,23.0,20.9,9,83.0,87.0,
2,서초쌍용플래티넘(주상복합),72B㎡,서울시 서초구 서초동,1165010800,1445-13,서울시 서초구 서초중앙로 18,37.484114,127.017169,109,0,21,20,797,57,381,남광토건(주),HT001,72.73,55.59,76,1,1,11,복도식,255600,611640,51120,304920,0,0,0,,,,"7억 7,000","9억 2,000",,,,,,,서울서일초등학교,B100000763,서울특별시 서초구 서초동 1436-8번지,공립,단설,19861016,서울특별시교육청,http://seoulseoil.sen.es.kr,20230531,20.3,20.8,266,232,20230531,4,33,3,4,4,4,4,4,72,79,88,78,93,,1,5,23,498,1,4,0,0,20230531,6,,0,0.0,20230531,직영,3377,558,615924000,37.48478772,127.02260429,1165010800,서울시,19.8,17.4,서초구,23.0,20.9,9,83.0,87.0,
3,서초쌍용플래티넘(주상복합),72A㎡,서울시 서초구 서초동,1165010800,1445-13,서울시 서초구 서초중앙로 18,37.484114,127.017169,109,0,21,20,797,57,381,남광토건(주),HT001,72.29,55.25,76,1,1,1,복도식,242100,585990,48420,295470,0,0,0,,,,,,,,,,,,서울서일초등학교,B100000763,서울특별시 서초구 서초동 1436-8번지,공립,단설,19861016,서울특별시교육청,http://seoulseoil.sen.es.kr,20230531,20.3,20.8,266,232,20230531,4,33,3,4,4,4,4,4,72,79,88,78,93,,1,5,23,498,1,4,0,0,20230531,6,,0,0.0,20230531,직영,3377,558,615924000,37.48478772,127.02260429,1165010800,서울시,19.8,17.4,서초구,23.0,20.9,9,83.0,87.0,
4,서초쌍용플래티넘(주상복합),73C㎡,서울시 서초구 서초동,1165010800,1445-13,서울시 서초구 서초중앙로 18,37.484114,127.017169,109,0,21,20,797,57,381,남광토건(주),HT001,73.26,56,76,1,1,9,복도식,255600,611640,51120,304920,0,0,0,,,,8억,"9억 2,000",,,,,,,서울서일초등학교,B100000763,서울특별시 서초구 서초동 1436-8번지,공립,단설,19861016,서울특별시교육청,http://seoulseoil.sen.es.kr,20230531,20.3,20.8,266,232,20230531,4,33,3,4,4,4,4,4,72,79,88,78,93,,1,5,23,498,1,4,0,0,20230531,6,,0,0.0,20230531,직영,3377,558,615924000,37.48478772,127.02260429,1165010800,서울시,19.8,17.4,서초구,23.0,20.9,9,83.0,87.0,
5,서초쌍용플래티넘(주상복합),89㎡,서울시 서초구 서초동,1165010800,1445-13,서울시 서초구 서초중앙로 18,37.484114,127.017169,109,0,21,20,797,57,381,남광토건(주),HT001,89.24,68.21,76,2,1,44,복도식,333000,758700,66600,359100,0,0,0,,,,10억,"11억 8,000",,,3억/190,"4억 5,000/50",3억/190,"4억 5,000/50",서울서일초등학교,B100000763,서울특별시 서초구 서초동 1436-8번지,공립,단설,19861016,서울특별시교육청,http://seoulseoil.sen.es.kr,20230531,20.3,20.8,266,232,20230531,4,33,3,4,4,4,4,4,72,79,88,78,93,,1,5,23,498,1,4,0,0,20230531,6,,0,0.0,20230531,직영,3377,558,615924000,37.48478772,127.02260429,1165010800,서울시,19.8,17.4,서초구,23.0,20.9,9,83.0,87.0,
6,서초쌍용플래티넘(주상복합),94A㎡,서울시 서초구 서초동,1165010800,1445-13,서울시 서초구 서초중앙로 18,37.484114,127.017169,109,0,21,20,797,57,381,남광토건(주),HT001,94.06,71.9,76,2,1,11,복도식,398700,883530,79740,405090,0,0,0,,,,12억,16억,,,,,,,서울서일초등학교,B100000763,서울특별시 서초구 서초동 1436-8번지,공립,단설,19861016,서울특별시교육청,http://seoulseoil.sen.es.kr,20230531,20.3,20.8,266,232,20230531,4,33,3,4,4,4,4,4,72,79,88,78,93,,1,5,23,498,1,4,0,0,20230531,6,,0,0.0,20230531,직영,3377,558,615924000,37.48478772,127.02260429,1165010800,서울시,19.8,17.4,서초구,23.0,20.9,9,83.0,87.0,
7,서초쌍용플래티넘(주상복합),94B㎡,서울시 서초구 서초동,1165010800,1445-13,서울시 서초구 서초중앙로 18,37.484114,127.017169,109,0,21,20,797,57,381,남광토건(주),HT001,94.82,72.47,76,2,1,9,복도식,398700,883530,79740,405090,0,0,0,,,,12억,13억,,,,,,,서울서일초등학교,B100000763,서울특별시 서초구 서초동 1436-8번지,공립,단설,19861016,서울특별시교육청,http://seoulseoil.sen.es.kr,20230531,20.3,20.8,266,232,20230531,4,33,3,4,4,4,4,4,72,79,88,78,93,,1,5,23,498,1,4,0,0,20230531,6,,0,0.0,20230531,직영,3377,558,615924000,37.48478772,127.02260429,1165010800,서울시,19.8,17.4,서초구,23.0,20.9,9,83.0,87.0,
8,서초쌍용플래티넘(주상복합),106㎡,서울시 서초구 서초동,1165010800,1445-13,서울시 서초구 서초중앙로 18,37.484114,127.017169,109,0,21,20,797,57,381,남광토건(주),HT001,106.74,81.58,76,2,1,1,복도식,478800,1018080,95760,443520,0,0,0,,,,,,,,,,,,서울서일초등학교,B100000763,서울특별시 서초구 서초동 1436-8번지,공립,단설,19861016,서울특별시교육청,http://seoulseoil.sen.es.kr,20230531,20.3,20.8,266,232,20230531,4,33,3,4,4,4,4,4,72,79,88,78,93,,1,5,23,498,1,4,0,0,20230531,6,,0,0.0,20230531,직영,3377,558,615924000,37.48478772,127.02260429,1165010800,서울시,19.8,17.4,서초구,23.0,20.9,9,83.0,87.0,
9,서초쌍용플래티넘(주상복합),107,서울시 서초구 서초동,1165010800,1445-13,서울시 서초구 서초중앙로 18,37.484114,127.017169,109,0,21,20,797,57,381,남광토건(주),HT001,107.89,82.46,76,3,1,20,복도식,584325,1186920,116865,485730,0,0,0,,,,13억,15억,,"8억 7,000",,,,,서울서일초등학교,B100000763,서울특별시 서초구 서초동 1436-8번지,공립,단설,19861016,서울특별시교육청,http://seoulseoil.sen.es.kr,20230531,20.3,20.8,266,232,20230531,4,33,3,4,4,4,4,4,72,79,88,78,93,,1,5,23,498,1,4,0,0,20230531,6,,0,0.0,20230531,직영,3377,558,615924000,37.48478772,127.02260429,1165010800,서울시,19.8,17.4,서초구,23.0,20.9,9,83.0,87.0,
0,서초아이파크,147㎡,서울시 서초구 서초동,1165010800,1436-14,서울시 서초구 효령로68길 33,37.485451,127.023009,115,0,18,6,255,22,300,현대산업개발(주),HT005,147.83,127.82,86,4,2,2,계단식,1508400,2558520,301680,748440,266112,221760,44352,,,,,,,,,,,,서울서일초등학교,B100000763,서울특별시 서초구 서초동 1436-8번지,공립,단설,19861016,서울특별시교육청,http://seoulseoil.sen.es.kr,20230531,20.3,20.8,266,232,20230531,4,33,3,4,4,4,4,4,72,79,88,78,93,,1,5,23,498,1,4,0,0,20230531,6,,0,0.0,20230531,직영,3377,558,615924000,37.48478772,127.02260429,1165010800,서울시,19.8,17.4,서초구,23.0,20.9,1,83.0,87.0,
1,서초아이파크,156㎡,서울시 서초구 서초동,1165010800,1436-14,서울시 서초구 효령로68길 33,37.485451,127.023009,115,0,18,6,255,22,300,현대산업개발(주),HT005,156.91,131.58,84,4,2,1,계단식,1531800,2594790,306360,756630,305424,254520,50904,,,,,,,,,,,,서울서일초등학교,B100000763,서울특별시 서초구 서초동 1436-8번지,공립,단설,19861016,서울특별시교육청,http://seoulseoil.sen.es.kr,20230531,20.3,20.8,266,232,20230531,4,33,3,4,4,4,4,4,72,79,88,78,93,,1,5,23,498,1,4,0,0,20230531,6,,0,0.0,20230531,직영,3377,558,615924000,37.48478772,127.02260429,1165010800,서울시,19.8,17.4,서초구,23.0,20.9,1,83.0,87.0,
2,서초아이파크,157㎡,서울시 서초구 서초동,1165010800,1436-14,서울시 서초구 효령로68길 33,37.485451,127.023009,115,0,18,6,255,22,300,현대산업개발(주),HT005,157.56,132.27,84,4,2,1,계단식,1531800,2594790,306360,756630,305424,254520,50904,,,,,,,,,,,,서울서일초등학교,B100000763,서울특별시 서초구 서초동 1436-8번지,공립,단설,19861016,서울특별시교육청,http://seoulseoil.sen.es.kr,20230531,20.3,20.8,266,232,20230531,4,33,3,4,4,4,4,4,72,79,88,78,93,,1,5,23,498,1,4,0,0,20230531,6,,0,0.0,20230531,직영,3377,558,615924000,37.48478772,127.02260429,1165010800,서울시,19.8,17.4,서초구,23.0,20.9,1,83.0,87.0,
3,서초아이파크,167㎡,서울시 서초구 서초동,1165010800,1436-14,서울시 서초구 효령로68길 33,37.485451,127.023009,115,0,18,6,255,22,300,현대산업개발(주),HT005,167.95,137.46,82,4,2,1,계단식,1638000,2759400,327600,793800,483840,403200,80640,,,,,,,,,,,,서울서일초등학교,B100000763,서울특별시 서초구 서초동 1436-8번지,공립,단설,19861016,서울특별시교육청,http://seoulseoil.sen.es.kr,20230531,20.3,20.8,266,232,20230531,4,33,3,4,4,4,4,4,72,79,88,78,93,,1,5,23,498,1,4,0,0,20230531,6,,0,0.0,20230531,직영,3377,558,615924000,37.48478772,127.02260429,1165010800,서울시,19.8,17.4,서초구,23.0,20.9,1,83.0,87.0,
4,서초아이파크,183㎡,서울시 서초구 서초동,1165010800,1436-14,서울시 서초구 효령로68길 33,37.485451,127.023009,115,0,18,6,255,22,300,현대산업개발(주),HT005,183,156.53,86,5,2,9,계단식,1920600,3197430,384120,892710,958608,798840,159768,,,,,"20억 5,000",,,,,,,서울서일초등학교,B100000763,서울특별시 서초구 서초동 1436-8번지,공립,단설,19861016,서울특별시교육청,http://seoulseoil.sen.es.kr,20230531,20.3,20.8,266,232,20230531,4,33,3,4,4,4,4,4,72,79,88,78,93,,1,5,23,498,1,4,0,0,20230531,6,,0,0.0,20230531,직영,3377,558,615924000,37.48478772,127.02260429,1165010800,서울시,19.8,17.4,서초구,23.0,20.9,1,83.0,87.0,
5,서초아이파크,192D㎡,서울시 서초구 서초동,1165010800,1436-14,서울시 서초구 효령로68길 33,37.485451,127.023009,115,0,18,6,255,22,300,현대산업개발(주),HT005,192.85,164.98,86,5,2,17,계단식,2395800,3933990,479160,1059030,1873584,1561320,312264,,,,,,,,,7억/320,,7억/320,서울서일초등학교,B100000763,서울특별시 서초구 서초동 1436-8번지,공립,단설,19861016,서울특별시교육청,http://seoulseoil.sen.es.kr,20230531,20.3,20.8,266,232,20230531,4,33,3,4,4,4,4,4,72,79,88,78,93,,1,5,23,498,1,4,0,0,20230531,6,,0,0.0,20230531,직영,3377,558,615924000,37.48478772,127.02260429,1165010800,서울시,19.8,17.4,서초구,23.0,20.9,1,83.0,87.0,
6,서초아이파크,192F㎡,서울시 서초구 서초동,1165010800,1436-14,서울시 서초구 효령로68길 33,37.485451,127.023009,115,0,18,6,255,22,300,현대산업개발(주),HT005,192.95,164.83,85,5,2,13,계단식,2395800,3933990,479160,1059030,1873584,1561320,312264,,,,,,,,,,,,서울서일초등학교,B100000763,서울특별시 서초구 서초동 1436-8번지,공립,단설,19861016,서울특별시교육청,http://seoulseoil.sen.es.kr,20230531,20.3,20.8,266,232,20230531,4,33,3,4,4,4,4,4,72,79,88,78,93,,1,5,23,498,1,4,0,0,20230531,6,,0,0.0,20230531,직영,3377,558,615924000,37.48478772,127.02260429,1165010800,서울시,19.8,17.4,서초구,23.0,20.9,1,83.0,87.0,
7,서초아이파크,193C㎡,서울시 서초구 서초동,1165010800,1436-14,서울시 서초구 효령로68길 33,37.485451,127.023009,115,0,18,6,255,22,300,현대산업개발(주),HT005,193.05,164.74,85,5,2,13,계단식,2395800,3933990,479160,1059030,1873584,1561320,312264,,,,,,,,,,,,서울서일초등학교,B100000763,서울특별시 서초구 서초동 1436-8번지,공립,단설,19861016,서울특별시교육청,http://seoulseoil.sen.es.kr,20230531,20.3,20.8,266,232,20230531,4,33,3,4,4,4,4,4,72,79,88,78,93,,1,5,23,498,1,4,0,0,20230531,6,,0,0.0,20230531,직영,3377,558,615924000,37.48478772,127.02260429,1165010800,서울시,19.8,17.4,서초구,23.0,20.9,1,83.0,87.0,
8,서초아이파크,198A㎡,서울시 서초구 서초동,1165010800,1436-14,서울시 서초구 효령로68길 33,37.485451,127.023009,115,0,18,6,255,22,300,현대산업개발(주),HT005,198.44,159.7,80,5,2,1,계단식,2350800,3864240,470160,1043280,1761984,1468320,293664,,,,,,,,,,,,서울서일초등학교,B100000763,서울특별시 서초구 서초동 1436-8번지,공립,단설,19861016,서울특별시교육청,http://seoulseoil.sen.es.kr,20230531,20.3,20.8,266,232,20230531,4,33,3,4,4,4,4,4,72,79,88,78,93,,1,5,23,498,1,4,0,0,20230531,6,,0,0.0,20230531,직영,3377,558,615924000,37.48478772,127.02260429,1165010800,서울시,19.8,17.4,서초구,23.0,20.9,1,83.0,87.0,
9,서초아이파크,199B㎡,서울시 서초구 서초동,1165010800,1436-14,서울시 서초구 효령로68길 33,37.485451,127.023009,115,0,18,6,255,22,300,현대산업개발(주),HT005,199.4,163.67,82,5,2,1,계단식,2395800,3933990,479160,1059030,1873584,1561320,312264,,,,,,,,,,,,서울서일초등학교,B100000763,서울특별시 서초구 서초동 1436-8번지,공립,단설,19861016,서울특별시교육청,http://seoulseoil.sen.es.kr,20230531,20.3,20.8,266,232,20230531,4,33,3,4,4,4,4,4,72,79,88,78,93,,1,5,23,498,1,4,0,0,20230531,6,,0,0.0,20230531,직영,3377,558,615924000,37.48478772,127.02260429,1165010800,서울시,19.8,17.4,서초구,23.0,20.9,1,83.0,87.0,
10,서초아이파크,199C㎡,서울시 서초구 서초동,1165010800,1436-14,서울시 서초구 효령로68길 33,37.485451,127.023009,115,0,18,6,255,22,300,현대산업개발(주),HT005,199.82,164.82,82,5,2,1,계단식,2350800,3864240,470160,1043280,1761984,1468320,293664,,,,,,,,,,,,서울서일초등학교,B100000763,서울특별시 서초구 서초동 1436-8번지,공립,단설,19861016,서울특별시교육청,http://seoulseoil.sen.es.kr,20230531,20.3,20.8,266,232,20230531,4,33,3,4,4,4,4,4,72,79,88,78,93,,1,5,23,498,1,4,0,0,20230531,6,,0,0.0,20230531,직영,3377,558,615924000,37.48478772,127.02260429,1165010800,서울시,19.8,17.4,서초구,23.0,20.9,1,83.0,87.0,
11,서초아이파크,204㎡,서울시 서초구 서초동,1165010800,1436-14,서울시 서초구 효령로68길 33,37.485451,127.023009,115,0,18,6,255,22,300,현대산업개발(주),HT005,204.47,164.8,81,5,2,35,계단식,2395800,3933990,479160,1059030,1873584,1561320,312264,,,,,,,,,,,,서울서일초등학교,B100000763,서울특별시 서초구 서초동 1436-8번지,공립,단설,19861016,서울특별시교육청,http://seoulseoil.sen.es.kr,20230531,20.3,20.8,266,232,20230531,4,33,3,4,4,4,4,4,72,79,88,78,93,,1,5,23,498,1,4,0,0,20230531,6,,0,0.0,20230531,직영,3377,558,615924000,37.48478772,127.02260429,1165010800,서울시,19.8,17.4,서초구,23.0,20.9,1,83.0,87.0,
12,서초아이파크,233,서울시 서초구 서초동,1165010800,1436-14,서울시 서초구 효령로68길 33,37.485451,127.023009,115,0,18,6,255,22,300,현대산업개발(주),HT005,233.92,192.63,82,5,2,20,계단식,2611800,4268790,522360,1134630,2409264,2007720,401544,,,,26억,30억,,15억,5억/390,5억/400,5억/390,5억/400,서울서일초등학교,B100000763,서울특별시 서초구 서초동 1436-8번지,공립,단설,19861016,서울특별시교육청,http://seoulseoil.sen.es.kr,20230531,20.3,20.8,266,232,20230531,4,33,3,4,4,4,4,4,72,79,88,78,93,,1,5,23,498,1,4,0,0,20230531,6,,0,0.0,20230531,직영,3377,558,615924000,37.48478772,127.02260429,1165010800,서울시,19.8,17.4,서초구,23.0,20.9,1,83.0,87.0,
0,서초아크빌,256A㎡,서울시 서초구 서초동,1165010800,1568-1,서울시 서초구 반포대로22길 86,37.490628,127.012753,31,0,14,7,282,31,118,에셀종합건설(주),HT001,256.73,231.33,90,5,3,6,계단식,2035800,3375990,407160,933030,1152144,960120,192024,,,,,31억,,,,,,,서울신중초등학교,B100000768,서울특별시 서초구 서초동 1466-6번지,공립,단설,19360601,서울특별시교육청,http://sinjung.sen.es.kr,20230531,21.0,22.5,455,378,20230531,4,57,5,6,6,6,7,6,130,124,135,138,166,,1,5,36,833,1,3,0,0,20230531,10,,0,0.0,20230531,직영,3385,931,831091000,37.4801795,127.0093516,1165010800,서울시,19.8,17.4,서초구,23.0,20.9,21,135.0,162.0,
1,서초아크빌,259A㎡,서울시 서초구 서초동,1165010800,1568-1,서울시 서초구 반포대로22길 86,37.490628,127.012753,31,0,14,7,282,31,118,에셀종합건설(주),HT001,259.82,234.11,90,5,3,11,계단식,2035800,3375990,407160,933030,1152144,960120,192024,,,,,30억,,,,,,,서울신중초등학교,B100000768,서울특별시 서초구 서초동 1466-6번지,공립,단설,19360601,서울특별시교육청,http://sinjung.sen.es.kr,20230531,21.0,22.5,455,378,20230531,4,57,5,6,6,6,7,6,130,124,135,138,166,,1,5,36,833,1,3,0,0,20230531,10,,0,0.0,20230531,직영,3385,931,831091000,37.4801795,127.0093516,1165010800,서울시,19.8,17.4,서초구,23.0,20.9,21,135.0,162.0,
2,서초아크빌,259B㎡,서울시 서초구 서초동,1165010800,1568-1,서울시 서초구 반포대로22길 86,37.490628,127.012753,31,0,14,7,282,31,118,에셀종합건설(주),HT001,259.21,233.56,90,5,3,9,계단식,2035800,3375990,407160,933030,1152144,960120,192024,,,,,,,,,,,,서울신중초등학교,B100000768,서울특별시 서초구 서초동 1466-6번지,공립,단설,19360601,서울특별시교육청,http://sinjung.sen.es.kr,20230531,21.0,22.5,455,378,20230531,4,57,5,6,6,6,7,6,130,124,135,138,166,,1,5,36,833,1,3,0,0,20230531,10,,0,0.0,20230531,직영,3385,931,831091000,37.4801795,127.0093516,1165010800,서울시,19.8,17.4,서초구,23.0,20.9,21,135.0,162.0,
3,서초아크빌,261B㎡,서울시 서초구 서초동,1165010800,1568-1,서울시 서초구 반포대로22길 86,37.490628,127.012753,31,0,14,7,282,31,118,에셀종합건설(주),HT001,261.79,235.89,90,5,3,1,계단식,2035800,3375990,407160,933030,1152144,960120,192024,,,,,,,,,,,,서울신중초등학교,B100000768,서울특별시 서초구 서초동 1466-6번지,공립,단설,19360601,서울특별시교육청,http://sinjung.sen.es.kr,20230531,21.0,22.5,455,378,20230531,4,57,5,6,6,6,7,6,130,124,135,138,166,,1,5,36,833,1,3,0,0,20230531,10,,0,0.0,20230531,직영,3385,931,831091000,37.4801795,127.0093516,1165010800,서울시,19.8,17.4,서초구,23.0,20.9,21,135.0,162.0,
4,서초아크빌,270A㎡,서울시 서초구 서초동,1165010800,1568-1,서울시 서초구 반포대로22길 86,37.490628,127.012753,31,0,14,7,282,31,118,에셀종합건설(주),HT001,270.1,243.38,90,5,3,2,계단식,2143800,3543390,428760,970830,1333584,1111320,222264,,,,,,,,,,,,서울신중초등학교,B100000768,서울특별시 서초구 서초동 1466-6번지,공립,단설,19360601,서울특별시교육청,http://sinjung.sen.es.kr,20230531,21.0,22.5,455,378,20230531,4,57,5,6,6,6,7,6,130,124,135,138,166,,1,5,36,833,1,3,0,0,20230531,10,,0,0.0,20230531,직영,3385,931,831091000,37.4801795,127.0093516,1165010800,서울시,19.8,17.4,서초구,23.0,20.9,21,135.0,162.0,
5,서초아크빌,271B㎡,서울시 서초구 서초동,1165010800,1568-1,서울시 서초구 반포대로22길 86,37.490628,127.012753,31,0,14,7,282,31,118,에셀종합건설(주),HT001,271.35,244.5,90,5,3,1,계단식,2149200,3551760,429840,972720,1342656,1118880,223776,,,,,,,,,,,,서울신중초등학교,B100000768,서울특별시 서초구 서초동 1466-6번지,공립,단설,19360601,서울특별시교육청,http://sinjung.sen.es.kr,20230531,21.0,22.5,455,378,20230531,4,57,5,6,6,6,7,6,130,124,135,138,166,,1,5,36,833,1,3,0,0,20230531,10,,0,0.0,20230531,직영,3385,931,831091000,37.4801795,127.0093516,1165010800,서울시,19.8,17.4,서초구,23.0,20.9,21,135.0,162.0,
6,서초아크빌,271C,서울시 서초구 서초동,1165010800,1568-1,서울시 서초구 반포대로22길 86,37.490628,127.012753,31,0,14,7,282,31,118,에셀종합건설(주),HT001,271.38,244.53,90,5,3,1,계단식,2149200,3551760,429840,972720,1342656,1118880,223776,,,,,,,,,,,,서울신중초등학교,B100000768,서울특별시 서초구 서초동 1466-6번지,공립,단설,19360601,서울특별시교육청,http://sinjung.sen.es.kr,20230531,21.0,22.5,455,378,20230531,4,57,5,6,6,6,7,6,130,124,135,138,166,,1,5,36,833,1,3,0,0,20230531,10,,0,0.0,20230531,직영,3385,931,831091000,37.4801795,127.0093516,1165010800,서울시,19.8,17.4,서초구,23.0,20.9,21,135.0,162.0,
0,서초아트갤러리(도시형),22A㎡,서울시 서초구 서초동,1165010800,1589-3,서울시 서초구 반포대로12길 23,37.485088,127.012639,20,0,15,5,779,59,12,바로종합건설(주),HT001,22.04,18.69,85,1,1,4,복도식,,,,,,,,,,,,,,,,,,,서울신중초등학교,B100000768,서울특별시 서초구 서초동 1466-6번지,공립,단설,19360601,서울특별시교육청,http://sinjung.sen.es.kr,20230531,21.0,22.5,455,378,20230531,4,57,5,6,6,6,7,6,130,124,135,138,166,,1,5,36,833,1,3,0,0,20230531,10,,0,0.0,20230531,직영,3385,931,831091000,37.4801795,127.0093516,1165010800,서울시,19.8,17.4,서초구,23.0,20.9,11,135.0,162.0,
1,서초아트갤러리(도시형),23B㎡,서울시 서초구 서초동,1165010800,1589-3,서울시 서초구 반포대로12길 23,37.485088,127.012639,20,0,15,5,779,59,12,바로종합건설(주),HT001,23.42,19.86,85,1,1,4,복도식,,,,,,,,,,,,,,,,,,,서울신중초등학교,B100000768,서울특별시 서초구 서초동 1466-6번지,공립,단설,19360601,서울특별시교육청,http://sinjung.sen.es.kr,20230531,21.0,22.5,455,378,20230531,4,57,5,6,6,6,7,6,130,124,135,138,166,,1,5,36,833,1,3,0,0,20230531,10,,0,0.0,20230531,직영,3385,931,831091000,37.4801795,127.0093516,1165010800,서울시,19.8,17.4,서초구,23.0,20.9,11,135.0,162.0,
2,서초아트갤러리(도시형),34㎡,서울시 서초구 서초동,1165010800,1589-3,서울시 서초구 반포대로12길 23,37.485088,127.012639,20,0,15,5,779,59,12,바로종합건설(주),HT001,34.13,28.94,85,1,1,4,복도식,,,,,,,,,,,,,,,,,,,서울신중초등학교,B100000768,서울특별시 서초구 서초동 1466-6번지,공립,단설,19360601,서울특별시교육청,http://sinjung.sen.es.kr,20230531,21.0,22.5,455,378,20230531,4,57,5,6,6,6,7,6,130,124,135,138,166,,1,5,36,833,1,3,0,0,20230531,10,,0,0.0,20230531,직영,3385,931,831091000,37.4801795,127.0093516,1165010800,서울시,19.8,17.4,서초구,23.0,20.9,11,135.0,162.0,
3,서초아트갤러리(도시형),34A㎡,서울시 서초구 서초동,1165010800,1589-3,서울시 서초구 반포대로12길 23,37.485088,127.012639,20,0,15,5,779,59,12,바로종합건설(주),HT001,34.88,29.58,85,1,1,4,복도식,,,,,,,,,,,,,,,,,,,서울신중초등학교,B100000768,서울특별시 서초구 서초동 1466-6번지,공립,단설,19360601,서울특별시교육청,http://sinjung.sen.es.kr,20230531,21.0,22.5,455,378,20230531,4,57,5,6,6,6,7,6,130,124,135,138,166,,1,5,36,833,1,3,0,0,20230531,10,,0,0.0,20230531,직영,3385,931,831091000,37.4801795,127.0093516,1165010800,서울시,19.8,17.4,서초구,23.0,20.9,11,135.0,162.0,
4,서초아트갤러리(도시형),35B,서울시 서초구 서초동,1165010800,1589-3,서울시 서초구 반포대로12길 23,37.485088,127.012639,20,0,15,5,779,59,12,바로종합건설(주),HT001,35.18,29.83,85,2,1,4,복도식,,,,,,,,,,,,,,,,,,,서울신중초등학교,B100000768,서울특별시 서초구 서초동 1466-6번지,공립,단설,19360601,서울특별시교육청,http://sinjung.sen.es.kr,20230531,21.0,22.5,455,378,20230531,4,57,5,6,6,6,7,6,130,124,135,138,166,,1,5,36,833,1,3,0,0,20230531,10,,0,0.0,20230531,직영,3385,931,831091000,37.4801795,127.0093516,1165010800,서울시,19.8,17.4,서초구,23.0,20.9,11,135.0,162.0,
0,서초아트래디앙,60㎡,서울시 서초구 서초동,1165010800,1582-16,서울시 서초구 반포대로18길 13-3,37.486794,127.010792,24,0,16,15,299,41,24,(주)미래씨티아이,HT001,60.74,48.5,80,3,2,7,계단식,,,,,,,,,,,"17억 3,000","17억 5,000",,13억,,,,,서울신중초등학교,B100000768,서울특별시 서초구 서초동 1466-6번지,공립,단설,19360601,서울특별시교육청,http://sinjung.sen.es.kr,20230531,21.0,22.5,455,378,20230531,4,57,5,6,6,6,7,6,130,124,135,138,166,,1,5,36,833,1,3,0,0,20230531,10,,0,0.0,20230531,직영,3385,931,831091000,37.4801795,127.0093516,1165010800,서울시,19.8,17.4,서초구,23.0,20.9,16,135.0,162.0,
1,서초아트래디앙,64B㎡,서울시 서초구 서초동,1165010800,1582-16,서울시 서초구 반포대로18길 13-3,37.486794,127.010792,24,0,16,15,299,41,24,(주)미래씨티아이,HT001,64.95,52.43,81,3,2,1,계단식,,,,,,,,,,,"16억 9,000","17억 2,000",,,,,,,서울신중초등학교,B100000768,서울특별시 서초구 서초동 1466-6번지,공립,단설,19360601,서울특별시교육청,http://sinjung.sen.es.kr,20230531,21.0,22.5,455,378,20230531,4,57,5,6,6,6,7,6,130,124,135,138,166,,1,5,36,833,1,3,0,0,20230531,10,,0,0.0,20230531,직영,3385,931,831091000,37.4801795,127.0093516,1165010800,서울시,19.8,17.4,서초구,23.0,20.9,16,135.0,162.0,
2,서초아트래디앙,65A㎡,서울시 서초구 서초동,1165010800,1582-16,서울시 서초구 반포대로18길 13-3,37.486794,127.010792,24,0,16,15,299,41,24,(주)미래씨티아이,HT001,65.16,52.28,80,3,2,7,계단식,,,,,,,,,,,"16억 9,000","17억 2,000",12억,13억,,5억/280,,5억/280,서울신중초등학교,B100000768,서울특별시 서초구 서초동 1466-6번지,공립,단설,19360601,서울특별시교육청,http://sinjung.sen.es.kr,20230531,21.0,22.5,455,378,20230531,4,57,5,6,6,6,7,6,130,124,135,138,166,,1,5,36,833,1,3,0,0,20230531,10,,0,0.0,20230531,직영,3385,931,831091000,37.4801795,127.0093516,1165010800,서울시,19.8,17.4,서초구,23.0,20.9,16,135.0,162.0,
3,서초아트래디앙,69㎡,서울시 서초구 서초동,1165010800,1582-16,서울시 서초구 반포대로18길 13-3,37.486794,127.010792,24,0,16,15,299,41,24,(주)미래씨티아이,HT001,69.28,56.92,82,3,2,6,계단식,,,,,,,,,,,"17억 3,000","17억 4,000",12억,13억,,,,,서울신중초등학교,B100000768,서울특별시 서초구 서초동 1466-6번지,공립,단설,19360601,서울특별시교육청,http://sinjung.sen.es.kr,20230531,21.0,22.5,455,378,20230531,4,57,5,6,6,6,7,6,130,124,135,138,166,,1,5,36,833,1,3,0,0,20230531,10,,0,0.0,20230531,직영,3385,931,831091000,37.4801795,127.0093516,1165010800,서울시,19.8,17.4,서초구,23.0,20.9,16,135.0,162.0,
4,서초아트래디앙,92T㎡,서울시 서초구 서초동,1165010800,1582-16,서울시 서초구 반포대로18길 13-3,37.486794,127.010792,24,0,16,15,299,41,24,(주)미래씨티아이,HT001,92.38,74.57,81,3,2,1,계단식,,,,,,,,,,,,,,,,,,,서울신중초등학교,B100000768,서울특별시 서초구 서초동 1466-6번지,공립,단설,19360601,서울특별시교육청,http://sinjung.sen.es.kr,20230531,21.0,22.5,455,378,20230531,4,57,5,6,6,6,7,6,130,124,135,138,166,,1,5,36,833,1,3,0,0,20230531,10,,0,0.0,20230531,직영,3385,931,831091000,37.4801795,127.0093516,1165010800,서울시,19.8,17.4,서초구,23.0,20.9,16,135.0,162.0,
5,서초아트래디앙,96T㎡,서울시 서초구 서초동,1165010800,1582-16,서울시 서초구 반포대로18길 13-3,37.486794,127.010792,24,0,16,15,299,41,24,(주)미래씨티아이,HT001,96.44,78.92,82,3,2,1,계단식,,,,,,,,,,,,,,,,,,,서울신중초등학교,B100000768,서울특별시 서초구 서초동 1466-6번지,공립,단설,19360601,서울특별시교육청,http://sinjung.sen.es.kr,20230531,21.0,22.5,455,378,20230531,4,57,5,6,6,6,7,6,130,124,135,138,166,,1,5,36,833,1,3,0,0,20230531,10,,0,0.0,20230531,직영,3385,931,831091000,37.4801795,127.0093516,1165010800,서울시,19.8,17.4,서초구,23.0,20.9,16,135.0,162.0,
6,서초아트래디앙,102T,서울시 서초구 서초동,1165010800,1582-16,서울시 서초구 반포대로18길 13-3,37.486794,127.010792,24,0,16,15,299,41,24,(주)미래씨티아이,HT001,102.17,79.79,78,3,2,1,계단식,,,,,,,,,,,,,,,,,,,서울신중초등학교,B100000768,서울특별시 서초구 서초동 1466-6번지,공립,단설,19360601,서울특별시교육청,http://sinjung.sen.es.kr,20230531,21.0,22.5,455,378,20230531,4,57,5,6,6,6,7,6,130,124,135,138,166,,1,5,36,833,1,3,0,0,20230531,10,,0,0.0,20230531,직영,3385,931,831091000,37.4801795,127.0093516,1165010800,서울시,19.8,17.4,서초구,23.0,20.9,16,135.0,162.0,
0,서초아트자이(주상복합),181㎡,서울시 서초구 서초동,1165010800,1583-10,서울시 서초구 반포대로 58,37.485687,127.011371,164,0,25,20,426,66,496,지에스건설(주),HT001,181.1,144.31,80,4,3,56,계단식,2628000,4293900,525600,1140300,2449440,2041200,408240,,867250,952393,25억,30억,"14억 5,000",15억,,,,,서울신중초등학교,B100000768,서울특별시 서초구 서초동 1466-6번지,공립,단설,19360601,서울특별시교육청,http://sinjung.sen.es.kr,20230531,21.0,22.5,455,378,20230531,4,57,5,6,6,6,7,6,130,124,135,138,166,,1,5,36,833,1,3,0,0,20230531,10,,0,0.0,20230531,직영,3385,931,831091000,37.4801795,127.0093516,1165010800,서울시,19.8,17.4,서초구,23.0,20.9,11,135.0,162.0,
1,서초아트자이(주상복합),207㎡,서울시 서초구 서초동,1165010800,1583-10,서울시 서초구 반포대로 58,37.485687,127.011371,164,0,25,20,426,66,496,지에스건설(주),HT001,207.48,165.57,80,4,2,104,계단식,2804400,4567320,560880,1202040,2886912,2405760,481152,,995001,1092686,29억,34억,16억,"17억 5,000",,10억/250,,10억/250,서울신중초등학교,B100000768,서울특별시 서초구 서초동 1466-6번지,공립,단설,19360601,서울특별시교육청,http://sinjung.sen.es.kr,20230531,21.0,22.5,455,378,20230531,4,57,5,6,6,6,7,6,130,124,135,138,166,,1,5,36,833,1,3,0,0,20230531,10,,0,0.0,20230531,직영,3385,931,831091000,37.4801795,127.0093516,1165010800,서울시,19.8,17.4,서초구,23.0,20.9,11,135.0,162.0,
2,서초아트자이(주상복합),336,서울시 서초구 서초동,1165010800,1583-10,서울시 서초구 반포대로 58,37.485687,127.011371,164,0,25,20,426,66,496,지에스건설(주),HT001,336.7,267.1,79,1,1,4,계단식,4662000,7446600,932400,1852200,9912960,8260800,1652160,,1605132,1762716,,50억,,,,,,,서울신중초등학교,B100000768,서울특별시 서초구 서초동 1466-6번지,공립,단설,19360601,서울특별시교육청,http://sinjung.sen.es.kr,20230531,21.0,22.5,455,378,20230531,4,57,5,6,6,6,7,6,130,124,135,138,166,,1,5,36,833,1,3,0,0,20230531,10,,0,0.0,20230531,직영,3385,931,831091000,37.4801795,127.0093516,1165010800,서울시,19.8,17.4,서초구,23.0,20.9,11,135.0,162.0,
0,서초에버빌,90㎡,서울시 서초구 서초동,1165010800,1364-37,서울시 서초구 남부순환로347길 21-16,37.485344,127.03088,11,0,6,6,193,41,20,,HT001,90.29,78.26,87,3,1,2,계단식,253800,608220,50760,303660,0,0,0,,,,,,,,,,,,서울서일초등학교,B100000763,서울특별시 서초구 서초동 1436-8번지,공립,단설,19861016,서울특별시교육청,http://seoulseoil.sen.es.kr,20230531,20.3,20.8,266,232,20230531,4,33,3,4,4,4,4,4,72,79,88,78,93,,1,5,23,498,1,4,0,0,20230531,6,,0,0.0,20230531,직영,3377,558,615924000,37.48478772,127.02260429,1165010800,서울시,19.8,17.4,서초구,23.0,20.9,14,83.0,87.0,
1,서초에버빌,147A㎡,서울시 서초구 서초동,1165010800,1364-37,서울시 서초구 남부순환로347길 21-16,37.485344,127.03088,11,0,6,6,193,41,20,,HT001,147.21,127.59,87,4,2,6,계단식,470925,1005480,94185,440370,0,0,0,,,,,,,,,,,,서울서일초등학교,B100000763,서울특별시 서초구 서초동 1436-8번지,공립,단설,19861016,서울특별시교육청,http://seoulseoil.sen.es.kr,20230531,20.3,20.8,266,232,20230531,4,33,3,4,4,4,4,4,72,79,88,78,93,,1,5,23,498,1,4,0,0,20230531,6,,0,0.0,20230531,직영,3377,558,615924000,37.48478772,127.02260429,1165010800,서울시,19.8,17.4,서초구,23.0,20.9,14,83.0,87.0,
2,서초에버빌,148B㎡,서울시 서초구 서초동,1165010800,1364-37,서울시 서초구 남부순환로347길 21-16,37.485344,127.03088,11,0,6,6,193,41,20,,HT001,148.06,128.33,87,4,2,2,계단식,463050,992880,92610,437220,0,0,0,,,,,,,,,,,,서울서일초등학교,B100000763,서울특별시 서초구 서초동 1436-8번지,공립,단설,19861016,서울특별시교육청,http://seoulseoil.sen.es.kr,20230531,20.3,20.8,266,232,20230531,4,33,3,4,4,4,4,4,72,79,88,78,93,,1,5,23,498,1,4,0,0,20230531,6,,0,0.0,20230531,직영,3377,558,615924000,37.48478772,127.02260429,1165010800,서울시,19.8,17.4,서초구,23.0,20.9,14,83.0,87.0,
3,서초에버빌,150C,서울시 서초구 서초동,1165010800,1364-37,서울시 서초구 남부순환로347길 21-16,37.485344,127.03088,11,0,6,6,193,41,20,,HT001,150,130.01,87,4,2,1,계단식,415800,916020,83160,417060,0,0,0,,,,,,,,,,,,서울서일초등학교,B100000763,서울특별시 서초구 서초동 1436-8번지,공립,단설,19861016,서울특별시교육청,http://seoulseoil.sen.es.kr,20230531,20.3,20.8,266,232,20230531,4,33,3,4,4,4,4,4,72,79,88,78,93,,1,5,23,498,1,4,0,0,20230531,6,,0,0.0,20230531,직영,3377,558,615924000,37.48478772,127.02260429,1165010800,서울시,19.8,17.4,서초구,23.0,20.9,14,83.0,87.0,
0,서초에지앙,108㎡,서울시 서초구 서초동,1165010800,1679-6,서울시 서초구 서초대로64길 13,37.494931,127.020929,19,0,9,8,335,59,29,(주)가룡종합건설,HT001,108.49,91.84,85,3,2,6,계단식,287100,671490,57420,326970,0,0,0,,,,,,,,,,,,서울서초초등학교,B100000764,서울특별시 서초구 서초동 1310-6,공립,단설,19801004,서울특별시교육청,http://seocho.sen.es.kr,20230531,25.3,27.8,531,496,20230531,7,52,5,6,6,6,6,7,144,164,172,173,172,,1,5,36,1027,1,2,0,0,20230531,15,,0,0.0,20230531,직영,3385,1084,1057499000,37.49924318,127.02411499,1165010800,서울시,19.8,17.4,서초구,23.0,20.9,11,197.0,166.0,
1,서초에지앙,117㎡,서울시 서초구 서초동,1165010800,1679-6,서울시 서초구 서초대로64길 13,37.494931,127.020929,19,0,9,8,335,59,29,(주)가룡종합건설,HT001,117.3,99.28,85,3,2,6,계단식,319500,733050,63900,349650,0,0,0,,,,,,,,,,,,서울서초초등학교,B100000764,서울특별시 서초구 서초동 1310-6,공립,단설,19801004,서울특별시교육청,http://seocho.sen.es.kr,20230531,25.3,27.8,531,496,20230531,7,52,5,6,6,6,6,7,144,164,172,173,172,,1,5,36,1027,1,2,0,0,20230531,15,,0,0.0,20230531,직영,3385,1084,1057499000,37.49924318,127.02411499,1165010800,서울시,19.8,17.4,서초구,23.0,20.9,11,197.0,166.0,
2,서초에지앙,139㎡,서울시 서초구 서초동,1165010800,1679-6,서울시 서초구 서초대로64길 13,37.494931,127.020929,19,0,9,8,335,59,29,(주)가룡종합건설,HT001,139.64,118.21,85,3,2,1,계단식,345600,782640,69120,367920,0,0,0,,,,,,,,,,,,서울서초초등학교,B100000764,서울특별시 서초구 서초동 1310-6,공립,단설,19801004,서울특별시교육청,http://seocho.sen.es.kr,20230531,25.3,27.8,531,496,20230531,7,52,5,6,6,6,6,7,144,164,172,173,172,,1,5,36,1027,1,2,0,0,20230531,15,,0,0.0,20230531,직영,3385,1084,1057499000,37.49924318,127.02411499,1165010800,서울시,19.8,17.4,서초구,23.0,20.9,11,197.0,166.0,
3,서초에지앙,156㎡,서울시 서초구 서초동,1165010800,1679-6,서울시 서초구 서초대로64길 13,37.494931,127.020929,19,0,9,8,335,59,29,(주)가룡종합건설,HT001,156.41,132.41,85,3,2,1,계단식,444150,962640,88830,429660,0,0,0,,,,,,,,,,,,서울서초초등학교,B100000764,서울특별시 서초구 서초동 1310-6,공립,단설,19801004,서울특별시교육청,http://seocho.sen.es.kr,20230531,25.3,27.8,531,496,20230531,7,52,5,6,6,6,6,7,144,164,172,173,172,,1,5,36,1027,1,2,0,0,20230531,15,,0,0.0,20230531,직영,3385,1084,1057499000,37.49924318,127.02411499,1165010800,서울시,19.8,17.4,서초구,23.0,20.9,11,197.0,166.0,
4,서초에지앙,161㎡,서울시 서초구 서초동,1165010800,1679-6,서울시 서초구 서초대로64길 13,37.494931,127.020929,19,0,9,8,335,59,29,(주)가룡종합건설,HT001,161.71,136.89,85,3,2,1,계단식,694575,1363320,138915,529830,0,0,0,,,,,,,,,,,,서울서초초등학교,B100000764,서울특별시 서초구 서초동 1310-6,공립,단설,19801004,서울특별시교육청,http://seocho.sen.es.kr,20230531,25.3,27.8,531,496,20230531,7,52,5,6,6,6,6,7,144,164,172,173,172,,1,5,36,1027,1,2,0,0,20230531,15,,0,0.0,20230531,직영,3385,1084,1057499000,37.49924318,127.02411499,1165010800,서울시,19.8,17.4,서초구,23.0,20.9,11,197.0,166.0,
5,서초에지앙,175㎡,서울시 서초구 서초동,1165010800,1679-6,서울시 서초구 서초대로64길 13,37.494931,127.020929,19,0,9,8,335,59,29,(주)가룡종합건설,HT001,175.5,148.56,85,4,2,1,계단식,600075,1212120,120015,492030,0,0,0,,,,,,,,,,,,서울서초초등학교,B100000764,서울특별시 서초구 서초동 1310-6,공립,단설,19801004,서울특별시교육청,http://seocho.sen.es.kr,20230531,25.3,27.8,531,496,20230531,7,52,5,6,6,6,6,7,144,164,172,173,172,,1,5,36,1027,1,2,0,0,20230531,15,,0,0.0,20230531,직영,3385,1084,1057499000,37.49924318,127.02411499,1165010800,서울시,19.8,17.4,서초구,23.0,20.9,11,197.0,166.0,
6,서초에지앙,177㎡,서울시 서초구 서초동,1165010800,1679-6,서울시 서초구 서초대로64길 13,37.494931,127.020929,19,0,9,8,335,59,29,(주)가룡종합건설,HT001,177.11,149.89,85,4,2,1,계단식,748125,1449000,149625,551250,0,0,0,,,,,,,,,,,,서울서초초등학교,B100000764,서울특별시 서초구 서초동 1310-6,공립,단설,19801004,서울특별시교육청,http://seocho.sen.es.kr,20230531,25.3,27.8,531,496,20230531,7,52,5,6,6,6,6,7,144,164,172,173,172,,1,5,36,1027,1,2,0,0,20230531,15,,0,0.0,20230531,직영,3385,1084,1057499000,37.49924318,127.02411499,1165010800,서울시,19.8,17.4,서초구,23.0,20.9,11,197.0,166.0,
7,서초에지앙,204㎡,서울시 서초구 서초동,1165010800,1679-6,서울시 서초구 서초대로64길 13,37.494931,127.020929,19,0,9,8,335,59,29,(주)가룡종합건설,HT001,204.64,173.24,85,4,2,1,계단식,729225,1418760,145845,543690,0,0,0,,,,,,,,,,,,서울서초초등학교,B100000764,서울특별시 서초구 서초동 1310-6,공립,단설,19801004,서울특별시교육청,http://seocho.sen.es.kr,20230531,25.3,27.8,531,496,20230531,7,52,5,6,6,6,6,7,144,164,172,173,172,,1,5,36,1027,1,2,0,0,20230531,15,,0,0.0,20230531,직영,3385,1084,1057499000,37.49924318,127.02411499,1165010800,서울시,19.8,17.4,서초구,23.0,20.9,11,197.0,166.0,
8,서초에지앙,208,서울시 서초구 서초동,1165010800,1679-6,서울시 서초구 서초대로64길 13,37.494931,127.020929,19,0,9,8,335,59,29,(주)가룡종합건설,HT001,208.45,176.45,85,4,2,1,계단식,746550,1446480,149310,550620,0,0,0,,,,,,,,,,,,서울서초초등학교,B100000764,서울특별시 서초구 서초동 1310-6,공립,단설,19801004,서울특별시교육청,http://seocho.sen.es.kr,20230531,25.3,27.8,531,496,20230531,7,52,5,6,6,6,6,7,144,164,172,173,172,,1,5,36,1027,1,2,0,0,20230531,15,,0,0.0,20230531,직영,3385,1084,1057499000,37.49924318,127.02411499,1165010800,서울시,19.8,17.4,서초구,23.0,20.9,11,197.0,166.0,
0,서초엔-스위트1차,135B㎡,서울시 서초구 서초동,1165010800,1511-3,서울시 서초구 명달로22길 64,37.487224,127.007608,36,0,6,6,244,45,60,한울종합건설(주),HT001,135.68,120.56,89,3,2,24,계단식,1060200,1863810,212040,591570,0,0,0,,,,16억,"16억 5,000",,,,,,,서울신중초등학교,B100000768,서울특별시 서초구 서초동 1466-6번지,공립,단설,19360601,서울특별시교육청,http://sinjung.sen.es.kr,20230531,21.0,22.5,455,378,20230531,4,57,5,6,6,6,7,6,130,124,135,138,166,,1,5,36,833,1,3,0,0,20230531,10,,0,0.0,20230531,직영,3385,931,831091000,37.4801795,127.0093516,1165010800,서울시,19.8,17.4,서초구,23.0,20.9,15,135.0,162.0,
1,서초엔-스위트1차,135A,서울시 서초구 서초동,1165010800,1511-3,서울시 서초구 명달로22길 64,37.487224,127.007608,36,0,6,6,244,45,60,한울종합건설(주),HT001,135.54,120.43,89,3,2,12,계단식,1060200,1863810,212040,591570,0,0,0,,,,,15억,,9억,,,,,서울신중초등학교,B100000768,서울특별시 서초구 서초동 1466-6번지,공립,단설,19360601,서울특별시교육청,http://sinjung.sen.es.kr,20230531,21.0,22.5,455,378,20230531,4,57,5,6,6,6,7,6,130,124,135,138,166,,1,5,36,833,1,3,0,0,20230531,10,,0,0.0,20230531,직영,3385,931,831091000,37.4801795,127.0093516,1165010800,서울시,19.8,17.4,서초구,23.0,20.9,15,135.0,162.0,
0,서초엔-스위트2차,122㎡,서울시 서초구 서초동,1165010800,1513-2,서울시 서초구 명달로22길 42,37.48653,127.006509,18,0,6,6,246,44,27,한울종합건설(주),HT001,122.79,112.35,91,4,2,12,계단식,733950,1426320,146790,545580,0,0,0,,,,,15억,,,,,,,서울신중초등학교,B100000768,서울특별시 서초구 서초동 1466-6번지,공립,단설,19360601,서울특별시교육청,http://sinjung.sen.es.kr,20230531,21.0,22.5,455,378,20230531,4,57,5,6,6,6,7,6,130,124,135,138,166,,1,5,36,833,1,3,0,0,20230531,10,,0,0.0,20230531,직영,3385,931,831091000,37.4801795,127.0093516,1165010800,서울시,19.8,17.4,서초구,23.0,20.9,14,135.0,162.0,
1,서초엔-스위트2차,124,서울시 서초구 서초동,1165010800,1513-2,서울시 서초구 명달로22길 42,37.48653,127.006509,18,0,6,6,246,44,27,한울종합건설(주),HT001,124.64,114.05,92,4,2,6,계단식,733950,1426320,146790,545580,0,0,0,,,,,,,,,,,,서울신중초등학교,B100000768,서울특별시 서초구 서초동 1466-6번지,공립,단설,19360601,서울특별시교육청,http://sinjung.sen.es.kr,20230531,21.0,22.5,455,378,20230531,4,57,5,6,6,6,7,6,130,124,135,138,166,,1,5,36,833,1,3,0,0,20230531,10,,0,0.0,20230531,직영,3385,931,831091000,37.4801795,127.0093516,1165010800,서울시,19.8,17.4,서초구,23.0,20.9,14,135.0,162.0,
0,서초연우,62㎡,서울시 서초구 서초동,1165010800,1487-115,서울시 서초구 명달로8길 8,37.481449,127.005604,19,0,11,10,249,32,23,(주)두리건설,HT001,62.11,48.91,79,2,1,1,계단식,112650,334890,22530,199710,0,0,0,,,,,,,,,,,,서울신중초등학교,B100000768,서울특별시 서초구 서초동 1466-6번지,공립,단설,19360601,서울특별시교육청,http://sinjung.sen.es.kr,20230531,21.0,22.5,455,378,20230531,4,57,5,6,6,6,7,6,130,124,135,138,166,,1,5,36,833,1,3,0,0,20230531,10,,0,0.0,20230531,직영,3385,931,831091000,37.4801795,127.0093516,1165010800,서울시,19.8,17.4,서초구,23.0,20.9,8,135.0,162.0,
1,서초연우,101A㎡,서울시 서초구 서초동,1165010800,1487-115,서울시 서초구 명달로8길 8,37.481449,127.005604,19,0,11,10,249,32,23,(주)두리건설,HT001,101.81,80.19,79,3,2,1,계단식,360900,811710,72180,378630,0,0,0,,,,,,,,,,,,서울신중초등학교,B100000768,서울특별시 서초구 서초동 1466-6번지,공립,단설,19360601,서울특별시교육청,http://sinjung.sen.es.kr,20230531,21.0,22.5,455,378,20230531,4,57,5,6,6,6,7,6,130,124,135,138,166,,1,5,36,833,1,3,0,0,20230531,10,,0,0.0,20230531,직영,3385,931,831091000,37.4801795,127.0093516,1165010800,서울시,19.8,17.4,서초구,23.0,20.9,8,135.0,162.0,
2,서초연우,101B㎡,서울시 서초구 서초동,1165010800,1487-115,서울시 서초구 명달로8길 8,37.481449,127.005604,19,0,11,10,249,32,23,(주)두리건설,HT001,101.82,80.2,79,3,2,1,계단식,367200,823680,73440,383040,0,0,0,,,,,,,,,,,,서울신중초등학교,B100000768,서울특별시 서초구 서초동 1466-6번지,공립,단설,19360601,서울특별시교육청,http://sinjung.sen.es.kr,20230531,21.0,22.5,455,378,20230531,4,57,5,6,6,6,7,6,130,124,135,138,166,,1,5,36,833,1,3,0,0,20230531,10,,0,0.0,20230531,직영,3385,931,831091000,37.4801795,127.0093516,1165010800,서울시,19.8,17.4,서초구,23.0,20.9,8,135.0,162.0,
3,서초연우,102C㎡,서울시 서초구 서초동,1165010800,1487-115,서울시 서초구 명달로8길 8,37.481449,127.005604,19,0,11,10,249,32,23,(주)두리건설,HT001,102.22,80.5,79,3,2,7,계단식,367200,823680,73440,383040,0,0,0,,,,,"11억 5,000",,,,,,,서울신중초등학교,B100000768,서울특별시 서초구 서초동 1466-6번지,공립,단설,19360601,서울특별시교육청,http://sinjung.sen.es.kr,20230531,21.0,22.5,455,378,20230531,4,57,5,6,6,6,7,6,130,124,135,138,166,,1,5,36,833,1,3,0,0,20230531,10,,0,0.0,20230531,직영,3385,931,831091000,37.4801795,127.0093516,1165010800,서울시,19.8,17.4,서초구,23.0,20.9,8,135.0,162.0,
4,서초연우,107㎡,서울시 서초구 서초동,1165010800,1487-115,서울시 서초구 명달로8길 8,37.481449,127.005604,19,0,11,10,249,32,23,(주)두리건설,HT001,107.68,84.81,79,3,2,1,계단식,352800,796320,70560,372960,0,0,0,,,,,,,,,,,,서울신중초등학교,B100000768,서울특별시 서초구 서초동 1466-6번지,공립,단설,19360601,서울특별시교육청,http://sinjung.sen.es.kr,20230531,21.0,22.5,455,378,20230531,4,57,5,6,6,6,7,6,130,124,135,138,166,,1,5,36,833,1,3,0,0,20230531,10,,0,0.0,20230531,직영,3385,931,831091000,37.4801795,127.0093516,1165010800,서울시,19.8,17.4,서초구,23.0,20.9,8,135.0,162.0,
5,서초연우,112A㎡,서울시 서초구 서초동,1165010800,1487-115,서울시 서초구 명달로8길 8,37.481449,127.005604,19,0,11,10,249,32,23,(주)두리건설,HT001,112.96,88.96,79,3,2,1,계단식,373500,835650,74700,387450,0,0,0,,,,,,,,,,,,서울신중초등학교,B100000768,서울특별시 서초구 서초동 1466-6번지,공립,단설,19360601,서울특별시교육청,http://sinjung.sen.es.kr,20230531,21.0,22.5,455,378,20230531,4,57,5,6,6,6,7,6,130,124,135,138,166,,1,5,36,833,1,3,0,0,20230531,10,,0,0.0,20230531,직영,3385,931,831091000,37.4801795,127.0093516,1165010800,서울시,19.8,17.4,서초구,23.0,20.9,8,135.0,162.0,
6,서초연우,113B,서울시 서초구 서초동,1165010800,1487-115,서울시 서초구 명달로8길 8,37.481449,127.005604,19,0,11,10,249,32,23,(주)두리건설,HT001,113.46,89.35,79,3,2,7,계단식,373500,835650,74700,387450,0,0,0,,,,,,7억,"7억 5,000",,,,,서울신중초등학교,B100000768,서울특별시 서초구 서초동 1466-6번지,공립,단설,19360601,서울특별시교육청,http://sinjung.sen.es.kr,20230531,21.0,22.5,455,378,20230531,4,57,5,6,6,6,7,6,130,124,135,138,166,,1,5,36,833,1,3,0,0,20230531,10,,0,0.0,20230531,직영,3385,931,831091000,37.4801795,127.0093516,1165010800,서울시,19.8,17.4,서초구,23.0,20.9,8,135.0,162.0,
0,서초예성그린,49㎡,서울시 서초구 서초동,1165010800,1667-3,서울시 서초구 서초대로58길 30,37.493481,127.017827,36,0,7,6,263,48,44,예성건설(주),HT001,49.69,43.23,87,2,1,1,계단식,141300,394470,28260,224910,0,0,0,,,,,,,,,,,,서울서초초등학교,B100000764,서울특별시 서초구 서초동 1310-6,공립,단설,19801004,서울특별시교육청,http://seocho.sen.es.kr,20230531,25.3,27.8,531,496,20230531,7,52,5,6,6,6,6,7,144,164,172,173,172,,1,5,36,1027,1,2,0,0,20230531,15,,0,0.0,20230531,직영,3385,1084,1057499000,37.49924318,127.02411499,1165010800,서울시,19.8,17.4,서초구,23.0,20.9,16,197.0,166.0,
1,서초예성그린,67㎡,서울시 서초구 서초동,1165010800,1667-3,서울시 서초구 서초대로58길 30,37.493481,127.017827,36,0,7,6,263,48,44,예성건설(주),HT001,67.16,58.42,87,2,1,4,계단식,283500,664650,56700,324450,0,0,0,,,,,,,"5억 5,000",,,,,서울서초초등학교,B100000764,서울특별시 서초구 서초동 1310-6,공립,단설,19801004,서울특별시교육청,http://seocho.sen.es.kr,20230531,25.3,27.8,531,496,20230531,7,52,5,6,6,6,6,7,144,164,172,173,172,,1,5,36,1027,1,2,0,0,20230531,15,,0,0.0,20230531,직영,3385,1084,1057499000,37.49924318,127.02411499,1165010800,서울시,19.8,17.4,서초구,23.0,20.9,16,197.0,166.0,
2,서초예성그린,95㎡,서울시 서초구 서초동,1165010800,1667-3,서울시 서초구 서초대로58길 30,37.493481,127.017827,36,0,7,6,263,48,44,예성건설(주),HT001,95.8,84.62,88,3,2,6,계단식,574875,1171800,114975,481950,0,0,0,,,,,,7억,8억,5억/100,7억/100,5억/100,7억/100,서울서초초등학교,B100000764,서울특별시 서초구 서초동 1310-6,공립,단설,19801004,서울특별시교육청,http://seocho.sen.es.kr,20230531,25.3,27.8,531,496,20230531,7,52,5,6,6,6,6,7,144,164,172,173,172,,1,5,36,1027,1,2,0,0,20230531,15,,0,0.0,20230531,직영,3385,1084,1057499000,37.49924318,127.02411499,1165010800,서울시,19.8,17.4,서초구,23.0,20.9,16,197.0,166.0,
3,서초예성그린,97㎡,서울시 서초구 서초동,1165010800,1667-3,서울시 서초구 서초대로58길 30,37.493481,127.017827,36,0,7,6,263,48,44,예성건설(주),HT001,97.66,84.96,87,3,2,4,계단식,601650,1214640,120330,492660,0,0,0,,,,,,,,,,,,서울서초초등학교,B100000764,서울특별시 서초구 서초동 1310-6,공립,단설,19801004,서울특별시교육청,http://seocho.sen.es.kr,20230531,25.3,27.8,531,496,20230531,7,52,5,6,6,6,6,7,144,164,172,173,172,,1,5,36,1027,1,2,0,0,20230531,15,,0,0.0,20230531,직영,3385,1084,1057499000,37.49924318,127.02411499,1165010800,서울시,19.8,17.4,서초구,23.0,20.9,16,197.0,166.0,
4,서초예성그린,104A㎡,서울시 서초구 서초동,1165010800,1667-3,서울시 서초구 서초대로58길 30,37.493481,127.017827,36,0,7,6,263,48,44,예성건설(주),HT001,104.58,90.98,87,3,2,1,계단식,578025,1176840,115605,483210,0,0,0,,,,,,,,,,,,서울서초초등학교,B100000764,서울특별시 서초구 서초동 1310-6,공립,단설,19801004,서울특별시교육청,http://seocho.sen.es.kr,20230531,25.3,27.8,531,496,20230531,7,52,5,6,6,6,6,7,144,164,172,173,172,,1,5,36,1027,1,2,0,0,20230531,15,,0,0.0,20230531,직영,3385,1084,1057499000,37.49924318,127.02411499,1165010800,서울시,19.8,17.4,서초구,23.0,20.9,16,197.0,166.0,
5,서초예성그린,106B㎡,서울시 서초구 서초동,1165010800,1667-3,서울시 서초구 서초대로58길 30,37.493481,127.017827,36,0,7,6,263,48,44,예성건설(주),HT001,106.2,92.39,87,3,1,5,계단식,730800,1421280,146160,544320,0,0,0,,,,,,,,,,,,서울서초초등학교,B100000764,서울특별시 서초구 서초동 1310-6,공립,단설,19801004,서울특별시교육청,http://seocho.sen.es.kr,20230531,25.3,27.8,531,496,20230531,7,52,5,6,6,6,6,7,144,164,172,173,172,,1,5,36,1027,1,2,0,0,20230531,15,,0,0.0,20230531,직영,3385,1084,1057499000,37.49924318,127.02411499,1165010800,서울시,19.8,17.4,서초구,23.0,20.9,16,197.0,166.0,
6,서초예성그린,108㎡,서울시 서초구 서초동,1165010800,1667-3,서울시 서초구 서초대로58길 30,37.493481,127.017827,36,0,7,6,263,48,44,예성건설(주),HT001,108.66,94.54,87,3,2,1,계단식,623700,1249920,124740,501480,0,0,0,,,,,,,,,,,,서울서초초등학교,B100000764,서울특별시 서초구 서초동 1310-6,공립,단설,19801004,서울특별시교육청,http://seocho.sen.es.kr,20230531,25.3,27.8,531,496,20230531,7,52,5,6,6,6,6,7,144,164,172,173,172,,1,5,36,1027,1,2,0,0,20230531,15,,0,0.0,20230531,직영,3385,1084,1057499000,37.49924318,127.02411499,1165010800,서울시,19.8,17.4,서초구,23.0,20.9,16,197.0,166.0,
7,서초예성그린,113㎡,서울시 서초구 서초동,1165010800,1667-3,서울시 서초구 서초대로58길 30,37.493481,127.017827,36,0,7,6,263,48,44,예성건설(주),HT001,113.76,100.49,88,3,2,2,계단식,622125,1247400,124425,500850,0,0,0,,,,,,,,,,,,서울서초초등학교,B100000764,서울특별시 서초구 서초동 1310-6,공립,단설,19801004,서울특별시교육청,http://seocho.sen.es.kr,20230531,25.3,27.8,531,496,20230531,7,52,5,6,6,6,6,7,144,164,172,173,172,,1,5,36,1027,1,2,0,0,20230531,15,,0,0.0,20230531,직영,3385,1084,1057499000,37.49924318,127.02411499,1165010800,서울시,19.8,17.4,서초구,23.0,20.9,16,197.0,166.0,
8,서초예성그린,119㎡,서울시 서초구 서초동,1165010800,1667-3,서울시 서초구 서초대로58길 30,37.493481,127.017827,36,0,7,6,263,48,44,예성건설(주),HT001,119.43,105.49,88,3,2,10,계단식,1040400,1833120,208080,584640,0,0,0,,,,,14억,,,,,,,서울서초초등학교,B100000764,서울특별시 서초구 서초동 1310-6,공립,단설,19801004,서울특별시교육청,http://seocho.sen.es.kr,20230531,25.3,27.8,531,496,20230531,7,52,5,6,6,6,6,7,144,164,172,173,172,,1,5,36,1027,1,2,0,0,20230531,15,,0,0.0,20230531,직영,3385,1084,1057499000,37.49924318,127.02411499,1165010800,서울시,19.8,17.4,서초구,23.0,20.9,16,197.0,166.0,
9,서초예성그린,122B㎡,서울시 서초구 서초동,1165010800,1667-3,서울시 서초구 서초대로58길 30,37.493481,127.017827,36,0,7,6,263,48,44,예성건설(주),HT001,122.88,108.56,88,4,2,1,계단식,735525,1428840,147105,546210,0,0,0,,,,,,,,,,,,서울서초초등학교,B100000764,서울특별시 서초구 서초동 1310-6,공립,단설,19801004,서울특별시교육청,http://seocho.sen.es.kr,20230531,25.3,27.8,531,496,20230531,7,52,5,6,6,6,6,7,144,164,172,173,172,,1,5,36,1027,1,2,0,0,20230531,15,,0,0.0,20230531,직영,3385,1084,1057499000,37.49924318,127.02411499,1165010800,서울시,19.8,17.4,서초구,23.0,20.9,16,197.0,166.0,
10,서초예성그린,123A,서울시 서초구 서초동,1165010800,1667-3,서울시 서초구 서초대로58길 30,37.493481,127.017827,36,0,7,6,263,48,44,예성건설(주),HT001,123.77,107.68,87,4,2,1,계단식,1225800,2120490,245160,649530,0,0,0,,,,,,,,,,,,서울서초초등학교,B100000764,서울특별시 서초구 서초동 1310-6,공립,단설,19801004,서울특별시교육청,http://seocho.sen.es.kr,20230531,25.3,27.8,531,496,20230531,7,52,5,6,6,6,6,7,144,164,172,173,172,,1,5,36,1027,1,2,0,0,20230531,15,,0,0.0,20230531,직영,3385,1084,1057499000,37.49924318,127.02411499,1165010800,서울시,19.8,17.4,서초구,23.0,20.9,16,197.0,166.0,
0,서초오로라,81㎡,서울시 서초구 서초동,1165010800,1523-9,서울시 서초구 반포대로21길 43,37.48669,127.008418,18,0,6,6,241,46,31,(주)세보종합건설,HT001,81.37,76.05,93,3,2,1,계단식,233100,568890,46620,289170,0,0,0,,,,,,,,,,,,서울신중초등학교,B100000768,서울특별시 서초구 서초동 1466-6번지,공립,단설,19360601,서울특별시교육청,http://sinjung.sen.es.kr,20230531,21.0,22.5,455,378,20230531,4,57,5,6,6,6,7,6,130,124,135,138,166,,1,5,36,833,1,3,0,0,20230531,10,,0,0.0,20230531,직영,3385,931,831091000,37.4801795,127.0093516,1165010800,서울시,19.8,17.4,서초구,23.0,20.9,14,135.0,162.0,
1,서초오로라,88㎡,서울시 서초구 서초동,1165010800,1523-9,서울시 서초구 반포대로21길 43,37.48669,127.008418,18,0,6,6,241,46,31,(주)세보종합건설,HT001,88.05,77.2,88,3,2,1,계단식,250200,601380,50040,301140,0,0,0,,,,,,,,,,,,서울신중초등학교,B100000768,서울특별시 서초구 서초동 1466-6번지,공립,단설,19360601,서울특별시교육청,http://sinjung.sen.es.kr,20230531,21.0,22.5,455,378,20230531,4,57,5,6,6,6,7,6,130,124,135,138,166,,1,5,36,833,1,3,0,0,20230531,10,,0,0.0,20230531,직영,3385,931,831091000,37.4801795,127.0093516,1165010800,서울시,19.8,17.4,서초구,23.0,20.9,14,135.0,162.0,
2,서초오로라,93㎡,서울시 서초구 서초동,1165010800,1523-9,서울시 서초구 반포대로21길 43,37.48669,127.008418,18,0,6,6,241,46,31,(주)세보종합건설,HT001,93.35,87.25,93,3,2,1,계단식,270000,639000,54000,315000,0,0,0,,,,,,,,,,,,서울신중초등학교,B100000768,서울특별시 서초구 서초동 1466-6번지,공립,단설,19360601,서울특별시교육청,http://sinjung.sen.es.kr,20230531,21.0,22.5,455,378,20230531,4,57,5,6,6,6,7,6,130,124,135,138,166,,1,5,36,833,1,3,0,0,20230531,10,,0,0.0,20230531,직영,3385,931,831091000,37.4801795,127.0093516,1165010800,서울시,19.8,17.4,서초구,23.0,20.9,14,135.0,162.0,
3,서초오로라,129㎡,서울시 서초구 서초동,1165010800,1523-9,서울시 서초구 반포대로21길 43,37.48669,127.008418,18,0,6,6,241,46,31,(주)세보종합건설,HT001,129.06,120.66,93,4,2,2,계단식,445725,965160,89145,430290,0,0,0,,,,,,,,,,,,서울신중초등학교,B100000768,서울특별시 서초구 서초동 1466-6번지,공립,단설,19360601,서울특별시교육청,http://sinjung.sen.es.kr,20230531,21.0,22.5,455,378,20230531,4,57,5,6,6,6,7,6,130,124,135,138,166,,1,5,36,833,1,3,0,0,20230531,10,,0,0.0,20230531,직영,3385,931,831091000,37.4801795,127.0093516,1165010800,서울시,19.8,17.4,서초구,23.0,20.9,14,135.0,162.0,
4,서초오로라,137㎡,서울시 서초구 서초동,1165010800,1523-9,서울시 서초구 반포대로21길 43,37.48669,127.008418,18,0,6,6,241,46,31,(주)세보종합건설,HT001,137.11,120.2,88,4,2,1,계단식,461475,990360,92295,436590,0,0,0,,,,,,,11억,,,,,서울신중초등학교,B100000768,서울특별시 서초구 서초동 1466-6번지,공립,단설,19360601,서울특별시교육청,http://sinjung.sen.es.kr,20230531,21.0,22.5,455,378,20230531,4,57,5,6,6,6,7,6,130,124,135,138,166,,1,5,36,833,1,3,0,0,20230531,10,,0,0.0,20230531,직영,3385,931,831091000,37.4801795,127.0093516,1165010800,서울시,19.8,17.4,서초구,23.0,20.9,14,135.0,162.0,
5,서초오로라,150㎡,서울시 서초구 서초동,1165010800,1523-9,서울시 서초구 반포대로21길 43,37.48669,127.008418,18,0,6,6,241,46,31,(주)세보종합건설,HT001,150.28,140.49,93,4,2,2,계단식,630000,1260000,126000,504000,0,0,0,,,,,,,,,,,,서울신중초등학교,B100000768,서울특별시 서초구 서초동 1466-6번지,공립,단설,19360601,서울특별시교육청,http://sinjung.sen.es.kr,20230531,21.0,22.5,455,378,20230531,4,57,5,6,6,6,7,6,130,124,135,138,166,,1,5,36,833,1,3,0,0,20230531,10,,0,0.0,20230531,직영,3385,931,831091000,37.4801795,127.0093516,1165010800,서울시,19.8,17.4,서초구,23.0,20.9,14,135.0,162.0,
6,서초오로라,160㎡,서울시 서초구 서초동,1165010800,1523-9,서울시 서초구 반포대로21길 43,37.48669,127.008418,18,0,6,6,241,46,31,(주)세보종합건설,HT001,160.56,140.76,88,4,2,1,계단식,656775,1302840,131355,514710,0,0,0,,,,,,,,,,,,서울신중초등학교,B100000768,서울특별시 서초구 서초동 1466-6번지,공립,단설,19360601,서울특별시교육청,http://sinjung.sen.es.kr,20230531,21.0,22.5,455,378,20230531,4,57,5,6,6,6,7,6,130,124,135,138,166,,1,5,36,833,1,3,0,0,20230531,10,,0,0.0,20230531,직영,3385,931,831091000,37.4801795,127.0093516,1165010800,서울시,19.8,17.4,서초구,23.0,20.9,14,135.0,162.0,
7,서초오로라,165㎡,서울시 서초구 서초동,1165010800,1523-9,서울시 서초구 반포대로21길 43,37.48669,127.008418,18,0,6,6,241,46,31,(주)세보종합건설,HT001,165.58,154.8,93,4,2,6,계단식,721350,1406160,144270,540540,0,0,0,,,,,20억,,,,,,,서울신중초등학교,B100000768,서울특별시 서초구 서초동 1466-6번지,공립,단설,19360601,서울특별시교육청,http://sinjung.sen.es.kr,20230531,21.0,22.5,455,378,20230531,4,57,5,6,6,6,7,6,130,124,135,138,166,,1,5,36,833,1,3,0,0,20230531,10,,0,0.0,20230531,직영,3385,931,831091000,37.4801795,127.0093516,1165010800,서울시,19.8,17.4,서초구,23.0,20.9,14,135.0,162.0,
8,서초오로라,177,서울시 서초구 서초동,1165010800,1523-9,서울시 서초구 반포대로21길 43,37.48669,127.008418,18,0,6,6,241,46,31,(주)세보종합건설,HT001,177.07,155.23,88,4,2,3,계단식,744975,1443960,148995,549990,0,0,0,,,,,,,,,,,,서울신중초등학교,B100000768,서울특별시 서초구 서초동 1466-6번지,공립,단설,19360601,서울특별시교육청,http://sinjung.sen.es.kr,20230531,21.0,22.5,455,378,20230531,4,57,5,6,6,6,7,6,130,124,135,138,166,,1,5,36,833,1,3,0,0,20230531,10,,0,0.0,20230531,직영,3385,931,831091000,37.4801795,127.0093516,1165010800,서울시,19.8,17.4,서초구,23.0,20.9,14,135.0,162.0,
0,서초우방유쉘,81㎡,서울시 서초구 서초동,1165010800,1560-9,서울시 서초구 서초대로46길 62,37.489803,127.011158,49,0,12,8,247,30,61,(주)우방,HT001,81.52,65.47,80,3,2,1,계단식,418500,921150,83700,418950,0,0,0,,,,,,,,,,,,서울신중초등학교,B100000768,서울특별시 서초구 서초동 1466-6번지,공립,단설,19360601,서울특별시교육청,http://sinjung.sen.es.kr,20230531,21.0,22.5,455,378,20230531,4,57,5,6,6,6,7,6,130,124,135,138,166,,1,5,36,833,1,3,0,0,20230531,10,,0,0.0,20230531,직영,3385,931,831091000,37.4801795,127.0093516,1165010800,서울시,19.8,17.4,서초구,23.0,20.9,20,135.0,162.0,
1,서초우방유쉘,84A㎡,서울시 서초구 서초동,1165010800,1560-9,서울시 서초구 서초대로46길 62,37.489803,127.011158,49,0,12,8,247,30,61,(주)우방,HT001,84.08,67.66,80,3,2,1,계단식,445725,965160,89145,430290,0,0,0,,,,,,,,,,,,서울신중초등학교,B100000768,서울특별시 서초구 서초동 1466-6번지,공립,단설,19360601,서울특별시교육청,http://sinjung.sen.es.kr,20230531,21.0,22.5,455,378,20230531,4,57,5,6,6,6,7,6,130,124,135,138,166,,1,5,36,833,1,3,0,0,20230531,10,,0,0.0,20230531,직영,3385,931,831091000,37.4801795,127.0093516,1165010800,서울시,19.8,17.4,서초구,23.0,20.9,20,135.0,162.0,
2,서초우방유쉘,84B㎡,서울시 서초구 서초동,1165010800,1560-9,서울시 서초구 서초대로46길 62,37.489803,127.011158,49,0,12,8,247,30,61,(주)우방,HT001,84.04,67.95,81,3,2,1,계단식,521325,1086120,104265,460530,0,0,0,,,,,"12억 9,000",,,,,,,서울신중초등학교,B100000768,서울특별시 서초구 서초동 1466-6번지,공립,단설,19360601,서울특별시교육청,http://sinjung.sen.es.kr,20230531,21.0,22.5,455,378,20230531,4,57,5,6,6,6,7,6,130,124,135,138,166,,1,5,36,833,1,3,0,0,20230531,10,,0,0.0,20230531,직영,3385,931,831091000,37.4801795,127.0093516,1165010800,서울시,19.8,17.4,서초구,23.0,20.9,20,135.0,162.0,
3,서초우방유쉘,97㎡,서울시 서초구 서초동,1165010800,1560-9,서울시 서초구 서초대로46길 62,37.489803,127.011158,49,0,12,8,247,30,61,(주)우방,HT001,97.68,79.3,81,3,2,1,계단식,1051200,1849860,210240,588420,0,0,0,,,,,,,,,,,,서울신중초등학교,B100000768,서울특별시 서초구 서초동 1466-6번지,공립,단설,19360601,서울특별시교육청,http://sinjung.sen.es.kr,20230531,21.0,22.5,455,378,20230531,4,57,5,6,6,6,7,6,130,124,135,138,166,,1,5,36,833,1,3,0,0,20230531,10,,0,0.0,20230531,직영,3385,931,831091000,37.4801795,127.0093516,1165010800,서울시,19.8,17.4,서초구,23.0,20.9,20,135.0,162.0,
4,서초우방유쉘,104A㎡,서울시 서초구 서초동,1165010800,1560-9,서울시 서초구 서초대로46길 62,37.489803,127.011158,49,0,12,8,247,30,61,(주)우방,HT001,104.39,84.85,81,3,2,20,계단식,1157400,2014470,231480,625590,0,0,0,,,,,"13억 9,000",,,,5억/120,,5억/120,서울신중초등학교,B100000768,서울특별시 서초구 서초동 1466-6번지,공립,단설,19360601,서울특별시교육청,http://sinjung.sen.es.kr,20230531,21.0,22.5,455,378,20230531,4,57,5,6,6,6,7,6,130,124,135,138,166,,1,5,36,833,1,3,0,0,20230531,10,,0,0.0,20230531,직영,3385,931,831091000,37.4801795,127.0093516,1165010800,서울시,19.8,17.4,서초구,23.0,20.9,20,135.0,162.0,
5,서초우방유쉘,104B㎡,서울시 서초구 서초동,1165010800,1560-9,서울시 서초구 서초대로46길 62,37.489803,127.011158,49,0,12,8,247,30,61,(주)우방,HT001,104.48,84.94,81,3,2,8,계단식,1157400,2014470,231480,625590,0,0,0,,,,,,,,,,,,서울신중초등학교,B100000768,서울특별시 서초구 서초동 1466-6번지,공립,단설,19360601,서울특별시교육청,http://sinjung.sen.es.kr,20230531,21.0,22.5,455,378,20230531,4,57,5,6,6,6,7,6,130,124,135,138,166,,1,5,36,833,1,3,0,0,20230531,10,,0,0.0,20230531,직영,3385,931,831091000,37.4801795,127.0093516,1165010800,서울시,19.8,17.4,서초구,23.0,20.9,20,135.0,162.0,
6,서초우방유쉘,104C㎡,서울시 서초구 서초동,1165010800,1560-9,서울시 서초구 서초대로46길 62,37.489803,127.011158,49,0,12,8,247,30,61,(주)우방,HT001,104.79,84.95,81,3,2,7,계단식,1157400,2014470,231480,625590,0,0,0,,,,,,,,,,,,서울신중초등학교,B100000768,서울특별시 서초구 서초동 1466-6번지,공립,단설,19360601,서울특별시교육청,http://sinjung.sen.es.kr,20230531,21.0,22.5,455,378,20230531,4,57,5,6,6,6,7,6,130,124,135,138,166,,1,5,36,833,1,3,0,0,20230531,10,,0,0.0,20230531,직영,3385,931,831091000,37.4801795,127.0093516,1165010800,서울시,19.8,17.4,서초구,23.0,20.9,20,135.0,162.0,
7,서초우방유쉘,115㎡,서울시 서초구 서초동,1165010800,1560-9,서울시 서초구 서초대로46길 62,37.489803,127.011158,49,0,12,8,247,30,61,(주)우방,HT001,115.11,94.27,82,3,2,1,계단식,1182600,2053530,236520,634410,0,0,0,,,,,,,,,,,,서울신중초등학교,B100000768,서울특별시 서초구 서초동 1466-6번지,공립,단설,19360601,서울특별시교육청,http://sinjung.sen.es.kr,20230531,21.0,22.5,455,378,20230531,4,57,5,6,6,6,7,6,130,124,135,138,166,,1,5,36,833,1,3,0,0,20230531,10,,0,0.0,20230531,직영,3385,931,831091000,37.4801795,127.0093516,1165010800,서울시,19.8,17.4,서초구,23.0,20.9,20,135.0,162.0,
8,서초우방유쉘,136㎡,서울시 서초구 서초동,1165010800,1560-9,서울시 서초구 서초대로46길 62,37.489803,127.011158,49,0,12,8,247,30,61,(주)우방,HT001,136.98,112.41,82,3,2,1,계단식,1256400,2167920,251280,660240,0,0,0,,,,,,,,,,,,서울신중초등학교,B100000768,서울특별시 서초구 서초동 1466-6번지,공립,단설,19360601,서울특별시교육청,http://sinjung.sen.es.kr,20230531,21.0,22.5,455,378,20230531,4,57,5,6,6,6,7,6,130,124,135,138,166,,1,5,36,833,1,3,0,0,20230531,10,,0,0.0,20230531,직영,3385,931,831091000,37.4801795,127.0093516,1165010800,서울시,19.8,17.4,서초구,23.0,20.9,20,135.0,162.0,
9,서초우방유쉘,141B㎡,서울시 서초구 서초동,1165010800,1560-9,서울시 서초구 서초대로46길 62,37.489803,127.011158,49,0,12,8,247,30,61,(주)우방,HT001,141.52,116.04,82,4,2,6,계단식,1258200,2170710,251640,660870,0,0,0,,,,,,,,,,,,서울신중초등학교,B100000768,서울특별시 서초구 서초동 1466-6번지,공립,단설,19360601,서울특별시교육청,http://sinjung.sen.es.kr,20230531,21.0,22.5,455,378,20230531,4,57,5,6,6,6,7,6,130,124,135,138,166,,1,5,36,833,1,3,0,0,20230531,10,,0,0.0,20230531,직영,3385,931,831091000,37.4801795,127.0093516,1165010800,서울시,19.8,17.4,서초구,23.0,20.9,20,135.0,162.0,
10,서초우방유쉘,141A,서울시 서초구 서초동,1165010800,1560-9,서울시 서초구 서초대로46길 62,37.489803,127.011158,49,0,12,8,247,30,61,(주)우방,HT001,141.26,114.44,81,3,2,2,계단식,1240200,2142810,248040,654570,0,0,0,,,,,,,,,,,,서울신중초등학교,B100000768,서울특별시 서초구 서초동 1466-6번지,공립,단설,19360601,서울특별시교육청,http://sinjung.sen.es.kr,20230531,21.0,22.5,455,378,20230531,4,57,5,6,6,6,7,6,130,124,135,138,166,,1,5,36,833,1,3,0,0,20230531,10,,0,0.0,20230531,직영,3385,931,831091000,37.4801795,127.0093516,1165010800,서울시,19.8,17.4,서초구,23.0,20.9,20,135.0,162.0,
0,서초웰하우스,33㎡,서울시 서초구 서초동,1165010800,1487-116,서울시 서초구 명달로 44,37.481459,127.005325,12,0,10,10,249,32,16,(주)진오종합건설,HT001,33.01,28.95,88,2,1,4,계단식,,,,,,,,,,,,,,,,,,,서울신중초등학교,B100000768,서울특별시 서초구 서초동 1466-6번지,공립,단설,19360601,서울특별시교육청,http://sinjung.sen.es.kr,20230531,21.0,22.5,455,378,20230531,4,57,5,6,6,6,7,6,130,124,135,138,166,,1,5,36,833,1,3,0,0,20230531,10,,0,0.0,20230531,직영,3385,931,831091000,37.4801795,127.0093516,1165010800,서울시,19.8,17.4,서초구,23.0,20.9,9,135.0,162.0,
1,서초웰하우스,46㎡,서울시 서초구 서초동,1165010800,1487-116,서울시 서초구 명달로 44,37.481459,127.005325,12,0,10,10,249,32,16,(주)진오종합건설,HT001,46.26,40.57,88,3,2,4,계단식,,,,,,,,,,,,,,,,,,,서울신중초등학교,B100000768,서울특별시 서초구 서초동 1466-6번지,공립,단설,19360601,서울특별시교육청,http://sinjung.sen.es.kr,20230531,21.0,22.5,455,378,20230531,4,57,5,6,6,6,7,6,130,124,135,138,166,,1,5,36,833,1,3,0,0,20230531,10,,0,0.0,20230531,직영,3385,931,831091000,37.4801795,127.0093516,1165010800,서울시,19.8,17.4,서초구,23.0,20.9,9,135.0,162.0,
2,서초웰하우스,49,서울시 서초구 서초동,1165010800,1487-116,서울시 서초구 명달로 44,37.481459,127.005325,12,0,10,10,249,32,16,(주)진오종합건설,HT001,49.11,43.07,88,3,2,4,계단식,,,,,,,,,,,,"8억 2,000",,,,,,,서울신중초등학교,B100000768,서울특별시 서초구 서초동 1466-6번지,공립,단설,19360601,서울특별시교육청,http://sinjung.sen.es.kr,20230531,21.0,22.5,455,378,20230531,4,57,5,6,6,6,7,6,130,124,135,138,166,,1,5,36,833,1,3,0,0,20230531,10,,0,0.0,20230531,직영,3385,931,831091000,37.4801795,127.0093516,1165010800,서울시,19.8,17.4,서초구,23.0,20.9,9,135.0,162.0,
0,서초이오빌(주상복합),48N㎡,서울시 서초구 서초동,1165010800,1593-7,서울시 서초구 효령로53길 45,37.486602,127.012987,462,0,24,24,914,39,334,경남기업(주),HT001,48.96,36.66,75,1,1,176,복도식,71250,227250,14250,141750,0,0,0,,144178,167019,"3억 2,000","3억 8,000","2억 5,000","2억 7,000",,"6,000/70",,"6,000/70",서울신중초등학교,B100000768,서울특별시 서초구 서초동 1466-6번지,공립,단설,19360601,서울특별시교육청,http://sinjung.sen.es.kr,20230531,21.0,22.5,455,378,20230531,4,57,5,6,6,6,7,6,130,124,135,138,166,,1,5,36,833,1,3,0,0,20230531,10,,0,0.0,20230531,직영,3385,931,831091000,37.4801795,127.0093516,1165010800,서울시,19.8,17.4,서초구,23.0,20.9,14,135.0,162.0,
1,서초이오빌(주상복합),48S㎡,서울시 서초구 서초동,1165010800,1593-7,서울시 서초구 효령로53길 45,37.486602,127.012987,462,0,24,24,914,39,334,경남기업(주),HT001,48.96,36.66,75,1,1,44,복도식,72600,230760,14520,143640,0,0,0,,144178,167019,,4억,,3억,,,,,서울신중초등학교,B100000768,서울특별시 서초구 서초동 1466-6번지,공립,단설,19360601,서울특별시교육청,http://sinjung.sen.es.kr,20230531,21.0,22.5,455,378,20230531,4,57,5,6,6,6,7,6,130,124,135,138,166,,1,5,36,833,1,3,0,0,20230531,10,,0,0.0,20230531,직영,3385,931,831091000,37.4801795,127.0093516,1165010800,서울시,19.8,17.4,서초구,23.0,20.9,14,135.0,162.0,
2,서초이오빌(주상복합),57㎡,서울시 서초구 서초동,1165010800,1593-7,서울시 서초구 효령로53길 45,37.486602,127.012987,462,0,24,24,914,39,334,경남기업(주),HT001,57.68,43.2,75,1,1,66,복도식,82050,255330,16410,156870,0,0,0,,169899,196815,,,,,,,,,서울신중초등학교,B100000768,서울특별시 서초구 서초동 1466-6번지,공립,단설,19360601,서울특별시교육청,http://sinjung.sen.es.kr,20230531,21.0,22.5,455,378,20230531,4,57,5,6,6,6,7,6,130,124,135,138,166,,1,5,36,833,1,3,0,0,20230531,10,,0,0.0,20230531,직영,3385,931,831091000,37.4801795,127.0093516,1165010800,서울시,19.8,17.4,서초구,23.0,20.9,14,135.0,162.0,
3,서초이오빌(주상복합),61E㎡,서울시 서초구 서초동,1165010800,1593-7,서울시 서초구 효령로53길 45,37.486602,127.012987,462,0,24,24,914,39,334,경남기업(주),HT001,61.38,45.96,75,1,1,66,복도식,85650,264690,17130,161910,0,0,0,,180754,209389,,"4억 2,000",,,,,,,서울신중초등학교,B100000768,서울특별시 서초구 서초동 1466-6번지,공립,단설,19360601,서울특별시교육청,http://sinjung.sen.es.kr,20230531,21.0,22.5,455,378,20230531,4,57,5,6,6,6,7,6,130,124,135,138,166,,1,5,36,833,1,3,0,0,20230531,10,,0,0.0,20230531,직영,3385,931,831091000,37.4801795,127.0093516,1165010800,서울시,19.8,17.4,서초구,23.0,20.9,14,135.0,162.0,
4,서초이오빌(주상복합),61W㎡,서울시 서초구 서초동,1165010800,1593-7,서울시 서초구 효령로53길 45,37.486602,127.012987,462,0,24,24,914,39,334,경남기업(주),HT001,61.38,45.96,75,1,1,66,복도식,84300,261180,16860,160020,0,0,0,,180754,209389,"4억 2,000","4억 3,000","2억 9,500",3억,,"3,000/140",,"3,000/140",서울신중초등학교,B100000768,서울특별시 서초구 서초동 1466-6번지,공립,단설,19360601,서울특별시교육청,http://sinjung.sen.es.kr,20230531,21.0,22.5,455,378,20230531,4,57,5,6,6,6,7,6,130,124,135,138,166,,1,5,36,833,1,3,0,0,20230531,10,,0,0.0,20230531,직영,3385,931,831091000,37.4801795,127.0093516,1165010800,서울시,19.8,17.4,서초구,23.0,20.9,14,135.0,162.0,
5,서초이오빌(주상복합),67㎡,서울시 서초구 서초동,1165010800,1593-7,서울시 서초구 효령로53길 45,37.486602,127.012987,462,0,24,24,914,39,334,경남기업(주),HT001,67.79,50.77,75,2,1,22,복도식,118050,348930,23610,207270,0,0,0,,199671,231303,"6억 5,000","6억 6,000",,4억,,,,,서울신중초등학교,B100000768,서울특별시 서초구 서초동 1466-6번지,공립,단설,19360601,서울특별시교육청,http://sinjung.sen.es.kr,20230531,21.0,22.5,455,378,20230531,4,57,5,6,6,6,7,6,130,124,135,138,166,,1,5,36,833,1,3,0,0,20230531,10,,0,0.0,20230531,직영,3385,931,831091000,37.4801795,127.0093516,1165010800,서울시,19.8,17.4,서초구,23.0,20.9,14,135.0,162.0,
6,서초이오빌(주상복합),78,서울시 서초구 서초동,1165010800,1593-7,서울시 서초구 효령로53길 45,37.486602,127.012987,462,0,24,24,914,39,334,경남기업(주),HT001,78.09,58.48,75,2,1,22,복도식,169200,447480,33840,244440,0,0,0,,229993,266429,,,,"5억 2,000",,,,,서울신중초등학교,B100000768,서울특별시 서초구 서초동 1466-6번지,공립,단설,19360601,서울특별시교육청,http://sinjung.sen.es.kr,20230531,21.0,22.5,455,378,20230531,4,57,5,6,6,6,7,6,130,124,135,138,166,,1,5,36,833,1,3,0,0,20230531,10,,0,0.0,20230531,직영,3385,931,831091000,37.4801795,127.0093516,1165010800,서울시,19.8,17.4,서초구,23.0,20.9,14,135.0,162.0,
0,서초자연인,26A㎡,서울시 서초구 서초동,1165010800,1344-23,서울시 서초구 서운로9길 18,37.487219,127.027645,29,0,9,7,238,41,15,주식회사아이에스산업개발,HT001,26.78,18.14,68,1,1,1,계단식,27225,108900,5445,76230,0,0,0,,,,,,,,,,,,서울서일초등학교,B100000763,서울특별시 서초구 서초동 1436-8번지,공립,단설,19861016,서울특별시교육청,http://seoulseoil.sen.es.kr,20230531,20.3,20.8,266,232,20230531,4,33,3,4,4,4,4,4,72,79,88,78,93,,1,5,23,498,1,4,0,0,20230531,6,,0,0.0,20230531,직영,3377,558,615924000,37.48478772,127.02260429,1165010800,서울시,19.8,17.4,서초구,23.0,20.9,11,83.0,87.0,
1,서초자연인,27B㎡,서울시 서초구 서초동,1165010800,1344-23,서울시 서초구 서운로9길 18,37.487219,127.027645,29,0,9,7,238,41,15,주식회사아이에스산업개발,HT001,27.11,18.35,68,1,1,1,계단식,27450,109800,5490,76860,0,0,0,,,,,,,,,,,,서울서일초등학교,B100000763,서울특별시 서초구 서초동 1436-8번지,공립,단설,19861016,서울특별시교육청,http://seoulseoil.sen.es.kr,20230531,20.3,20.8,266,232,20230531,4,33,3,4,4,4,4,4,72,79,88,78,93,,1,5,23,498,1,4,0,0,20230531,6,,0,0.0,20230531,직영,3377,558,615924000,37.48478772,127.02260429,1165010800,서울시,19.8,17.4,서초구,23.0,20.9,11,83.0,87.0,
2,서초자연인,27C㎡,서울시 서초구 서초동,1165010800,1344-23,서울시 서초구 서운로9길 18,37.487219,127.027645,29,0,9,7,238,41,15,주식회사아이에스산업개발,HT001,27.71,18.51,67,1,1,1,계단식,27900,111600,5580,78120,0,0,0,,,,,,,,,,,,서울서일초등학교,B100000763,서울특별시 서초구 서초동 1436-8번지,공립,단설,19861016,서울특별시교육청,http://seoulseoil.sen.es.kr,20230531,20.3,20.8,266,232,20230531,4,33,3,4,4,4,4,4,72,79,88,78,93,,1,5,23,498,1,4,0,0,20230531,6,,0,0.0,20230531,직영,3377,558,615924000,37.48478772,127.02260429,1165010800,서울시,19.8,17.4,서초구,23.0,20.9,11,83.0,87.0,
3,서초자연인,29B㎡,서울시 서초구 서초동,1165010800,1344-23,서울시 서초구 서운로9길 18,37.487219,127.027645,29,0,9,7,238,41,15,주식회사아이에스산업개발,HT001,29.64,20.38,69,1,1,1,계단식,30750,121950,6150,85050,0,0,0,,,,,,,,,,,,서울서일초등학교,B100000763,서울특별시 서초구 서초동 1436-8번지,공립,단설,19861016,서울특별시교육청,http://seoulseoil.sen.es.kr,20230531,20.3,20.8,266,232,20230531,4,33,3,4,4,4,4,4,72,79,88,78,93,,1,5,23,498,1,4,0,0,20230531,6,,0,0.0,20230531,직영,3377,558,615924000,37.48478772,127.02260429,1165010800,서울시,19.8,17.4,서초구,23.0,20.9,11,83.0,87.0,
4,서초자연인,31C㎡,서울시 서초구 서초동,1165010800,1344-23,서울시 서초구 서운로9길 18,37.487219,127.027645,29,0,9,7,238,41,15,주식회사아이에스산업개발,HT001,31.13,21.29,68,1,1,1,계단식,33900,130140,6780,89460,0,0,0,,,,,,,,,,,,서울서일초등학교,B100000763,서울특별시 서초구 서초동 1436-8번지,공립,단설,19861016,서울특별시교육청,http://seoulseoil.sen.es.kr,20230531,20.3,20.8,266,232,20230531,4,33,3,4,4,4,4,4,72,79,88,78,93,,1,5,23,498,1,4,0,0,20230531,6,,0,0.0,20230531,직영,3377,558,615924000,37.48478772,127.02260429,1165010800,서울시,19.8,17.4,서초구,23.0,20.9,11,83.0,87.0,
5,서초자연인,31C㎡,서울시 서초구 서초동,1165010800,1344-23,서울시 서초구 서운로9길 18,37.487219,127.027645,29,0,9,7,238,41,15,주식회사아이에스산업개발,HT001,31.95,21.95,69,1,1,1,계단식,35700,134820,7140,91980,0,0,0,,,,,,,,,,,,서울서일초등학교,B100000763,서울특별시 서초구 서초동 1436-8번지,공립,단설,19861016,서울특별시교육청,http://seoulseoil.sen.es.kr,20230531,20.3,20.8,266,232,20230531,4,33,3,4,4,4,4,4,72,79,88,78,93,,1,5,23,498,1,4,0,0,20230531,6,,0,0.0,20230531,직영,3377,558,615924000,37.48478772,127.02260429,1165010800,서울시,19.8,17.4,서초구,23.0,20.9,11,83.0,87.0,
6,서초자연인,32B㎡,서울시 서초구 서초동,1165010800,1344-23,서울시 서초구 서운로9길 18,37.487219,127.027645,29,0,9,7,238,41,15,주식회사아이에스산업개발,HT001,32.45,21.85,67,1,1,1,계단식,35700,134820,7140,91980,0,0,0,,,,,,,,,,,,서울서일초등학교,B100000763,서울특별시 서초구 서초동 1436-8번지,공립,단설,19861016,서울특별시교육청,http://seoulseoil.sen.es.kr,20230531,20.3,20.8,266,232,20230531,4,33,3,4,4,4,4,4,72,79,88,78,93,,1,5,23,498,1,4,0,0,20230531,6,,0,0.0,20230531,직영,3377,558,615924000,37.48478772,127.02260429,1165010800,서울시,19.8,17.4,서초구,23.0,20.9,11,83.0,87.0,
7,서초자연인,36A㎡,서울시 서초구 서초동,1165010800,1344-23,서울시 서초구 서운로9길 18,37.487219,127.027645,29,0,9,7,238,41,15,주식회사아이에스산업개발,HT001,36.43,24.83,68,1,1,1,계단식,41100,148860,8220,99540,0,0,0,,,,,,,,,,,,서울서일초등학교,B100000763,서울특별시 서초구 서초동 1436-8번지,공립,단설,19861016,서울특별시교육청,http://seoulseoil.sen.es.kr,20230531,20.3,20.8,266,232,20230531,4,33,3,4,4,4,4,4,72,79,88,78,93,,1,5,23,498,1,4,0,0,20230531,6,,0,0.0,20230531,직영,3377,558,615924000,37.48478772,127.02260429,1165010800,서울시,19.8,17.4,서초구,23.0,20.9,11,83.0,87.0,
8,서초자연인,37B㎡,서울시 서초구 서초동,1165010800,1344-23,서울시 서초구 서운로9길 18,37.487219,127.027645,29,0,9,7,238,41,15,주식회사아이에스산업개발,HT001,37.69,26.03,69,1,1,1,계단식,46050,161730,9210,106470,0,0,0,,,,,,,,,,,,서울서일초등학교,B100000763,서울특별시 서초구 서초동 1436-8번지,공립,단설,19861016,서울특별시교육청,http://seoulseoil.sen.es.kr,20230531,20.3,20.8,266,232,20230531,4,33,3,4,4,4,4,4,72,79,88,78,93,,1,5,23,498,1,4,0,0,20230531,6,,0,0.0,20230531,직영,3377,558,615924000,37.48478772,127.02260429,1165010800,서울시,19.8,17.4,서초구,23.0,20.9,11,83.0,87.0,
9,서초자연인,38B㎡,서울시 서초구 서초동,1165010800,1344-23,서울시 서초구 서운로9길 18,37.487219,127.027645,29,0,9,7,238,41,15,주식회사아이에스산업개발,HT001,38.51,26.69,69,1,1,1,계단식,48300,167580,9660,109620,0,0,0,,,,,,,,,,,,서울서일초등학교,B100000763,서울특별시 서초구 서초동 1436-8번지,공립,단설,19861016,서울특별시교육청,http://seoulseoil.sen.es.kr,20230531,20.3,20.8,266,232,20230531,4,33,3,4,4,4,4,4,72,79,88,78,93,,1,5,23,498,1,4,0,0,20230531,6,,0,0.0,20230531,직영,3377,558,615924000,37.48478772,127.02260429,1165010800,서울시,19.8,17.4,서초구,23.0,20.9,11,83.0,87.0,
10,서초자연인,38C㎡,서울시 서초구 서초동,1165010800,1344-23,서울시 서초구 서운로9길 18,37.487219,127.027645,29,0,9,7,238,41,15,주식회사아이에스산업개발,HT001,38.38,26.73,70,1,1,1,계단식,48300,167580,9660,109620,0,0,0,,,,,,,,,,,,서울서일초등학교,B100000763,서울특별시 서초구 서초동 1436-8번지,공립,단설,19861016,서울특별시교육청,http://seoulseoil.sen.es.kr,20230531,20.3,20.8,266,232,20230531,4,33,3,4,4,4,4,4,72,79,88,78,93,,1,5,23,498,1,4,0,0,20230531,6,,0,0.0,20230531,직영,3377,558,615924000,37.48478772,127.02260429,1165010800,서울시,19.8,17.4,서초구,23.0,20.9,11,83.0,87.0,
11,서초자연인,40E㎡,서울시 서초구 서초동,1165010800,1344-23,서울시 서초구 서운로9길 18,37.487219,127.027645,29,0,9,7,238,41,15,주식회사아이에스산업개발,HT001,40.23,27.73,69,1,1,1,계단식,51000,174600,10200,113400,0,0,0,,,,,"3억 7,000",,,,,,,서울서일초등학교,B100000763,서울특별시 서초구 서초동 1436-8번지,공립,단설,19861016,서울특별시교육청,http://seoulseoil.sen.es.kr,20230531,20.3,20.8,266,232,20230531,4,33,3,4,4,4,4,4,72,79,88,78,93,,1,5,23,498,1,4,0,0,20230531,6,,0,0.0,20230531,직영,3377,558,615924000,37.48478772,127.02260429,1165010800,서울시,19.8,17.4,서초구,23.0,20.9,11,83.0,87.0,
12,서초자연인,40F㎡,서울시 서초구 서초동,1165010800,1344-23,서울시 서초구 서운로9길 18,37.487219,127.027645,29,0,9,7,238,41,15,주식회사아이에스산업개발,HT001,40.46,27.38,68,2,1,1,계단식,48750,168750,9750,110250,0,0,0,,,,,,,,,,,,서울서일초등학교,B100000763,서울특별시 서초구 서초동 1436-8번지,공립,단설,19861016,서울특별시교육청,http://seoulseoil.sen.es.kr,20230531,20.3,20.8,266,232,20230531,4,33,3,4,4,4,4,4,72,79,88,78,93,,1,5,23,498,1,4,0,0,20230531,6,,0,0.0,20230531,직영,3377,558,615924000,37.48478772,127.02260429,1165010800,서울시,19.8,17.4,서초구,23.0,20.9,11,83.0,87.0,
13,서초자연인,44C㎡,서울시 서초구 서초동,1165010800,1344-23,서울시 서초구 서운로9길 18,37.487219,127.027645,29,0,9,7,238,41,15,주식회사아이에스산업개발,HT001,44.25,30.77,70,1,1,1,계단식,60000,198000,12000,126000,0,0,0,,,,,,,,,,,,서울서일초등학교,B100000763,서울특별시 서초구 서초동 1436-8번지,공립,단설,19861016,서울특별시교육청,http://seoulseoil.sen.es.kr,20230531,20.3,20.8,266,232,20230531,4,33,3,4,4,4,4,4,72,79,88,78,93,,1,5,23,498,1,4,0,0,20230531,6,,0,0.0,20230531,직영,3377,558,615924000,37.48478772,127.02260429,1165010800,서울시,19.8,17.4,서초구,23.0,20.9,11,83.0,87.0,
14,서초자연인,44D㎡,서울시 서초구 서초동,1165010800,1344-23,서울시 서초구 서운로9길 18,37.487219,127.027645,29,0,9,7,238,41,15,주식회사아이에스산업개발,HT001,44.22,30.93,70,1,1,1,계단식,60450,199170,12090,126630,0,0,0,,,,,,,,,,,,서울서일초등학교,B100000763,서울특별시 서초구 서초동 1436-8번지,공립,단설,19861016,서울특별시교육청,http://seoulseoil.sen.es.kr,20230531,20.3,20.8,266,232,20230531,4,33,3,4,4,4,4,4,72,79,88,78,93,,1,5,23,498,1,4,0,0,20230531,6,,0,0.0,20230531,직영,3377,558,615924000,37.48478772,127.02260429,1165010800,서울시,19.8,17.4,서초구,23.0,20.9,11,83.0,87.0,
15,서초자연인,45B㎡,서울시 서초구 서초동,1165010800,1344-23,서울시 서초구 서운로9길 18,37.487219,127.027645,29,0,9,7,238,41,15,주식회사아이에스산업개발,HT001,45.07,31.43,70,1,1,1,계단식,61800,202680,12360,128520,0,0,0,,,,,,,,,"4,000/84",,"4,000/84",서울서일초등학교,B100000763,서울특별시 서초구 서초동 1436-8번지,공립,단설,19861016,서울특별시교육청,http://seoulseoil.sen.es.kr,20230531,20.3,20.8,266,232,20230531,4,33,3,4,4,4,4,4,72,79,88,78,93,,1,5,23,498,1,4,0,0,20230531,6,,0,0.0,20230531,직영,3377,558,615924000,37.48478772,127.02260429,1165010800,서울시,19.8,17.4,서초구,23.0,20.9,11,83.0,87.0,
16,서초자연인,49A㎡,서울시 서초구 서초동,1165010800,1344-23,서울시 서초구 서운로9길 18,37.487219,127.027645,29,0,9,7,238,41,15,주식회사아이에스산업개발,HT001,49.26,34.26,70,2,1,2,계단식,69900,223740,13980,139860,0,0,0,,,,,,,,,,,,서울서일초등학교,B100000763,서울특별시 서초구 서초동 1436-8번지,공립,단설,19861016,서울특별시교육청,http://seoulseoil.sen.es.kr,20230531,20.3,20.8,266,232,20230531,4,33,3,4,4,4,4,4,72,79,88,78,93,,1,5,23,498,1,4,0,0,20230531,6,,0,0.0,20230531,직영,3377,558,615924000,37.48478772,127.02260429,1165010800,서울시,19.8,17.4,서초구,23.0,20.9,11,83.0,87.0,
17,서초자연인,50B㎡,서울시 서초구 서초동,1165010800,1344-23,서울시 서초구 서운로9길 18,37.487219,127.027645,29,0,9,7,238,41,15,주식회사아이에스산업개발,HT001,50.18,35,70,2,1,2,계단식,72600,230760,14520,143640,0,0,0,,,,,,,,,,,,서울서일초등학교,B100000763,서울특별시 서초구 서초동 1436-8번지,공립,단설,19861016,서울특별시교육청,http://seoulseoil.sen.es.kr,20230531,20.3,20.8,266,232,20230531,4,33,3,4,4,4,4,4,72,79,88,78,93,,1,5,23,498,1,4,0,0,20230531,6,,0,0.0,20230531,직영,3377,558,615924000,37.48478772,127.02260429,1165010800,서울시,19.8,17.4,서초구,23.0,20.9,11,83.0,87.0,
18,서초자연인,50C㎡,서울시 서초구 서초동,1165010800,1344-23,서울시 서초구 서운로9길 18,37.487219,127.027645,29,0,9,7,238,41,15,주식회사아이에스산업개발,HT001,50.06,35.13,70,2,1,1,계단식,73050,231930,14610,144270,0,0,0,,,,,,,,,,,,서울서일초등학교,B100000763,서울특별시 서초구 서초동 1436-8번지,공립,단설,19861016,서울특별시교육청,http://seoulseoil.sen.es.kr,20230531,20.3,20.8,266,232,20230531,4,33,3,4,4,4,4,4,72,79,88,78,93,,1,5,23,498,1,4,0,0,20230531,6,,0,0.0,20230531,직영,3377,558,615924000,37.48478772,127.02260429,1165010800,서울시,19.8,17.4,서초구,23.0,20.9,11,83.0,87.0,
19,서초자연인,51C㎡,서울시 서초구 서초동,1165010800,1344-23,서울시 서초구 서운로9길 18,37.487219,127.027645,29,0,9,7,238,41,15,주식회사아이에스산업개발,HT001,51.26,35.76,70,2,1,2,계단식,87000,268200,17400,163800,0,0,0,,,,,,,,,,,,서울서일초등학교,B100000763,서울특별시 서초구 서초동 1436-8번지,공립,단설,19861016,서울특별시교육청,http://seoulseoil.sen.es.kr,20230531,20.3,20.8,266,232,20230531,4,33,3,4,4,4,4,4,72,79,88,78,93,,1,5,23,498,1,4,0,0,20230531,6,,0,0.0,20230531,직영,3377,558,615924000,37.48478772,127.02260429,1165010800,서울시,19.8,17.4,서초구,23.0,20.9,11,83.0,87.0,
20,서초자연인,53B㎡,서울시 서초구 서초동,1165010800,1344-23,서울시 서초구 서운로9길 18,37.487219,127.027645,29,0,9,7,238,41,15,주식회사아이에스산업개발,HT001,53.83,37.45,70,2,1,4,계단식,91950,281070,18390,170730,0,0,0,,,,,,,,,,,,서울서일초등학교,B100000763,서울특별시 서초구 서초동 1436-8번지,공립,단설,19861016,서울특별시교육청,http://seoulseoil.sen.es.kr,20230531,20.3,20.8,266,232,20230531,4,33,3,4,4,4,4,4,72,79,88,78,93,,1,5,23,498,1,4,0,0,20230531,6,,0,0.0,20230531,직영,3377,558,615924000,37.48478772,127.02260429,1165010800,서울시,19.8,17.4,서초구,23.0,20.9,11,83.0,87.0,
21,서초자연인,54A,서울시 서초구 서초동,1165010800,1344-23,서울시 서초구 서운로9길 18,37.487219,127.027645,29,0,9,7,238,41,15,주식회사아이에스산업개발,HT001,54.66,38.31,70,3,1,2,계단식,82500,256500,16500,157500,0,0,0,,,,,,,,,,,,서울서일초등학교,B100000763,서울특별시 서초구 서초동 1436-8번지,공립,단설,19861016,서울특별시교육청,http://seoulseoil.sen.es.kr,20230531,20.3,20.8,266,232,20230531,4,33,3,4,4,4,4,4,72,79,88,78,93,,1,5,23,498,1,4,0,0,20230531,6,,0,0.0,20230531,직영,3377,558,615924000,37.48478772,127.02260429,1165010800,서울시,19.8,17.4,서초구,23.0,20.9,11,83.0,87.0,
0,서초자연인(도시형),30㎡,서울시 서초구 서초동,1165010800,1344-22,서울시 서초구 서운로9길 18,37.487256,127.027735,29,0,9,8,249,48,16,주식회사아이에스산업개발,HT001,30.72,19.3,63,1,1,1,계단식,29250,117000,5850,81900,0,0,0,,,,,,,,,,,,서울서일초등학교,B100000763,서울특별시 서초구 서초동 1436-8번지,공립,단설,19861016,서울특별시교육청,http://seoulseoil.sen.es.kr,20230531,20.3,20.8,266,232,20230531,4,33,3,4,4,4,4,4,72,79,88,78,93,,1,5,23,498,1,4,0,0,20230531,6,,0,0.0,20230531,직영,3377,558,615924000,37.48478772,127.02260429,1165010800,서울시,19.8,17.4,서초구,23.0,20.9,11,83.0,87.0,
1,서초자연인(도시형),34㎡,서울시 서초구 서초동,1165010800,1344-22,서울시 서초구 서운로9길 18,37.487256,127.027735,29,0,9,8,249,48,16,주식회사아이에스산업개발,HT001,34.07,21.14,62,1,1,1,계단식,37500,139500,7500,94500,0,0,0,,,,,,,,,,,,서울서일초등학교,B100000763,서울특별시 서초구 서초동 1436-8번지,공립,단설,19861016,서울특별시교육청,http://seoulseoil.sen.es.kr,20230531,20.3,20.8,266,232,20230531,4,33,3,4,4,4,4,4,72,79,88,78,93,,1,5,23,498,1,4,0,0,20230531,6,,0,0.0,20230531,직영,3377,558,615924000,37.48478772,127.02260429,1165010800,서울시,19.8,17.4,서초구,23.0,20.9,11,83.0,87.0,
2,서초자연인(도시형),38㎡,서울시 서초구 서초동,1165010800,1344-22,서울시 서초구 서운로9길 18,37.487256,127.027735,29,0,9,8,249,48,16,주식회사아이에스산업개발,HT001,38.39,24.14,63,1,1,6,계단식,48750,168750,9750,110250,0,0,0,,,,"2억 5,000","2억 8,000",,,,,,,서울서일초등학교,B100000763,서울특별시 서초구 서초동 1436-8번지,공립,단설,19861016,서울특별시교육청,http://seoulseoil.sen.es.kr,20230531,20.3,20.8,266,232,20230531,4,33,3,4,4,4,4,4,72,79,88,78,93,,1,5,23,498,1,4,0,0,20230531,6,,0,0.0,20230531,직영,3377,558,615924000,37.48478772,127.02260429,1165010800,서울시,19.8,17.4,서초구,23.0,20.9,11,83.0,87.0,
3,서초자연인(도시형),42A㎡,서울시 서초구 서초동,1165010800,1344-22,서울시 서초구 서운로9길 18,37.487256,127.027735,29,0,9,8,249,48,16,주식회사아이에스산업개발,HT001,42.38,25.78,61,1,1,1,계단식,54600,183960,10920,118440,0,0,0,,,,,"2억 9,000",,,,,,,서울서일초등학교,B100000763,서울특별시 서초구 서초동 1436-8번지,공립,단설,19861016,서울특별시교육청,http://seoulseoil.sen.es.kr,20230531,20.3,20.8,266,232,20230531,4,33,3,4,4,4,4,4,72,79,88,78,93,,1,5,23,498,1,4,0,0,20230531,6,,0,0.0,20230531,직영,3377,558,615924000,37.48478772,127.02260429,1165010800,서울시,19.8,17.4,서초구,23.0,20.9,11,83.0,87.0,
4,서초자연인(도시형),44㎡,서울시 서초구 서초동,1165010800,1344-22,서울시 서초구 서운로9길 18,37.487256,127.027735,29,0,9,8,249,48,16,주식회사아이에스산업개발,HT001,44.78,27.38,61,1,1,11,계단식,59550,196830,11910,125370,0,0,0,,,,,,,,,"5,000/58",,"5,000/58",서울서일초등학교,B100000763,서울특별시 서초구 서초동 1436-8번지,공립,단설,19861016,서울특별시교육청,http://seoulseoil.sen.es.kr,20230531,20.3,20.8,266,232,20230531,4,33,3,4,4,4,4,4,72,79,88,78,93,,1,5,23,498,1,4,0,0,20230531,6,,0,0.0,20230531,직영,3377,558,615924000,37.48478772,127.02260429,1165010800,서울시,19.8,17.4,서초구,23.0,20.9,11,83.0,87.0,
5,서초자연인(도시형),44B㎡,서울시 서초구 서초동,1165010800,1344-22,서울시 서초구 서운로9길 18,37.487256,127.027735,29,0,9,8,249,48,16,주식회사아이에스산업개발,HT001,44,26,59,1,1,1,계단식,48750,168750,9750,110250,0,0,0,,,,,,,,,,,,서울서일초등학교,B100000763,서울특별시 서초구 서초동 1436-8번지,공립,단설,19861016,서울특별시교육청,http://seoulseoil.sen.es.kr,20230531,20.3,20.8,266,232,20230531,4,33,3,4,4,4,4,4,72,79,88,78,93,,1,5,23,498,1,4,0,0,20230531,6,,0,0.0,20230531,직영,3377,558,615924000,37.48478772,127.02260429,1165010800,서울시,19.8,17.4,서초구,23.0,20.9,11,83.0,87.0,
6,서초자연인(도시형),52㎡,서울시 서초구 서초동,1165010800,1344-22,서울시 서초구 서운로9길 18,37.487256,127.027735,29,0,9,8,249,48,16,주식회사아이에스산업개발,HT001,52.4,32.72,62,1,1,1,계단식,64950,210870,12990,132930,0,0,0,,,,,,,,,,,,서울서일초등학교,B100000763,서울특별시 서초구 서초동 1436-8번지,공립,단설,19861016,서울특별시교육청,http://seoulseoil.sen.es.kr,20230531,20.3,20.8,266,232,20230531,4,33,3,4,4,4,4,4,72,79,88,78,93,,1,5,23,498,1,4,0,0,20230531,6,,0,0.0,20230531,직영,3377,558,615924000,37.48478772,127.02260429,1165010800,서울시,19.8,17.4,서초구,23.0,20.9,11,83.0,87.0,
7,서초자연인(도시형),56㎡,서울시 서초구 서초동,1165010800,1344-22,서울시 서초구 서운로9길 18,37.487256,127.027735,29,0,9,8,249,48,16,주식회사아이에스산업개발,HT001,56.45,34.35,61,1,1,1,계단식,69900,223740,13980,139860,0,0,0,,,,,,,,,,,,서울서일초등학교,B100000763,서울특별시 서초구 서초동 1436-8번지,공립,단설,19861016,서울특별시교육청,http://seoulseoil.sen.es.kr,20230531,20.3,20.8,266,232,20230531,4,33,3,4,4,4,4,4,72,79,88,78,93,,1,5,23,498,1,4,0,0,20230531,6,,0,0.0,20230531,직영,3377,558,615924000,37.48478772,127.02260429,1165010800,서울시,19.8,17.4,서초구,23.0,20.9,11,83.0,87.0,
8,서초자연인(도시형),58㎡,서울시 서초구 서초동,1165010800,1344-22,서울시 서초구 서운로9길 18,37.487256,127.027735,29,0,9,8,249,48,16,주식회사아이에스산업개발,HT001,58.59,35.81,61,1,1,2,계단식,79800,249480,15960,153720,0,0,0,,,,,,,,,,,,서울서일초등학교,B100000763,서울특별시 서초구 서초동 1436-8번지,공립,단설,19861016,서울특별시교육청,http://seoulseoil.sen.es.kr,20230531,20.3,20.8,266,232,20230531,4,33,3,4,4,4,4,4,72,79,88,78,93,,1,5,23,498,1,4,0,0,20230531,6,,0,0.0,20230531,직영,3377,558,615924000,37.48478772,127.02260429,1165010800,서울시,19.8,17.4,서초구,23.0,20.9,11,83.0,87.0,
9,서초자연인(도시형),59㎡,서울시 서초구 서초동,1165010800,1344-22,서울시 서초구 서운로9길 18,37.487256,127.027735,29,0,9,8,249,48,16,주식회사아이에스산업개발,HT001,59.04,36.04,61,1,1,1,계단식,86550,267030,17310,163170,0,0,0,,,,,,,3억,,,,,서울서일초등학교,B100000763,서울특별시 서초구 서초동 1436-8번지,공립,단설,19861016,서울특별시교육청,http://seoulseoil.sen.es.kr,20230531,20.3,20.8,266,232,20230531,4,33,3,4,4,4,4,4,72,79,88,78,93,,1,5,23,498,1,4,0,0,20230531,6,,0,0.0,20230531,직영,3377,558,615924000,37.48478772,127.02260429,1165010800,서울시,19.8,17.4,서초구,23.0,20.9,11,83.0,87.0,
10,서초자연인(도시형),66㎡,서울시 서초구 서초동,1165010800,1344-22,서울시 서초구 서운로9길 18,37.487256,127.027735,29,0,9,8,249,48,16,주식회사아이에스산업개발,HT001,66.68,40.45,61,1,1,1,계단식,93300,284580,18660,172620,0,0,0,,,,,,,,,,,,서울서일초등학교,B100000763,서울특별시 서초구 서초동 1436-8번지,공립,단설,19861016,서울특별시교육청,http://seoulseoil.sen.es.kr,20230531,20.3,20.8,266,232,20230531,4,33,3,4,4,4,4,4,72,79,88,78,93,,1,5,23,498,1,4,0,0,20230531,6,,0,0.0,20230531,직영,3377,558,615924000,37.48478772,127.02260429,1165010800,서울시,19.8,17.4,서초구,23.0,20.9,11,83.0,87.0,
11,서초자연인(도시형),71㎡,서울시 서초구 서초동,1165010800,1344-22,서울시 서초구 서운로9길 18,37.487256,127.027735,29,0,9,8,249,48,16,주식회사아이에스산업개발,HT001,71.46,44.28,62,1,1,1,계단식,104550,313830,20910,188370,0,0,0,,,,,5억,,"3억 5,000",,1억/100,,1억/100,서울서일초등학교,B100000763,서울특별시 서초구 서초동 1436-8번지,공립,단설,19861016,서울특별시교육청,http://seoulseoil.sen.es.kr,20230531,20.3,20.8,266,232,20230531,4,33,3,4,4,4,4,4,72,79,88,78,93,,1,5,23,498,1,4,0,0,20230531,6,,0,0.0,20230531,직영,3377,558,615924000,37.48478772,127.02260429,1165010800,서울시,19.8,17.4,서초구,23.0,20.9,11,83.0,87.0,
12,서초자연인(도시형),132,서울시 서초구 서초동,1165010800,1344-22,서울시 서초구 서운로9길 18,37.487256,127.027735,29,0,9,8,249,48,16,주식회사아이에스산업개발,HT001,132.94,82.33,62,3,1,1,계단식,239400,580860,47880,293580,0,0,0,,,,,,,,,,,,서울서일초등학교,B100000763,서울특별시 서초구 서초동 1436-8번지,공립,단설,19861016,서울특별시교육청,http://seoulseoil.sen.es.kr,20230531,20.3,20.8,266,232,20230531,4,33,3,4,4,4,4,4,72,79,88,78,93,,1,5,23,498,1,4,0,0,20230531,6,,0,0.0,20230531,직영,3377,558,615924000,37.48478772,127.02260429,1165010800,서울시,19.8,17.4,서초구,23.0,20.9,11,83.0,87.0,
0,서초자이,106㎡,서울시 서초구 서초동,1165010800,1444-7,서울시 서초구 효령로68길 81,37.484985,127.020109,184,0,18,12,257,20,386,지에스건설(주),HT005,106.97,84.98,79,3,1,17,계단식,1747800,2929590,349560,832230,668304,556920,111384,,354777,264489,,,,,,,,,서울서일초등학교,B100000763,서울특별시 서초구 서초동 1436-8번지,공립,단설,19861016,서울특별시교육청,http://seoulseoil.sen.es.kr,20230531,20.3,20.8,266,232,20230531,4,33,3,4,4,4,4,4,72,79,88,78,93,,1,5,23,498,1,4,0,0,20230531,6,,0,0.0,20230531,직영,3377,558,615924000,37.48478772,127.02260429,1165010800,서울시,19.8,17.4,서초구,23.0,20.9,4,83.0,87.0,
1,서초자이,147㎡,서울시 서초구 서초동,1165010800,1444-7,서울시 서초구 효령로68길 81,37.484985,127.020109,184,0,18,12,257,20,386,지에스건설(주),HT005,147.27,116.85,79,3,2,45,계단식,2214000,3652200,442800,995400,1451520,1209600,241920,,487829,363681,,,,,,,,,서울서일초등학교,B100000763,서울특별시 서초구 서초동 1436-8번지,공립,단설,19861016,서울특별시교육청,http://seoulseoil.sen.es.kr,20230531,20.3,20.8,266,232,20230531,4,33,3,4,4,4,4,4,72,79,88,78,93,,1,5,23,498,1,4,0,0,20230531,6,,0,0.0,20230531,직영,3377,558,615924000,37.48478772,127.02260429,1165010800,서울시,19.8,17.4,서초구,23.0,20.9,4,83.0,87.0,
2,서초자이,165㎡,서울시 서초구 서초동,1165010800,1444-7,서울시 서초구 효령로68길 81,37.484985,127.020109,184,0,18,12,257,20,386,지에스건설(주),HT005,165.28,133.47,81,4,2,36,계단식,2374200,3900510,474840,1051470,1820016,1516680,303336,,557215,415408,,25억,,15억,,10억/200,,10억/200,서울서일초등학교,B100000763,서울특별시 서초구 서초동 1436-8번지,공립,단설,19861016,서울특별시교육청,http://seoulseoil.sen.es.kr,20230531,20.3,20.8,266,232,20230531,4,33,3,4,4,4,4,4,72,79,88,78,93,,1,5,23,498,1,4,0,0,20230531,6,,0,0.0,20230531,직영,3377,558,615924000,37.48478772,127.02260429,1165010800,서울시,19.8,17.4,서초구,23.0,20.9,4,83.0,87.0,
3,서초자이,184,서울시 서초구 서초동,1165010800,1444-7,서울시 서초구 효령로68길 81,37.484985,127.020109,184,0,18,12,257,20,386,지에스건설(주),HT005,184.32,148.83,81,4,2,86,계단식,2683800,4380390,536760,1159830,2587824,2156520,431304,,621340,463214,,27억,,,,,,,서울서일초등학교,B100000763,서울특별시 서초구 서초동 1436-8번지,공립,단설,19861016,서울특별시교육청,http://seoulseoil.sen.es.kr,20230531,20.3,20.8,266,232,20230531,4,33,3,4,4,4,4,4,72,79,88,78,93,,1,5,23,498,1,4,0,0,20230531,6,,0,0.0,20230531,직영,3377,558,615924000,37.48478772,127.02260429,1165010800,서울시,19.8,17.4,서초구,23.0,20.9,4,83.0,87.0,
0,서초자이르네,66A㎡,서울시 서초구 서초동,1165010800,1758,서울시 서초구 남부순환로323길 33,37.482557,127.013437,67,0,14,5,0,0,72,자이에스앤디(주),HT001,66.21,50.84,77,2,1,7,계단식,,,,,,,,,,,,,,,,,,,서울신중초등학교,B100000768,서울특별시 서초구 서초동 1466-6번지,공립,단설,19360601,서울특별시교육청,http://sinjung.sen.es.kr,20230531,21.0,22.5,455,378,20230531,4,57,5,6,6,6,7,6,130,124,135,138,166,,1,5,36,833,1,3,0,0,20230531,10,,0,0.0,20230531,직영,3385,931,831091000,37.4801795,127.0093516,1165010800,서울시,19.8,17.4,서초구,23.0,20.9,8,135.0,162.0,
1,서초자이르네,66B㎡,서울시 서초구 서초동,1165010800,1758,서울시 서초구 남부순환로323길 33,37.482557,127.013437,67,0,14,5,0,0,72,자이에스앤디(주),HT001,66.5,50.63,76,2,1,7,계단식,,,,,,,,,,,,,,,,,,,서울신중초등학교,B100000768,서울특별시 서초구 서초동 1466-6번지,공립,단설,19360601,서울특별시교육청,http://sinjung.sen.es.kr,20230531,21.0,22.5,455,378,20230531,4,57,5,6,6,6,7,6,130,124,135,138,166,,1,5,36,833,1,3,0,0,20230531,10,,0,0.0,20230531,직영,3385,931,831091000,37.4801795,127.0093516,1165010800,서울시,19.8,17.4,서초구,23.0,20.9,8,135.0,162.0,
2,서초자이르네,66C㎡,서울시 서초구 서초동,1165010800,1758,서울시 서초구 남부순환로323길 33,37.482557,127.013437,67,0,14,5,0,0,72,자이에스앤디(주),HT001,66.32,50.95,77,2,1,7,계단식,,,,,,,,,,,,,,,,,,,서울신중초등학교,B100000768,서울특별시 서초구 서초동 1466-6번지,공립,단설,19360601,서울특별시교육청,http://sinjung.sen.es.kr,20230531,21.0,22.5,455,378,20230531,4,57,5,6,6,6,7,6,130,124,135,138,166,,1,5,36,833,1,3,0,0,20230531,10,,0,0.0,20230531,직영,3385,931,831091000,37.4801795,127.0093516,1165010800,서울시,19.8,17.4,서초구,23.0,20.9,8,135.0,162.0,
3,서초자이르네,77C㎡,서울시 서초구 서초동,1165010800,1758,서울시 서초구 남부순환로323길 33,37.482557,127.013437,67,0,14,5,0,0,72,자이에스앤디(주),HT001,77.69,59.97,77,3,2,5,계단식,,,,,,,,,,,,,,,,,,,서울신중초등학교,B100000768,서울특별시 서초구 서초동 1466-6번지,공립,단설,19360601,서울특별시교육청,http://sinjung.sen.es.kr,20230531,21.0,22.5,455,378,20230531,4,57,5,6,6,6,7,6,130,124,135,138,166,,1,5,36,833,1,3,0,0,20230531,10,,0,0.0,20230531,직영,3385,931,831091000,37.4801795,127.0093516,1165010800,서울시,19.8,17.4,서초구,23.0,20.9,8,135.0,162.0,
4,서초자이르네,77A㎡,서울시 서초구 서초동,1165010800,1758,서울시 서초구 남부순환로323길 33,37.482557,127.013437,67,0,14,5,0,0,72,자이에스앤디(주),HT001,77.55,59.67,77,3,2,4,계단식,,,,,,,,,,,,,,,,,,,서울신중초등학교,B100000768,서울특별시 서초구 서초동 1466-6번지,공립,단설,19360601,서울특별시교육청,http://sinjung.sen.es.kr,20230531,21.0,22.5,455,378,20230531,4,57,5,6,6,6,7,6,130,124,135,138,166,,1,5,36,833,1,3,0,0,20230531,10,,0,0.0,20230531,직영,3385,931,831091000,37.4801795,127.0093516,1165010800,서울시,19.8,17.4,서초구,23.0,20.9,8,135.0,162.0,
5,서초자이르네,77B㎡,서울시 서초구 서초동,1165010800,1758,서울시 서초구 남부순환로323길 33,37.482557,127.013437,67,0,14,5,0,0,72,자이에스앤디(주),HT001,77.5,59.69,77,3,2,1,계단식,,,,,,,,,,,,,,,,,,,서울신중초등학교,B100000768,서울특별시 서초구 서초동 1466-6번지,공립,단설,19360601,서울특별시교육청,http://sinjung.sen.es.kr,20230531,21.0,22.5,455,378,20230531,4,57,5,6,6,6,7,6,130,124,135,138,166,,1,5,36,833,1,3,0,0,20230531,10,,0,0.0,20230531,직영,3385,931,831091000,37.4801795,127.0093516,1165010800,서울시,19.8,17.4,서초구,23.0,20.9,8,135.0,162.0,
6,서초자이르네,89B㎡,서울시 서초구 서초동,1165010800,1758,서울시 서초구 남부순환로323길 33,37.482557,127.013437,67,0,14,5,0,0,72,자이에스앤디(주),HT001,89.36,69.18,77,3,2,14,계단식,,,,,,,,,,,,,,,,,,,서울신중초등학교,B100000768,서울특별시 서초구 서초동 1466-6번지,공립,단설,19360601,서울특별시교육청,http://sinjung.sen.es.kr,20230531,21.0,22.5,455,378,20230531,4,57,5,6,6,6,7,6,130,124,135,138,166,,1,5,36,833,1,3,0,0,20230531,10,,0,0.0,20230531,직영,3385,931,831091000,37.4801795,127.0093516,1165010800,서울시,19.8,17.4,서초구,23.0,20.9,8,135.0,162.0,
7,서초자이르네,90A㎡,서울시 서초구 서초동,1165010800,1758,서울시 서초구 남부순환로323길 33,37.482557,127.013437,67,0,14,5,0,0,72,자이에스앤디(주),HT001,90.34,69.79,77,3,2,7,계단식,,,,,,,,,,,,,,,,,,,서울신중초등학교,B100000768,서울특별시 서초구 서초동 1466-6번지,공립,단설,19360601,서울특별시교육청,http://sinjung.sen.es.kr,20230531,21.0,22.5,455,378,20230531,4,57,5,6,6,6,7,6,130,124,135,138,166,,1,5,36,833,1,3,0,0,20230531,10,,0,0.0,20230531,직영,3385,931,831091000,37.4801795,127.0093516,1165010800,서울시,19.8,17.4,서초구,23.0,20.9,8,135.0,162.0,
8,서초자이르네,109㎡,서울시 서초구 서초동,1165010800,1758,서울시 서초구 남부순환로323길 33,37.482557,127.013437,67,0,14,5,0,0,72,자이에스앤디(주),HT001,109.12,84.97,78,3,2,13,계단식,,,,,,,,,,,,21억,,,,,,,서울신중초등학교,B100000768,서울특별시 서초구 서초동 1466-6번지,공립,단설,19360601,서울특별시교육청,http://sinjung.sen.es.kr,20230531,21.0,22.5,455,378,20230531,4,57,5,6,6,6,7,6,130,124,135,138,166,,1,5,36,833,1,3,0,0,20230531,10,,0,0.0,20230531,직영,3385,931,831091000,37.4801795,127.0093516,1165010800,서울시,19.8,17.4,서초구,23.0,20.9,8,135.0,162.0,
9,서초자이르네,109C㎡,서울시 서초구 서초동,1165010800,1758,서울시 서초구 남부순환로323길 33,37.482557,127.013437,67,0,14,5,0,0,72,자이에스앤디(주),HT001,109.12,84.97,78,3,2,1,계단식,,,,,,,,,,,,,,,,,,,서울신중초등학교,B100000768,서울특별시 서초구 서초동 1466-6번지,공립,단설,19360601,서울특별시교육청,http://sinjung.sen.es.kr,20230531,21.0,22.5,455,378,20230531,4,57,5,6,6,6,7,6,130,124,135,138,166,,1,5,36,833,1,3,0,0,20230531,10,,0,0.0,20230531,직영,3385,931,831091000,37.4801795,127.0093516,1165010800,서울시,19.8,17.4,서초구,23.0,20.9,8,135.0,162.0,
10,서초자이르네,109P,서울시 서초구 서초동,1165010800,1758,서울시 서초구 남부순환로323길 33,37.482557,127.013437,67,0,14,5,0,0,72,자이에스앤디(주),HT001,109.91,84.9,77,3,2,1,계단식,,,,,,,,,,,,,,,,,,,서울신중초등학교,B100000768,서울특별시 서초구 서초동 1466-6번지,공립,단설,19360601,서울특별시교육청,http://sinjung.sen.es.kr,20230531,21.0,22.5,455,378,20230531,4,57,5,6,6,6,7,6,130,124,135,138,166,,1,5,36,833,1,3,0,0,20230531,10,,0,0.0,20230531,직영,3385,931,831091000,37.4801795,127.0093516,1165010800,서울시,19.8,17.4,서초구,23.0,20.9,8,135.0,162.0,
0,서초중흥S-클래스(도시형),29L㎡,서울시 서초구 서초동,1165010800,1451-89,서울시 서초구 효령로52길 63,37.481541,127.013393,91,0,8,4,244,44,32,중흥종합건설 주식회사,HT001,29.31,18.21,62,1,1,5,복도식,30750,121950,6150,85050,0,0,0,,,,,,,,,,,,서울신중초등학교,B100000768,서울특별시 서초구 서초동 1466-6번지,공립,단설,19360601,서울특별시교육청,http://sinjung.sen.es.kr,20230531,21.0,22.5,455,378,20230531,4,57,5,6,6,6,7,6,130,124,135,138,166,,1,5,36,833,1,3,0,0,20230531,10,,0,0.0,20230531,직영,3385,931,831091000,37.4801795,127.0093516,1165010800,서울시,19.8,17.4,서초구,23.0,20.9,6,135.0,162.0,
1,서초중흥S-클래스(도시형),29J㎡,서울시 서초구 서초동,1165010800,1451-89,서울시 서초구 효령로52길 63,37.481541,127.013393,91,0,8,4,244,44,32,중흥종합건설 주식회사,HT001,29.93,18.59,62,1,1,4,복도식,29925,119700,5985,83790,0,0,0,,,,,2억 500,,,,,,,서울신중초등학교,B100000768,서울특별시 서초구 서초동 1466-6번지,공립,단설,19360601,서울특별시교육청,http://sinjung.sen.es.kr,20230531,21.0,22.5,455,378,20230531,4,57,5,6,6,6,7,6,130,124,135,138,166,,1,5,36,833,1,3,0,0,20230531,10,,0,0.0,20230531,직영,3385,931,831091000,37.4801795,127.0093516,1165010800,서울시,19.8,17.4,서초구,23.0,20.9,6,135.0,162.0,
2,서초중흥S-클래스(도시형),29K㎡,서울시 서초구 서초동,1165010800,1451-89,서울시 서초구 효령로52길 63,37.481541,127.013393,91,0,8,4,244,44,32,중흥종합건설 주식회사,HT001,29.53,18.27,62,1,1,2,복도식,29925,119700,5985,83790,0,0,0,,,,,"1억 8,500",,,,,,,서울신중초등학교,B100000768,서울특별시 서초구 서초동 1466-6번지,공립,단설,19360601,서울특별시교육청,http://sinjung.sen.es.kr,20230531,21.0,22.5,455,378,20230531,4,57,5,6,6,6,7,6,130,124,135,138,166,,1,5,36,833,1,3,0,0,20230531,10,,0,0.0,20230531,직영,3385,931,831091000,37.4801795,127.0093516,1165010800,서울시,19.8,17.4,서초구,23.0,20.9,6,135.0,162.0,
3,서초중흥S-클래스(도시형),29L1㎡,서울시 서초구 서초동,1165010800,1451-89,서울시 서초구 효령로52길 63,37.481541,127.013393,91,0,8,4,244,44,32,중흥종합건설 주식회사,HT001,29.31,18.21,62,1,1,2,복도식,30750,121950,6150,85050,0,0,0,,,,,,,,,,,,서울신중초등학교,B100000768,서울특별시 서초구 서초동 1466-6번지,공립,단설,19360601,서울특별시교육청,http://sinjung.sen.es.kr,20230531,21.0,22.5,455,378,20230531,4,57,5,6,6,6,7,6,130,124,135,138,166,,1,5,36,833,1,3,0,0,20230531,10,,0,0.0,20230531,직영,3385,931,831091000,37.4801795,127.0093516,1165010800,서울시,19.8,17.4,서초구,23.0,20.9,6,135.0,162.0,
4,서초중흥S-클래스(도시형),29J1㎡,서울시 서초구 서초동,1165010800,1451-89,서울시 서초구 효령로52길 63,37.481541,127.013393,91,0,8,4,244,44,32,중흥종합건설 주식회사,HT001,29.93,18.59,62,1,1,1,복도식,30750,121950,6150,85050,0,0,0,,,,,"1억 9,000",,,,,,,서울신중초등학교,B100000768,서울특별시 서초구 서초동 1466-6번지,공립,단설,19360601,서울특별시교육청,http://sinjung.sen.es.kr,20230531,21.0,22.5,455,378,20230531,4,57,5,6,6,6,7,6,130,124,135,138,166,,1,5,36,833,1,3,0,0,20230531,10,,0,0.0,20230531,직영,3385,931,831091000,37.4801795,127.0093516,1165010800,서울시,19.8,17.4,서초구,23.0,20.9,6,135.0,162.0,
5,서초중흥S-클래스(도시형),30I㎡,서울시 서초구 서초동,1165010800,1451-89,서울시 서초구 효령로52길 63,37.481541,127.013393,91,0,8,4,244,44,32,중흥종합건설 주식회사,HT001,30.62,18.67,61,1,1,1,복도식,29925,119700,5985,83790,0,0,0,,,,,,,,,,,,서울신중초등학교,B100000768,서울특별시 서초구 서초동 1466-6번지,공립,단설,19360601,서울특별시교육청,http://sinjung.sen.es.kr,20230531,21.0,22.5,455,378,20230531,4,57,5,6,6,6,7,6,130,124,135,138,166,,1,5,36,833,1,3,0,0,20230531,10,,0,0.0,20230531,직영,3385,931,831091000,37.4801795,127.0093516,1165010800,서울시,19.8,17.4,서초구,23.0,20.9,6,135.0,162.0,
6,서초중흥S-클래스(도시형),31H㎡,서울시 서초구 서초동,1165010800,1451-89,서울시 서초구 효령로52길 63,37.481541,127.013393,91,0,8,4,244,44,32,중흥종합건설 주식회사,HT001,31.3,19.3,62,1,1,7,복도식,30750,121950,6150,85050,0,0,0,,,,,,,,,,,,서울신중초등학교,B100000768,서울특별시 서초구 서초동 1466-6번지,공립,단설,19360601,서울특별시교육청,http://sinjung.sen.es.kr,20230531,21.0,22.5,455,378,20230531,4,57,5,6,6,6,7,6,130,124,135,138,166,,1,5,36,833,1,3,0,0,20230531,10,,0,0.0,20230531,직영,3385,931,831091000,37.4801795,127.0093516,1165010800,서울시,19.8,17.4,서초구,23.0,20.9,6,135.0,162.0,
7,서초중흥S-클래스(도시형),31H1㎡,서울시 서초구 서초동,1165010800,1451-89,서울시 서초구 효령로52길 63,37.481541,127.013393,91,0,8,4,244,44,32,중흥종합건설 주식회사,HT001,31.3,19.3,62,1,1,1,복도식,31650,124290,6330,86310,0,0,0,,,,,,,,,,,,서울신중초등학교,B100000768,서울특별시 서초구 서초동 1466-6번지,공립,단설,19360601,서울특별시교육청,http://sinjung.sen.es.kr,20230531,21.0,22.5,455,378,20230531,4,57,5,6,6,6,7,6,130,124,135,138,166,,1,5,36,833,1,3,0,0,20230531,10,,0,0.0,20230531,직영,3385,931,831091000,37.4801795,127.0093516,1165010800,서울시,19.8,17.4,서초구,23.0,20.9,6,135.0,162.0,
8,서초중흥S-클래스(도시형),33F㎡,서울시 서초구 서초동,1165010800,1451-89,서울시 서초구 효령로52길 63,37.481541,127.013393,91,0,8,4,244,44,32,중흥종합건설 주식회사,HT001,33.19,20.68,62,1,1,35,복도식,34800,132480,6960,90720,0,0,0,,,,"1억 7,500",2억,,,,,,,서울신중초등학교,B100000768,서울특별시 서초구 서초동 1466-6번지,공립,단설,19360601,서울특별시교육청,http://sinjung.sen.es.kr,20230531,21.0,22.5,455,378,20230531,4,57,5,6,6,6,7,6,130,124,135,138,166,,1,5,36,833,1,3,0,0,20230531,10,,0,0.0,20230531,직영,3385,931,831091000,37.4801795,127.0093516,1165010800,서울시,19.8,17.4,서초구,23.0,20.9,6,135.0,162.0,
9,서초중흥S-클래스(도시형),33F1㎡,서울시 서초구 서초동,1165010800,1451-89,서울시 서초구 효령로52길 63,37.481541,127.013393,91,0,8,4,244,44,32,중흥종합건설 주식회사,HT001,33.19,20.68,62,1,1,5,복도식,36150,135990,7230,92610,0,0,0,,,,,,,,,,,,서울신중초등학교,B100000768,서울특별시 서초구 서초동 1466-6번지,공립,단설,19360601,서울특별시교육청,http://sinjung.sen.es.kr,20230531,21.0,22.5,455,378,20230531,4,57,5,6,6,6,7,6,130,124,135,138,166,,1,5,36,833,1,3,0,0,20230531,10,,0,0.0,20230531,직영,3385,931,831091000,37.4801795,127.0093516,1165010800,서울시,19.8,17.4,서초구,23.0,20.9,6,135.0,162.0,
10,서초중흥S-클래스(도시형),33G㎡,서울시 서초구 서초동,1165010800,1451-89,서울시 서초구 효령로52길 63,37.481541,127.013393,91,0,8,4,244,44,32,중흥종합건설 주식회사,HT001,33.09,20.55,62,1,1,4,복도식,34800,132480,6960,90720,0,0,0,,,,,"1억 9,000",,,,,,,서울신중초등학교,B100000768,서울특별시 서초구 서초동 1466-6번지,공립,단설,19360601,서울특별시교육청,http://sinjung.sen.es.kr,20230531,21.0,22.5,455,378,20230531,4,57,5,6,6,6,7,6,130,124,135,138,166,,1,5,36,833,1,3,0,0,20230531,10,,0,0.0,20230531,직영,3385,931,831091000,37.4801795,127.0093516,1165010800,서울시,19.8,17.4,서초구,23.0,20.9,6,135.0,162.0,
11,서초중흥S-클래스(도시형),33F2㎡,서울시 서초구 서초동,1165010800,1451-89,서울시 서초구 효령로52길 63,37.481541,127.013393,91,0,8,4,244,44,32,중흥종합건설 주식회사,HT001,33.19,20.68,62,1,1,2,복도식,36150,135990,7230,92610,0,0,0,,,,,"1억 9,500",,,,,,,서울신중초등학교,B100000768,서울특별시 서초구 서초동 1466-6번지,공립,단설,19360601,서울특별시교육청,http://sinjung.sen.es.kr,20230531,21.0,22.5,455,378,20230531,4,57,5,6,6,6,7,6,130,124,135,138,166,,1,5,36,833,1,3,0,0,20230531,10,,0,0.0,20230531,직영,3385,931,831091000,37.4801795,127.0093516,1165010800,서울시,19.8,17.4,서초구,23.0,20.9,6,135.0,162.0,
12,서초중흥S-클래스(도시형),33G1㎡,서울시 서초구 서초동,1165010800,1451-89,서울시 서초구 효령로52길 63,37.481541,127.013393,91,0,8,4,244,44,32,중흥종합건설 주식회사,HT001,33.09,20.55,62,1,1,1,복도식,34800,132480,6960,90720,0,0,0,,,,,,,,,,,,서울신중초등학교,B100000768,서울특별시 서초구 서초동 1466-6번지,공립,단설,19360601,서울특별시교육청,http://sinjung.sen.es.kr,20230531,21.0,22.5,455,378,20230531,4,57,5,6,6,6,7,6,130,124,135,138,166,,1,5,36,833,1,3,0,0,20230531,10,,0,0.0,20230531,직영,3385,931,831091000,37.4801795,127.0093516,1165010800,서울시,19.8,17.4,서초구,23.0,20.9,6,135.0,162.0,
13,서초중흥S-클래스(도시형),35E㎡,서울시 서초구 서초동,1165010800,1451-89,서울시 서초구 효령로52길 63,37.481541,127.013393,91,0,8,4,244,44,32,중흥종합건설 주식회사,HT001,35.92,22.37,62,1,1,14,복도식,36150,135990,7230,92610,0,0,0,,,,,,,,,,,,서울신중초등학교,B100000768,서울특별시 서초구 서초동 1466-6번지,공립,단설,19360601,서울특별시교육청,http://sinjung.sen.es.kr,20230531,21.0,22.5,455,378,20230531,4,57,5,6,6,6,7,6,130,124,135,138,166,,1,5,36,833,1,3,0,0,20230531,10,,0,0.0,20230531,직영,3385,931,831091000,37.4801795,127.0093516,1165010800,서울시,19.8,17.4,서초구,23.0,20.9,6,135.0,162.0,
14,서초중흥S-클래스(도시형),35E1㎡,서울시 서초구 서초동,1165010800,1451-89,서울시 서초구 효령로52길 63,37.481541,127.013393,91,0,8,4,244,44,32,중흥종합건설 주식회사,HT001,35.92,22.37,62,1,1,2,복도식,34800,132480,6960,90720,0,0,0,,,,,,,,,,,,서울신중초등학교,B100000768,서울특별시 서초구 서초동 1466-6번지,공립,단설,19360601,서울특별시교육청,http://sinjung.sen.es.kr,20230531,21.0,22.5,455,378,20230531,4,57,5,6,6,6,7,6,130,124,135,138,166,,1,5,36,833,1,3,0,0,20230531,10,,0,0.0,20230531,직영,3385,931,831091000,37.4801795,127.0093516,1165010800,서울시,19.8,17.4,서초구,23.0,20.9,6,135.0,162.0,
15,서초중흥S-클래스(도시형),41D㎡,서울시 서초구 서초동,1165010800,1451-89,서울시 서초구 효령로52길 63,37.481541,127.013393,91,0,8,4,244,44,32,중흥종합건설 주식회사,HT001,41.06,25.82,63,1,1,2,복도식,46950,164070,9390,107730,0,0,0,,,,,,,,,,,,서울신중초등학교,B100000768,서울특별시 서초구 서초동 1466-6번지,공립,단설,19360601,서울특별시교육청,http://sinjung.sen.es.kr,20230531,21.0,22.5,455,378,20230531,4,57,5,6,6,6,7,6,130,124,135,138,166,,1,5,36,833,1,3,0,0,20230531,10,,0,0.0,20230531,직영,3385,931,831091000,37.4801795,127.0093516,1165010800,서울시,19.8,17.4,서초구,23.0,20.9,6,135.0,162.0,
16,서초중흥S-클래스(도시형),41C㎡,서울시 서초구 서초동,1165010800,1451-89,서울시 서초구 효령로52길 63,37.481541,127.013393,91,0,8,4,244,44,32,중흥종합건설 주식회사,HT001,41.92,25.88,62,1,1,1,복도식,47850,166410,9570,108990,0,0,0,,,,,,,,,,,,서울신중초등학교,B100000768,서울특별시 서초구 서초동 1466-6번지,공립,단설,19360601,서울특별시교육청,http://sinjung.sen.es.kr,20230531,21.0,22.5,455,378,20230531,4,57,5,6,6,6,7,6,130,124,135,138,166,,1,5,36,833,1,3,0,0,20230531,10,,0,0.0,20230531,직영,3385,931,831091000,37.4801795,127.0093516,1165010800,서울시,19.8,17.4,서초구,23.0,20.9,6,135.0,162.0,
17,서초중흥S-클래스(도시형),43B㎡,서울시 서초구 서초동,1165010800,1451-89,서울시 서초구 효령로52길 63,37.481541,127.013393,91,0,8,4,244,44,32,중흥종합건설 주식회사,HT001,43.47,26.99,62,1,1,1,복도식,55500,186300,11100,119700,0,0,0,,,,,,,,,,,,서울신중초등학교,B100000768,서울특별시 서초구 서초동 1466-6번지,공립,단설,19360601,서울특별시교육청,http://sinjung.sen.es.kr,20230531,21.0,22.5,455,378,20230531,4,57,5,6,6,6,7,6,130,124,135,138,166,,1,5,36,833,1,3,0,0,20230531,10,,0,0.0,20230531,직영,3385,931,831091000,37.4801795,127.0093516,1165010800,서울시,19.8,17.4,서초구,23.0,20.9,6,135.0,162.0,
18,서초중흥S-클래스(도시형),63A,서울시 서초구 서초동,1165010800,1451-89,서울시 서초구 효령로52길 63,37.481541,127.013393,91,0,8,4,244,44,32,중흥종합건설 주식회사,HT001,63.8,40.27,63,1,1,1,복도식,102300,307980,20460,185220,0,0,0,,,,,,,,,,,,서울신중초등학교,B100000768,서울특별시 서초구 서초동 1466-6번지,공립,단설,19360601,서울특별시교육청,http://sinjung.sen.es.kr,20230531,21.0,22.5,455,378,20230531,4,57,5,6,6,6,7,6,130,124,135,138,166,,1,5,36,833,1,3,0,0,20230531,10,,0,0.0,20230531,직영,3385,931,831091000,37.4801795,127.0093516,1165010800,서울시,19.8,17.4,서초구,23.0,20.9,6,135.0,162.0,
0,서초지에스타워,16A㎡,서울시 서초구 서초동,1165010800,1675-10,서울시 서초구 서초대로58길 18,37.493965,127.017771,54,0,12,4,499,59,27,(주)아이에스건설,HT001,16.02,12.56,78,1,1,9,계단식,,,,,,,,,,,"2억 3,900","2억 4,000",,"2억 2,000",,,,,,,,,,,,,,,,,,,,,,,,,,,,,,,,,,,,,,,,,,,,,,,,,,,,,,,,,,,,,,,
1,서초지에스타워,16B㎡,서울시 서초구 서초동,1165010800,1675-10,서울시 서초구 서초대로58길 18,37.493965,127.017771,54,0,12,4,499,59,27,(주)아이에스건설,HT001,16.56,12.99,78,1,1,9,계단식,,,,,,,,,,,,"2억 4,000",,,,"1,000/90",,"1,000/90",,,,,,,,,,,,,,,,,,,,,,,,,,,,,,,,,,,,,,,,,,,,,,,,,,,,,,,,,,,
2,서초지에스타워,30㎡,서울시 서초구 서초동,1165010800,1675-10,서울시 서초구 서초대로58길 18,37.493965,127.017771,54,0,12,4,499,59,27,(주)아이에스건설,HT001,30.88,24.22,78,2,1,9,계단식,,,,,,,,,,,,"4억 6,000",,"4억 1,000",,,,,,,,,,,,,,,,,,,,,,,,,,,,,,,,,,,,,,,,,,,,,,,,,,,,,,,,,,,,,,,
3,서초지에스타워,33A㎡,서울시 서초구 서초동,1165010800,1675-10,서울시 서초구 서초대로58길 18,37.493965,127.017771,54,0,12,4,499,59,27,(주)아이에스건설,HT001,33.7,26.43,78,2,1,9,계단식,,,,,,,,,,,"4억 7,000","4억 8,000",,"3억 9,000",,,,,,,,,,,,,,,,,,,,,,,,,,,,,,,,,,,,,,,,,,,,,,,,,,,,,,,,,,,,,,,
4,서초지에스타워,33B㎡,서울시 서초구 서초동,1165010800,1675-10,서울시 서초구 서초대로58길 18,37.493965,127.017771,54,0,12,4,499,59,27,(주)아이에스건설,HT001,33.03,25.91,78,2,1,9,계단식,,,,,,,,,,,,"4억 8,000",,,,,,,,,,,,,,,,,,,,,,,,,,,,,,,,,,,,,,,,,,,,,,,,,,,,,,,,,,,,,,,,,
5,서초지에스타워,33C,서울시 서초구 서초동,1165010800,1675-10,서울시 서초구 서초대로58길 18,37.493965,127.017771,54,0,12,4,499,59,27,(주)아이에스건설,HT001,33.22,26.05,78,2,1,9,계단식,,,,,,,,,,,,,,,,,,,,,,,,,,,,,,,,,,,,,,,,,,,,,,,,,,,,,,,,,,,,,,,,,,,,,,,,,,,,,
0,서초지웰,112,서울시 서초구 서초동,1165010800,1458-6,서울시 서초구 반포대로10길 35,37.484202,127.01372,60,0,15,15,249,48,79,씨제이개발(주),HT001,112.46,84.74,75,3,2,60,계단식,1213200,2100960,242640,645120,0,0,0,,,,,18억,,,,,,,서울신중초등학교,B100000768,서울특별시 서초구 서초동 1466-6번지,공립,단설,19360601,서울특별시교육청,http://sinjung.sen.es.kr,20230531,21.0,22.5,455,378,20230531,4,57,5,6,6,6,7,6,130,124,135,138,166,,1,5,36,833,1,3,0,0,20230531,10,,0,0.0,20230531,직영,3385,931,831091000,37.4801795,127.0093516,1165010800,서울시,19.8,17.4,서초구,23.0,20.9,12,135.0,162.0,
0,서초캐슬,138㎡,서울시 서초구 서초동,1165010800,1568-3,서울시 서초구 서초대로50길 52,37.490911,127.013213,19,0,7,7,220,37,35,(주)브이케이이십일,HT001,138.13,127.79,93,4,2,2,계단식,544950,1123920,108990,469980,0,0,0,,,,,,,,,,,,서울신중초등학교,B100000768,서울특별시 서초구 서초동 1466-6번지,공립,단설,19360601,서울특별시교육청,http://sinjung.sen.es.kr,20230531,21.0,22.5,455,378,20230531,4,57,5,6,6,6,7,6,130,124,135,138,166,,1,5,36,833,1,3,0,0,20230531,10,,0,0.0,20230531,직영,3385,931,831091000,37.4801795,127.0093516,1165010800,서울시,19.8,17.4,서초구,23.0,20.9,23,135.0,162.0,
1,서초캐슬,143㎡,서울시 서초구 서초동,1165010800,1568-3,서울시 서초구 서초대로50길 52,37.490911,127.013213,19,0,7,7,220,37,35,(주)브이케이이십일,HT001,143.54,132.81,93,4,2,10,계단식,623700,1249920,124740,501480,0,0,0,,,,,,,,,,,,서울신중초등학교,B100000768,서울특별시 서초구 서초동 1466-6번지,공립,단설,19360601,서울특별시교육청,http://sinjung.sen.es.kr,20230531,21.0,22.5,455,378,20230531,4,57,5,6,6,6,7,6,130,124,135,138,166,,1,5,36,833,1,3,0,0,20230531,10,,0,0.0,20230531,직영,3385,931,831091000,37.4801795,127.0093516,1165010800,서울시,19.8,17.4,서초구,23.0,20.9,23,135.0,162.0,
2,서초캐슬,145,서울시 서초구 서초동,1165010800,1568-3,서울시 서초구 서초대로50길 52,37.490911,127.013213,19,0,7,7,220,37,35,(주)브이케이이십일,HT001,145.26,134.4,93,4,2,7,계단식,672525,1328040,134505,521010,0,0,0,,,,,20억,,,,,,,서울신중초등학교,B100000768,서울특별시 서초구 서초동 1466-6번지,공립,단설,19360601,서울특별시교육청,http://sinjung.sen.es.kr,20230531,21.0,22.5,455,378,20230531,4,57,5,6,6,6,7,6,130,124,135,138,166,,1,5,36,833,1,3,0,0,20230531,10,,0,0.0,20230531,직영,3385,931,831091000,37.4801795,127.0093516,1165010800,서울시,19.8,17.4,서초구,23.0,20.9,23,135.0,162.0,
0,서초코아,79A㎡,서울시 서초구 서초동,1165010800,1465-7,서울시 서초구 남부순환로317길 18-16,37.480315,127.011136,15,0,5,5,193,44,18,세단종합건설주식회사,HT001,79.87,70.13,88,3,2,2,계단식,180900,469710,36180,252630,0,0,0,,,,,10억,,,,,,,서울신중초등학교,B100000768,서울특별시 서초구 서초동 1466-6번지,공립,단설,19360601,서울특별시교육청,http://sinjung.sen.es.kr,20230531,21.0,22.5,455,378,20230531,4,57,5,6,6,6,7,6,130,124,135,138,166,,1,5,36,833,1,3,0,0,20230531,10,,0,0.0,20230531,직영,3385,931,831091000,37.4801795,127.0093516,1165010800,서울시,19.8,17.4,서초구,23.0,20.9,2,135.0,162.0,
1,서초코아,80B㎡,서울시 서초구 서초동,1165010800,1465-7,서울시 서초구 남부순환로317길 18-16,37.480315,127.011136,15,0,5,5,193,44,18,세단종합건설주식회사,HT001,80.41,70.57,88,3,2,1,계단식,180900,469710,36180,252630,0,0,0,,,,,,,,,,,,서울신중초등학교,B100000768,서울특별시 서초구 서초동 1466-6번지,공립,단설,19360601,서울특별시교육청,http://sinjung.sen.es.kr,20230531,21.0,22.5,455,378,20230531,4,57,5,6,6,6,7,6,130,124,135,138,166,,1,5,36,833,1,3,0,0,20230531,10,,0,0.0,20230531,직영,3385,931,831091000,37.4801795,127.0093516,1165010800,서울시,19.8,17.4,서초구,23.0,20.9,2,135.0,162.0,
2,서초코아,107A㎡,서울시 서초구 서초동,1165010800,1465-7,서울시 서초구 남부순환로317길 18-16,37.480315,127.011136,15,0,5,5,193,44,18,세단종합건설주식회사,HT001,107.81,94.67,88,3,2,4,계단식,342000,775800,68400,365400,0,0,0,,,,,,,,,,,,서울신중초등학교,B100000768,서울특별시 서초구 서초동 1466-6번지,공립,단설,19360601,서울특별시교육청,http://sinjung.sen.es.kr,20230531,21.0,22.5,455,378,20230531,4,57,5,6,6,6,7,6,130,124,135,138,166,,1,5,36,833,1,3,0,0,20230531,10,,0,0.0,20230531,직영,3385,931,831091000,37.4801795,127.0093516,1165010800,서울시,19.8,17.4,서초구,23.0,20.9,2,135.0,162.0,
3,서초코아,108B㎡,서울시 서초구 서초동,1165010800,1465-7,서울시 서초구 남부순환로317길 18-16,37.480315,127.011136,15,0,5,5,193,44,18,세단종합건설주식회사,HT001,108.79,95.53,88,3,2,4,계단식,342000,775800,68400,365400,0,0,0,,,,,,,,,,,,서울신중초등학교,B100000768,서울특별시 서초구 서초동 1466-6번지,공립,단설,19360601,서울특별시교육청,http://sinjung.sen.es.kr,20230531,21.0,22.5,455,378,20230531,4,57,5,6,6,6,7,6,130,124,135,138,166,,1,5,36,833,1,3,0,0,20230531,10,,0,0.0,20230531,직영,3385,931,831091000,37.4801795,127.0093516,1165010800,서울시,19.8,17.4,서초구,23.0,20.9,2,135.0,162.0,
4,서초코아,109C,서울시 서초구 서초동,1165010800,1465-7,서울시 서초구 남부순환로317길 18-16,37.480315,127.011136,15,0,5,5,193,44,18,세단종합건설주식회사,HT001,109.88,96.48,88,3,2,4,계단식,342000,775800,68400,365400,0,0,0,,,,,12억,,,,,,,서울신중초등학교,B100000768,서울특별시 서초구 서초동 1466-6번지,공립,단설,19360601,서울특별시교육청,http://sinjung.sen.es.kr,20230531,21.0,22.5,455,378,20230531,4,57,5,6,6,6,7,6,130,124,135,138,166,,1,5,36,833,1,3,0,0,20230531,10,,0,0.0,20230531,직영,3385,931,831091000,37.4801795,127.0093516,1165010800,서울시,19.8,17.4,서초구,23.0,20.9,2,135.0,162.0,
0,서초타운트라팰리스(주상복합),105㎡,서울시 서초구 서초동,1165010800,1327,서울시 서초구 서초대로74길 23,37.495514,127.027153,48,0,15,15,749,56,134,삼성물산(주),HT001,105.03,82.9,79,2,2,12,계단식,,,,,,,,,,,,,,,,,,,서울서이초등학교,B100000762,서울특별시 서초구 서초동 1334-2번지(서운로 85),공립,단설,19831203,서울특별시교육청,http://seo2.sen.es.kr,20230531,19.7,30.3,672,753,20230531,6,66,9,8,8,7,8,7,239,266,238,205,252,,0,0,47,1425,2,4,0,0,20230531,0,,0,0.0,20230531,직영,3347,1430,1370646000,37.49120942,127.02595329,1165010800,서울시,19.8,17.4,서초구,23.0,20.9,9,225.0,0.0,
1,서초타운트라팰리스(주상복합),117㎡,서울시 서초구 서초동,1165010800,1327,서울시 서초구 서초대로74길 23,37.495514,127.027153,48,0,15,15,749,56,134,삼성물산(주),HT001,117.06,92.39,79,3,2,12,계단식,,,,,,,,,,,,,,,,,,,서울서이초등학교,B100000762,서울특별시 서초구 서초동 1334-2번지(서운로 85),공립,단설,19831203,서울특별시교육청,http://seo2.sen.es.kr,20230531,19.7,30.3,672,753,20230531,6,66,9,8,8,7,8,7,239,266,238,205,252,,0,0,47,1425,2,4,0,0,20230531,0,,0,0.0,20230531,직영,3347,1430,1370646000,37.49120942,127.02595329,1165010800,서울시,19.8,17.4,서초구,23.0,20.9,9,225.0,0.0,
2,서초타운트라팰리스(주상복합),131㎡,서울시 서초구 서초동,1165010800,1327,서울시 서초구 서초대로74길 23,37.495514,127.027153,48,0,15,15,749,56,134,삼성물산(주),HT001,131.21,103.56,79,3,2,12,계단식,,,,,,,,,,,,,,,,,,,서울서이초등학교,B100000762,서울특별시 서초구 서초동 1334-2번지(서운로 85),공립,단설,19831203,서울특별시교육청,http://seo2.sen.es.kr,20230531,19.7,30.3,672,753,20230531,6,66,9,8,8,7,8,7,239,266,238,205,252,,0,0,47,1425,2,4,0,0,20230531,0,,0,0.0,20230531,직영,3347,1430,1370646000,37.49120942,127.02595329,1165010800,서울시,19.8,17.4,서초구,23.0,20.9,9,225.0,0.0,
3,서초타운트라팰리스(주상복합),161,서울시 서초구 서초동,1165010800,1327,서울시 서초구 서초대로74길 23,37.495514,127.027153,48,0,15,15,749,56,134,삼성물산(주),HT001,161.28,127.3,79,4,2,12,계단식,,,,,,,,,,,"18억 2,000",20억,,"9억 5,000",,9억/20,,9억/20,서울서이초등학교,B100000762,서울특별시 서초구 서초동 1334-2번지(서운로 85),공립,단설,19831203,서울특별시교육청,http://seo2.sen.es.kr,20230531,19.7,30.3,672,753,20230531,6,66,9,8,8,7,8,7,239,266,238,205,252,,0,0,47,1425,2,4,0,0,20230531,0,,0,0.0,20230531,직영,3347,1430,1370646000,37.49120942,127.02595329,1165010800,서울시,19.8,17.4,서초구,23.0,20.9,9,225.0,0.0,
0,서초타워씨티빌(선경),167㎡,서울시 서초구 서초동,1165010800,1310-9,서울시 서초구 서초대로73길 29,37.499987,127.024324,19,0,10,10,255,29,35,산경건설(주),HT002,167.46,145.84,87,4,2,1,계단식,606375,1222200,121275,494550,0,0,0,,,,,,,,,,,,서울서초초등학교,B100000764,서울특별시 서초구 서초동 1310-6,공립,단설,19801004,서울특별시교육청,http://seocho.sen.es.kr,20230531,25.3,27.8,531,496,20230531,7,52,5,6,6,6,6,7,144,164,172,173,172,,1,5,36,1027,1,2,0,0,20230531,15,,0,0.0,20230531,직영,3385,1084,1057499000,37.49924318,127.02411499,1165010800,서울시,19.8,17.4,서초구,23.0,20.9,1,197.0,166.0,
1,서초타워씨티빌(선경),172㎡,서울시 서초구 서초동,1165010800,1310-9,서울시 서초구 서초대로73길 29,37.499987,127.024324,19,0,10,10,255,29,35,산경건설(주),HT002,172.69,150.38,87,4,2,1,계단식,700875,1373400,140175,532350,0,0,0,,,,,,,,,,,,서울서초초등학교,B100000764,서울특별시 서초구 서초동 1310-6,공립,단설,19801004,서울특별시교육청,http://seocho.sen.es.kr,20230531,25.3,27.8,531,496,20230531,7,52,5,6,6,6,6,7,144,164,172,173,172,,1,5,36,1027,1,2,0,0,20230531,15,,0,0.0,20230531,직영,3385,1084,1057499000,37.49924318,127.02411499,1165010800,서울시,19.8,17.4,서초구,23.0,20.9,1,197.0,166.0,
2,서초타워씨티빌(선경),202㎡,서울시 서초구 서초동,1165010800,1310-9,서울시 서초구 서초대로73길 29,37.499987,127.024324,19,0,10,10,255,29,35,산경건설(주),HT002,202.69,176.51,87,4,2,1,계단식,1195200,2073060,239040,638820,0,0,0,,,,,,,,,,,,서울서초초등학교,B100000764,서울특별시 서초구 서초동 1310-6,공립,단설,19801004,서울특별시교육청,http://seocho.sen.es.kr,20230531,25.3,27.8,531,496,20230531,7,52,5,6,6,6,6,7,144,164,172,173,172,,1,5,36,1027,1,2,0,0,20230531,15,,0,0.0,20230531,직영,3385,1084,1057499000,37.49924318,127.02411499,1165010800,서울시,19.8,17.4,서초구,23.0,20.9,1,197.0,166.0,
3,서초타워씨티빌(선경),213㎡,서울시 서초구 서초동,1165010800,1310-9,서울시 서초구 서초대로73길 29,37.499987,127.024324,19,0,10,10,255,29,35,산경건설(주),HT002,213.73,186.11,87,4,2,8,계단식,1425600,2430180,285120,719460,127008,105840,21168,,,,26억,45억,,,,,,,서울서초초등학교,B100000764,서울특별시 서초구 서초동 1310-6,공립,단설,19801004,서울특별시교육청,http://seocho.sen.es.kr,20230531,25.3,27.8,531,496,20230531,7,52,5,6,6,6,6,7,144,164,172,173,172,,1,5,36,1027,1,2,0,0,20230531,15,,0,0.0,20230531,직영,3385,1084,1057499000,37.49924318,127.02411499,1165010800,서울시,19.8,17.4,서초구,23.0,20.9,1,197.0,166.0,
4,서초타워씨티빌(선경),221㎡,서울시 서초구 서초동,1165010800,1310-9,서울시 서초구 서초대로73길 29,37.499987,127.024324,19,0,10,10,255,29,35,산경건설(주),HT002,221.94,193.27,87,4,2,1,계단식,1355400,2321370,271080,694890,9072,7560,1512,,,,,,,,,,,,서울서초초등학교,B100000764,서울특별시 서초구 서초동 1310-6,공립,단설,19801004,서울특별시교육청,http://seocho.sen.es.kr,20230531,25.3,27.8,531,496,20230531,7,52,5,6,6,6,6,7,144,164,172,173,172,,1,5,36,1027,1,2,0,0,20230531,15,,0,0.0,20230531,직영,3385,1084,1057499000,37.49924318,127.02411499,1165010800,서울시,19.8,17.4,서초구,23.0,20.9,1,197.0,166.0,
5,서초타워씨티빌(선경),228,서울시 서초구 서초동,1165010800,1310-9,서울시 서초구 서초대로73길 29,37.499987,127.024324,19,0,10,10,255,29,35,산경건설(주),HT002,228.83,199.27,87,5,2,7,계단식,1560600,2639430,312120,766710,353808,294840,58968,,,,,,,,,,,,서울서초초등학교,B100000764,서울특별시 서초구 서초동 1310-6,공립,단설,19801004,서울특별시교육청,http://seocho.sen.es.kr,20230531,25.3,27.8,531,496,20230531,7,52,5,6,6,6,6,7,144,164,172,173,172,,1,5,36,1027,1,2,0,0,20230531,15,,0,0.0,20230531,직영,3385,1084,1057499000,37.49924318,127.02411499,1165010800,서울시,19.8,17.4,서초구,23.0,20.9,1,197.0,166.0,
0,서초태동스위트,46㎡,서울시 서초구 서초동,1165010800,1668-1,서울시 서초구 서초중앙로22길 78,37.49387,127.01816,17,0,8,7,299,52,22,(주)태동종합건설,HT001,46.67,40.14,86,2,1,1,계단식,91500,279900,18300,170100,0,0,0,,,,,,,,,,,,서울서초초등학교,B100000764,서울특별시 서초구 서초동 1310-6,공립,단설,19801004,서울특별시교육청,http://seocho.sen.es.kr,20230531,25.3,27.8,531,496,20230531,7,52,5,6,6,6,6,7,144,164,172,173,172,,1,5,36,1027,1,2,0,0,20230531,15,,0,0.0,20230531,직영,3385,1084,1057499000,37.49924318,127.02411499,1165010800,서울시,19.8,17.4,서초구,23.0,20.9,15,197.0,166.0,
1,서초태동스위트,94A㎡,서울시 서초구 서초동,1165010800,1668-1,서울시 서초구 서초중앙로22길 78,37.49387,127.01816,17,0,8,7,299,52,22,(주)태동종합건설,HT001,94.37,81.17,86,3,2,1,계단식,533925,1106280,106785,465570,0,0,0,,,,,,,,,,,,서울서초초등학교,B100000764,서울특별시 서초구 서초동 1310-6,공립,단설,19801004,서울특별시교육청,http://seocho.sen.es.kr,20230531,25.3,27.8,531,496,20230531,7,52,5,6,6,6,6,7,144,164,172,173,172,,1,5,36,1027,1,2,0,0,20230531,15,,0,0.0,20230531,직영,3385,1084,1057499000,37.49924318,127.02411499,1165010800,서울시,19.8,17.4,서초구,23.0,20.9,15,197.0,166.0,
2,서초태동스위트,96B㎡,서울시 서초구 서초동,1165010800,1668-1,서울시 서초구 서초중앙로22길 78,37.49387,127.01816,17,0,8,7,299,52,22,(주)태동종합건설,HT001,96.43,82.94,86,3,2,3,계단식,563850,1154160,112770,477540,0,0,0,,,,,"11억 5,000",,"7억 2,000",,,,,서울서초초등학교,B100000764,서울특별시 서초구 서초동 1310-6,공립,단설,19801004,서울특별시교육청,http://seocho.sen.es.kr,20230531,25.3,27.8,531,496,20230531,7,52,5,6,6,6,6,7,144,164,172,173,172,,1,5,36,1027,1,2,0,0,20230531,15,,0,0.0,20230531,직영,3385,1084,1057499000,37.49924318,127.02411499,1165010800,서울시,19.8,17.4,서초구,23.0,20.9,15,197.0,166.0,
3,서초태동스위트,101㎡,서울시 서초구 서초동,1165010800,1668-1,서울시 서초구 서초중앙로22길 78,37.49387,127.01816,17,0,8,7,299,52,22,(주)태동종합건설,HT001,101.58,87.38,86,3,2,1,계단식,628425,1257480,125685,503370,0,0,0,,,,,,,,,,,,서울서초초등학교,B100000764,서울특별시 서초구 서초동 1310-6,공립,단설,19801004,서울특별시교육청,http://seocho.sen.es.kr,20230531,25.3,27.8,531,496,20230531,7,52,5,6,6,6,6,7,144,164,172,173,172,,1,5,36,1027,1,2,0,0,20230531,15,,0,0.0,20230531,직영,3385,1084,1057499000,37.49924318,127.02411499,1165010800,서울시,19.8,17.4,서초구,23.0,20.9,15,197.0,166.0,
4,서초태동스위트,114A㎡,서울시 서초구 서초동,1165010800,1668-1,서울시 서초구 서초중앙로22길 78,37.49387,127.01816,17,0,8,7,299,52,22,(주)태동종합건설,HT001,114.39,98.39,86,3,2,4,계단식,721350,1406160,144270,540540,0,0,0,,,,,,,"8억 3,000",,,,,서울서초초등학교,B100000764,서울특별시 서초구 서초동 1310-6,공립,단설,19801004,서울특별시교육청,http://seocho.sen.es.kr,20230531,25.3,27.8,531,496,20230531,7,52,5,6,6,6,6,7,144,164,172,173,172,,1,5,36,1027,1,2,0,0,20230531,15,,0,0.0,20230531,직영,3385,1084,1057499000,37.49924318,127.02411499,1165010800,서울시,19.8,17.4,서초구,23.0,20.9,15,197.0,166.0,
5,서초태동스위트,116B㎡,서울시 서초구 서초동,1165010800,1668-1,서울시 서초구 서초중앙로22길 78,37.49387,127.01816,17,0,8,7,299,52,22,(주)태동종합건설,HT001,116.28,100.02,86,3,2,4,계단식,721350,1406160,144270,540540,0,0,0,,,,13억,14억,,,,,,,서울서초초등학교,B100000764,서울특별시 서초구 서초동 1310-6,공립,단설,19801004,서울특별시교육청,http://seocho.sen.es.kr,20230531,25.3,27.8,531,496,20230531,7,52,5,6,6,6,6,7,144,164,172,173,172,,1,5,36,1027,1,2,0,0,20230531,15,,0,0.0,20230531,직영,3385,1084,1057499000,37.49924318,127.02411499,1165010800,서울시,19.8,17.4,서초구,23.0,20.9,15,197.0,166.0,
6,서초태동스위트,118㎡,서울시 서초구 서초동,1165010800,1668-1,서울시 서초구 서초중앙로22길 78,37.49387,127.01816,17,0,8,7,299,52,22,(주)태동종합건설,HT001,118.57,101.99,86,4,2,1,계단식,737100,1431360,147420,546840,0,0,0,,,,,,,,,,,,서울서초초등학교,B100000764,서울특별시 서초구 서초동 1310-6,공립,단설,19801004,서울특별시교육청,http://seocho.sen.es.kr,20230531,25.3,27.8,531,496,20230531,7,52,5,6,6,6,6,7,144,164,172,173,172,,1,5,36,1027,1,2,0,0,20230531,15,,0,0.0,20230531,직영,3385,1084,1057499000,37.49924318,127.02411499,1165010800,서울시,19.8,17.4,서초구,23.0,20.9,15,197.0,166.0,
7,서초태동스위트,129㎡,서울시 서초구 서초동,1165010800,1668-1,서울시 서초구 서초중앙로22길 78,37.49387,127.01816,17,0,8,7,299,52,22,(주)태동종합건설,HT001,129.37,111.28,86,3,2,1,계단식,1179000,2047950,235800,633150,0,0,0,,,,,,,,,,,,서울서초초등학교,B100000764,서울특별시 서초구 서초동 1310-6,공립,단설,19801004,서울특별시교육청,http://seocho.sen.es.kr,20230531,25.3,27.8,531,496,20230531,7,52,5,6,6,6,6,7,144,164,172,173,172,,1,5,36,1027,1,2,0,0,20230531,15,,0,0.0,20230531,직영,3385,1084,1057499000,37.49924318,127.02411499,1165010800,서울시,19.8,17.4,서초구,23.0,20.9,15,197.0,166.0,
8,서초태동스위트,130,서울시 서초구 서초동,1165010800,1668-1,서울시 서초구 서초중앙로22길 78,37.49387,127.01816,17,0,8,7,299,52,22,(주)태동종합건설,HT001,130.85,112.56,86,4,2,1,계단식,1225800,2120490,245160,649530,0,0,0,,,,,,,,,,,,서울서초초등학교,B100000764,서울특별시 서초구 서초동 1310-6,공립,단설,19801004,서울특별시교육청,http://seocho.sen.es.kr,20230531,25.3,27.8,531,496,20230531,7,52,5,6,6,6,6,7,144,164,172,173,172,,1,5,36,1027,1,2,0,0,20230531,15,,0,0.0,20230531,직영,3385,1084,1057499000,37.49924318,127.02411499,1165010800,서울시,19.8,17.4,서초구,23.0,20.9,15,197.0,166.0,
0,서초트라팰리스(주상복합),93B㎡,서울시 서초구 서초동,1165010800,1344-13,서울시 서초구 효령로72길 57,37.486801,127.028329,257,0,25,11,498,59,427,삼성물산(주),HT001,93.71,73.42,78,2,1,10,계단식,782775,1504440,156555,565110,0,0,0,,261261,283625,,,,8억,,,,,서울서일초등학교,B100000763,서울특별시 서초구 서초동 1436-8번지,공립,단설,19861016,서울특별시교육청,http://seoulseoil.sen.es.kr,20230531,20.3,20.8,266,232,20230531,4,33,3,4,4,4,4,4,72,79,88,78,93,,1,5,23,498,1,4,0,0,20230531,6,,0,0.0,20230531,직영,3377,558,615924000,37.48478772,127.02260429,1165010800,서울시,19.8,17.4,서초구,23.0,20.9,11,83.0,87.0,
1,서초트라팰리스(주상복합),102A㎡,서울시 서초구 서초동,1165010800,1344-13,서울시 서초구 효령로72길 57,37.486801,127.028329,257,0,25,11,498,59,427,삼성물산(주),HT001,102.74,81.76,80,2,2,34,계단식,1405800,2399490,281160,712530,93744,78120,15624,,290938,315843,,16억,,,,,,,서울서일초등학교,B100000763,서울특별시 서초구 서초동 1436-8번지,공립,단설,19861016,서울특별시교육청,http://seoulseoil.sen.es.kr,20230531,20.3,20.8,266,232,20230531,4,33,3,4,4,4,4,4,72,79,88,78,93,,1,5,23,498,1,4,0,0,20230531,6,,0,0.0,20230531,직영,3377,558,615924000,37.48478772,127.02260429,1165010800,서울시,19.8,17.4,서초구,23.0,20.9,11,83.0,87.0,
2,서초트라팰리스(주상복합),110C㎡,서울시 서초구 서초동,1165010800,1344-13,서울시 서초구 효령로72길 57,37.486801,127.028329,257,0,25,11,498,59,427,삼성물산(주),HT001,110.54,87.97,80,3,2,1,계단식,1539000,2605950,307800,759150,317520,264600,52920,,313036,339832,,,,,,,,,서울서일초등학교,B100000763,서울특별시 서초구 서초동 1436-8번지,공립,단설,19861016,서울특별시교육청,http://seoulseoil.sen.es.kr,20230531,20.3,20.8,266,232,20230531,4,33,3,4,4,4,4,4,72,79,88,78,93,,1,5,23,498,1,4,0,0,20230531,6,,0,0.0,20230531,직영,3377,558,615924000,37.48478772,127.02260429,1165010800,서울시,19.8,17.4,서초구,23.0,20.9,11,83.0,87.0,
3,서초트라팰리스(주상복합),116C㎡,서울시 서초구 서초동,1165010800,1344-13,서울시 서초구 효령로72길 57,37.486801,127.028329,257,0,25,11,498,59,427,삼성물산(주),HT001,116.58,92.77,80,3,2,10,계단식,1580400,2670120,316080,773640,387072,322560,64512,,330117,358375,,,,,,,,,서울서일초등학교,B100000763,서울특별시 서초구 서초동 1436-8번지,공립,단설,19861016,서울특별시교육청,http://seoulseoil.sen.es.kr,20230531,20.3,20.8,266,232,20230531,4,33,3,4,4,4,4,4,72,79,88,78,93,,1,5,23,498,1,4,0,0,20230531,6,,0,0.0,20230531,직영,3377,558,615924000,37.48478772,127.02260429,1165010800,서울시,19.8,17.4,서초구,23.0,20.9,11,83.0,87.0,
4,서초트라팰리스(주상복합),120A㎡,서울시 서초구 서초동,1165010800,1344-13,서울시 서초구 효령로72길 57,37.486801,127.028329,257,0,25,11,498,59,427,삼성물산(주),HT001,120.11,95.58,80,3,2,22,계단식,1665000,2801250,333000,803250,529200,441000,88200,,340116,369230,,19억,,"9억 8,000",,,,,서울서일초등학교,B100000763,서울특별시 서초구 서초동 1436-8번지,공립,단설,19861016,서울특별시교육청,http://seoulseoil.sen.es.kr,20230531,20.3,20.8,266,232,20230531,4,33,3,4,4,4,4,4,72,79,88,78,93,,1,5,23,498,1,4,0,0,20230531,6,,0,0.0,20230531,직영,3377,558,615924000,37.48478772,127.02260429,1165010800,서울시,19.8,17.4,서초구,23.0,20.9,11,83.0,87.0,
5,서초트라팰리스(주상복합),133B1㎡,서울시 서초구 서초동,1165010800,1344-13,서울시 서초구 효령로72길 57,37.486801,127.028329,257,0,25,11,498,59,427,삼성물산(주),HT001,133.77,106.45,80,3,2,2,계단식,1776600,2974230,355320,842310,716688,597240,119448,,378796,411221,,,,,,,,,서울서일초등학교,B100000763,서울특별시 서초구 서초동 1436-8번지,공립,단설,19861016,서울특별시교육청,http://seoulseoil.sen.es.kr,20230531,20.3,20.8,266,232,20230531,4,33,3,4,4,4,4,4,72,79,88,78,93,,1,5,23,498,1,4,0,0,20230531,6,,0,0.0,20230531,직영,3377,558,615924000,37.48478772,127.02260429,1165010800,서울시,19.8,17.4,서초구,23.0,20.9,11,83.0,87.0,
6,서초트라팰리스(주상복합),135B2㎡,서울시 서초구 서초동,1165010800,1344-13,서울시 서초구 효령로72길 57,37.486801,127.028329,257,0,25,11,498,59,427,삼성물산(주),HT001,135.33,107.69,80,3,2,10,계단식,1776600,2974230,355320,842310,716688,597240,119448,,383209,416012,,,,,,,,,서울서일초등학교,B100000763,서울특별시 서초구 서초동 1436-8번지,공립,단설,19861016,서울특별시교육청,http://seoulseoil.sen.es.kr,20230531,20.3,20.8,266,232,20230531,4,33,3,4,4,4,4,4,72,79,88,78,93,,1,5,23,498,1,4,0,0,20230531,6,,0,0.0,20230531,직영,3377,558,615924000,37.48478772,127.02260429,1165010800,서울시,19.8,17.4,서초구,23.0,20.9,11,83.0,87.0,
7,서초트라팰리스(주상복합),140A㎡,서울시 서초구 서초동,1165010800,1344-13,서울시 서초구 효령로72길 57,37.486801,127.028329,257,0,25,11,498,59,427,삼성물산(주),HT001,140.48,111.79,80,3,2,2,계단식,1819800,3041190,363960,857430,789264,657720,131544,,397799,431850,,,,,,,,,서울서일초등학교,B100000763,서울특별시 서초구 서초동 1436-8번지,공립,단설,19861016,서울특별시교육청,http://seoulseoil.sen.es.kr,20230531,20.3,20.8,266,232,20230531,4,33,3,4,4,4,4,4,72,79,88,78,93,,1,5,23,498,1,4,0,0,20230531,6,,0,0.0,20230531,직영,3377,558,615924000,37.48478772,127.02260429,1165010800,서울시,19.8,17.4,서초구,23.0,20.9,11,83.0,87.0,
8,서초트라팰리스(주상복합),146C㎡,서울시 서초구 서초동,1165010800,1344-13,서울시 서초구 효령로72길 57,37.486801,127.028329,257,0,25,11,498,59,427,삼성물산(주),HT001,146.14,116.3,80,3,2,12,계단식,1913400,3186270,382680,890190,946512,788760,157752,,413847,449273,,,,,,,,,서울서일초등학교,B100000763,서울특별시 서초구 서초동 1436-8번지,공립,단설,19861016,서울특별시교육청,http://seoulseoil.sen.es.kr,20230531,20.3,20.8,266,232,20230531,4,33,3,4,4,4,4,4,72,79,88,78,93,,1,5,23,498,1,4,0,0,20230531,6,,0,0.0,20230531,직영,3377,558,615924000,37.48478772,127.02260429,1165010800,서울시,19.8,17.4,서초구,23.0,20.9,11,83.0,87.0,
9,서초트라팰리스(주상복합),148B㎡,서울시 서초구 서초동,1165010800,1344-13,서울시 서초구 효령로72길 57,37.486801,127.028329,257,0,25,11,498,59,427,삼성물산(주),HT001,148.26,117.98,80,3,2,12,계단식,1913400,3186270,382680,890190,946512,788760,157752,,419825,455762,"19억 5,000",21억,,,,,,,서울서일초등학교,B100000763,서울특별시 서초구 서초동 1436-8번지,공립,단설,19861016,서울특별시교육청,http://seoulseoil.sen.es.kr,20230531,20.3,20.8,266,232,20230531,4,33,3,4,4,4,4,4,72,79,88,78,93,,1,5,23,498,1,4,0,0,20230531,6,,0,0.0,20230531,직영,3377,558,615924000,37.48478772,127.02260429,1165010800,서울시,19.8,17.4,서초구,23.0,20.9,11,83.0,87.0,
10,서초트라팰리스(주상복합),152B1㎡,서울시 서초구 서초동,1165010800,1344-13,서울시 서초구 효령로72길 57,37.486801,127.028329,257,0,25,11,498,59,427,삼성물산(주),HT001,152.94,121.71,80,3,2,11,계단식,1998000,3317400,399600,919800,1088640,907200,181440,,433098,470171,,,,,,,,,서울서일초등학교,B100000763,서울특별시 서초구 서초동 1436-8번지,공립,단설,19861016,서울특별시교육청,http://seoulseoil.sen.es.kr,20230531,20.3,20.8,266,232,20230531,4,33,3,4,4,4,4,4,72,79,88,78,93,,1,5,23,498,1,4,0,0,20230531,6,,0,0.0,20230531,직영,3377,558,615924000,37.48478772,127.02260429,1165010800,서울시,19.8,17.4,서초구,23.0,20.9,11,83.0,87.0,
11,서초트라팰리스(주상복합),154B2㎡,서울시 서초구 서초동,1165010800,1344-13,서울시 서초구 효령로72길 57,37.486801,127.028329,257,0,25,11,498,59,427,삼성물산(주),HT001,154.77,123.16,80,4,2,1,계단식,1998000,3317400,399600,919800,1088640,907200,181440,,438258,475773,,,,,,,,,서울서일초등학교,B100000763,서울특별시 서초구 서초동 1436-8번지,공립,단설,19861016,서울특별시교육청,http://seoulseoil.sen.es.kr,20230531,20.3,20.8,266,232,20230531,4,33,3,4,4,4,4,4,72,79,88,78,93,,1,5,23,498,1,4,0,0,20230531,6,,0,0.0,20230531,직영,3377,558,615924000,37.48478772,127.02260429,1165010800,서울시,19.8,17.4,서초구,23.0,20.9,11,83.0,87.0,
12,서초트라팰리스(주상복합),155B3㎡,서울시 서초구 서초동,1165010800,1344-13,서울시 서초구 효령로72길 57,37.486801,127.028329,257,0,25,11,498,59,427,삼성물산(주),HT001,155.19,123.5,80,4,2,1,계단식,1998000,3317400,399600,919800,1088640,907200,181440,,439468,477086,,,,,,6억/400,,6억/400,서울서일초등학교,B100000763,서울특별시 서초구 서초동 1436-8번지,공립,단설,19861016,서울특별시교육청,http://seoulseoil.sen.es.kr,20230531,20.3,20.8,266,232,20230531,4,33,3,4,4,4,4,4,72,79,88,78,93,,1,5,23,498,1,4,0,0,20230531,6,,0,0.0,20230531,직영,3377,558,615924000,37.48478772,127.02260429,1165010800,서울시,19.8,17.4,서초구,23.0,20.9,11,83.0,87.0,
13,서초트라팰리스(주상복합),157A㎡,서울시 서초구 서초동,1165010800,1344-13,서울시 서초구 효령로72길 57,37.486801,127.028329,257,0,25,11,498,59,427,삼성물산(주),HT001,157.59,125.41,80,3,2,12,계단식,2140200,3537810,428040,969570,1327536,1106280,221256,,446264,484465,,,,,,,,,서울서일초등학교,B100000763,서울특별시 서초구 서초동 1436-8번지,공립,단설,19861016,서울특별시교육청,http://seoulseoil.sen.es.kr,20230531,20.3,20.8,266,232,20230531,4,33,3,4,4,4,4,4,72,79,88,78,93,,1,5,23,498,1,4,0,0,20230531,6,,0,0.0,20230531,직영,3377,558,615924000,37.48478772,127.02260429,1165010800,서울시,19.8,17.4,서초구,23.0,20.9,11,83.0,87.0,
14,서초트라팰리스(주상복합),157B㎡,서울시 서초구 서초동,1165010800,1344-13,서울시 서초구 효령로72길 57,37.486801,127.028329,257,0,25,11,498,59,427,삼성물산(주),HT001,157.05,124.98,80,4,2,2,계단식,2140200,3537810,428040,969570,1327536,1106280,221256,,444734,482803,,,,,,,,,서울서일초등학교,B100000763,서울특별시 서초구 서초동 1436-8번지,공립,단설,19861016,서울특별시교육청,http://seoulseoil.sen.es.kr,20230531,20.3,20.8,266,232,20230531,4,33,3,4,4,4,4,4,72,79,88,78,93,,1,5,23,498,1,4,0,0,20230531,6,,0,0.0,20230531,직영,3377,558,615924000,37.48478772,127.02260429,1165010800,서울시,19.8,17.4,서초구,23.0,20.9,11,83.0,87.0,
15,서초트라팰리스(주상복합),159C㎡,서울시 서초구 서초동,1165010800,1344-13,서울시 서초구 효령로72길 57,37.486801,127.028329,257,0,25,11,498,59,427,삼성물산(주),HT001,159.04,126.56,80,4,2,14,계단식,2140200,3537810,428040,969570,1327536,1106280,221256,,450357,488907,,,,,,,,,서울서일초등학교,B100000763,서울특별시 서초구 서초동 1436-8번지,공립,단설,19861016,서울특별시교육청,http://seoulseoil.sen.es.kr,20230531,20.3,20.8,266,232,20230531,4,33,3,4,4,4,4,4,72,79,88,78,93,,1,5,23,498,1,4,0,0,20230531,6,,0,0.0,20230531,직영,3377,558,615924000,37.48478772,127.02260429,1165010800,서울시,19.8,17.4,서초구,23.0,20.9,11,83.0,87.0,
16,서초트라팰리스(주상복합),162㎡,서울시 서초구 서초동,1165010800,1344-13,서울시 서초구 효령로72길 57,37.486801,127.028329,257,0,25,11,498,59,427,삼성물산(주),HT001,162.32,129.17,80,4,2,1,계단식,2140200,3537810,428040,969570,1327536,1106280,221256,,459644,498990,,,,,,,,,서울서일초등학교,B100000763,서울특별시 서초구 서초동 1436-8번지,공립,단설,19861016,서울특별시교육청,http://seoulseoil.sen.es.kr,20230531,20.3,20.8,266,232,20230531,4,33,3,4,4,4,4,4,72,79,88,78,93,,1,5,23,498,1,4,0,0,20230531,6,,0,0.0,20230531,직영,3377,558,615924000,37.48478772,127.02260429,1165010800,서울시,19.8,17.4,서초구,23.0,20.9,11,83.0,87.0,
17,서초트라팰리스(주상복합),165C1㎡,서울시 서초구 서초동,1165010800,1344-13,서울시 서초구 효령로72길 57,37.486801,127.028329,257,0,25,11,498,59,427,삼성물산(주),HT001,165.78,131.9,80,4,2,1,계단식,2250000,3708000,450000,1008000,1512000,1260000,252000,,469359,509536,,,,,,,,,서울서일초등학교,B100000763,서울특별시 서초구 서초동 1436-8번지,공립,단설,19861016,서울특별시교육청,http://seoulseoil.sen.es.kr,20230531,20.3,20.8,266,232,20230531,4,33,3,4,4,4,4,4,72,79,88,78,93,,1,5,23,498,1,4,0,0,20230531,6,,0,0.0,20230531,직영,3377,558,615924000,37.48478772,127.02260429,1165010800,서울시,19.8,17.4,서초구,23.0,20.9,11,83.0,87.0,
18,서초트라팰리스(주상복합),166C2㎡,서울시 서초구 서초동,1165010800,1344-13,서울시 서초구 효령로72길 57,37.486801,127.028329,257,0,25,11,498,59,427,삼성물산(주),HT001,166.87,132.79,80,4,2,14,계단식,2136600,3532230,427320,968310,1321488,1101240,220248,,472525,512974,,,,,,,,,서울서일초등학교,B100000763,서울특별시 서초구 서초동 1436-8번지,공립,단설,19861016,서울특별시교육청,http://seoulseoil.sen.es.kr,20230531,20.3,20.8,266,232,20230531,4,33,3,4,4,4,4,4,72,79,88,78,93,,1,5,23,498,1,4,0,0,20230531,6,,0,0.0,20230531,직영,3377,558,615924000,37.48478772,127.02260429,1165010800,서울시,19.8,17.4,서초구,23.0,20.9,11,83.0,87.0,
19,서초트라팰리스(주상복합),167A㎡,서울시 서초구 서초동,1165010800,1344-13,서울시 서초구 효령로72길 57,37.486801,127.028329,257,0,25,11,498,59,427,삼성물산(주),HT001,167.19,133.05,80,3,2,44,계단식,2280600,3755430,456120,1018710,1587888,1323240,264648,,473451,513979,,25억,14억,16억,,,,,서울서일초등학교,B100000763,서울특별시 서초구 서초동 1436-8번지,공립,단설,19861016,서울특별시교육청,http://seoulseoil.sen.es.kr,20230531,20.3,20.8,266,232,20230531,4,33,3,4,4,4,4,4,72,79,88,78,93,,1,5,23,498,1,4,0,0,20230531,6,,0,0.0,20230531,직영,3377,558,615924000,37.48478772,127.02260429,1165010800,서울시,19.8,17.4,서초구,23.0,20.9,11,83.0,87.0,
20,서초트라팰리스(주상복합),167B㎡,서울시 서초구 서초동,1165010800,1344-13,서울시 서초구 효령로72길 57,37.486801,127.028329,257,0,25,11,498,59,427,삼성물산(주),HT001,167.19,133.05,80,3,2,11,계단식,2250000,3708000,450000,1008000,1512000,1260000,252000,,473451,513979,,27억,,15억,7억/280,8억/280,7억/280,8억/280,서울서일초등학교,B100000763,서울특별시 서초구 서초동 1436-8번지,공립,단설,19861016,서울특별시교육청,http://seoulseoil.sen.es.kr,20230531,20.3,20.8,266,232,20230531,4,33,3,4,4,4,4,4,72,79,88,78,93,,1,5,23,498,1,4,0,0,20230531,6,,0,0.0,20230531,직영,3377,558,615924000,37.48478772,127.02260429,1165010800,서울시,19.8,17.4,서초구,23.0,20.9,11,83.0,87.0,
21,서초트라팰리스(주상복합),167C3㎡,서울시 서초구 서초동,1165010800,1344-13,서울시 서초구 효령로72길 57,37.486801,127.028329,257,0,25,11,498,59,427,삼성물산(주),HT001,167.19,133.05,80,4,2,10,계단식,2053800,3403890,410760,939330,1182384,985320,197064,,473451,513979,,,,,,,,,서울서일초등학교,B100000763,서울특별시 서초구 서초동 1436-8번지,공립,단설,19861016,서울특별시교육청,http://seoulseoil.sen.es.kr,20230531,20.3,20.8,266,232,20230531,4,33,3,4,4,4,4,4,72,79,88,78,93,,1,5,23,498,1,4,0,0,20230531,6,,0,0.0,20230531,직영,3377,558,615924000,37.48478772,127.02260429,1165010800,서울시,19.8,17.4,서초구,23.0,20.9,11,83.0,87.0,
22,서초트라팰리스(주상복합),167C4㎡,서울시 서초구 서초동,1165010800,1344-13,서울시 서초구 효령로72길 57,37.486801,127.028329,257,0,25,11,498,59,427,삼성물산(주),HT001,167.76,133.5,80,4,2,2,계단식,2250000,3708000,450000,1008000,1512000,1260000,252000,,475052,515717,,,,,,,,,서울서일초등학교,B100000763,서울특별시 서초구 서초동 1436-8번지,공립,단설,19861016,서울특별시교육청,http://seoulseoil.sen.es.kr,20230531,20.3,20.8,266,232,20230531,4,33,3,4,4,4,4,4,72,79,88,78,93,,1,5,23,498,1,4,0,0,20230531,6,,0,0.0,20230531,직영,3377,558,615924000,37.48478772,127.02260429,1165010800,서울시,19.8,17.4,서초구,23.0,20.9,11,83.0,87.0,
23,서초트라팰리스(주상복합),169C㎡,서울시 서초구 서초동,1165010800,1344-13,서울시 서초구 효령로72길 57,37.486801,127.028329,257,0,25,11,498,59,427,삼성물산(주),HT001,169.37,134.78,80,4,2,12,계단식,2250000,3708000,450000,1008000,1512000,1260000,252000,,479607,520661,,,,,,,,,서울서일초등학교,B100000763,서울특별시 서초구 서초동 1436-8번지,공립,단설,19861016,서울특별시교육청,http://seoulseoil.sen.es.kr,20230531,20.3,20.8,266,232,20230531,4,33,3,4,4,4,4,4,72,79,88,78,93,,1,5,23,498,1,4,0,0,20230531,6,,0,0.0,20230531,직영,3377,558,615924000,37.48478772,127.02260429,1165010800,서울시,19.8,17.4,서초구,23.0,20.9,11,83.0,87.0,
24,서초트라팰리스(주상복합),186A㎡,서울시 서초구 서초동,1165010800,1344-13,서울시 서초구 효령로72길 57,37.486801,127.028329,257,0,25,11,498,59,427,삼성물산(주),HT001,186.06,147.24,79,4,2,2,계단식,2683800,4380390,536760,1159830,2587824,2156520,431304,,523945,568795,,,,,,,,,서울서일초등학교,B100000763,서울특별시 서초구 서초동 1436-8번지,공립,단설,19861016,서울특별시교육청,http://seoulseoil.sen.es.kr,20230531,20.3,20.8,266,232,20230531,4,33,3,4,4,4,4,4,72,79,88,78,93,,1,5,23,498,1,4,0,0,20230531,6,,0,0.0,20230531,직영,3377,558,615924000,37.48478772,127.02260429,1165010800,서울시,19.8,17.4,서초구,23.0,20.9,11,83.0,87.0,
25,서초트라팰리스(주상복합),186B㎡,서울시 서초구 서초동,1165010800,1344-13,서울시 서초구 효령로72길 57,37.486801,127.028329,257,0,25,11,498,59,427,삼성물산(주),HT001,186.71,147.76,79,4,2,2,계단식,2716200,4430610,543240,1171170,2668176,2223480,444696,,525796,570804,,,,,,,,,서울서일초등학교,B100000763,서울특별시 서초구 서초동 1436-8번지,공립,단설,19861016,서울특별시교육청,http://seoulseoil.sen.es.kr,20230531,20.3,20.8,266,232,20230531,4,33,3,4,4,4,4,4,72,79,88,78,93,,1,5,23,498,1,4,0,0,20230531,6,,0,0.0,20230531,직영,3377,558,615924000,37.48478772,127.02260429,1165010800,서울시,19.8,17.4,서초구,23.0,20.9,11,83.0,87.0,
26,서초트라팰리스(주상복합),198C,서울시 서초구 서초동,1165010800,1344-13,서울시 서초구 효령로72길 57,37.486801,127.028329,257,0,25,11,498,59,427,삼성물산(주),HT001,198.6,155.55,78,4,2,2,계단식,2829600,4606380,565920,1210860,2949408,2457840,491568,,553516,600897,,,,,,,,,서울서일초등학교,B100000763,서울특별시 서초구 서초동 1436-8번지,공립,단설,19861016,서울특별시교육청,http://seoulseoil.sen.es.kr,20230531,20.3,20.8,266,232,20230531,4,33,3,4,4,4,4,4,72,79,88,78,93,,1,5,23,498,1,4,0,0,20230531,6,,0,0.0,20230531,직영,3377,558,615924000,37.48478772,127.02260429,1165010800,서울시,19.8,17.4,서초구,23.0,20.9,11,83.0,87.0,
0,서초트레져,236㎡,서울시 서초구 서초동,1165010800,1492-5,서울시 서초구 명달로 79,37.484296,127.003474,14,0,7,7,248,38,41,도국건설,HT001,236.78,216.08,91,4,2,7,계단식,1602000,2703600,320400,781200,423360,352800,70560,,,,,27억,,,,,,,서울신중초등학교,B100000768,서울특별시 서초구 서초동 1466-6번지,공립,단설,19360601,서울특별시교육청,http://sinjung.sen.es.kr,20230531,21.0,22.5,455,378,20230531,4,57,5,6,6,6,7,6,130,124,135,138,166,,1,5,36,833,1,3,0,0,20230531,10,,0,0.0,20230531,직영,3385,931,831091000,37.4801795,127.0093516,1165010800,서울시,19.8,17.4,서초구,23.0,20.9,13,135.0,162.0,
1,서초트레져,245,서울시 서초구 서초동,1165010800,1492-5,서울시 서초구 명달로 79,37.484296,127.003474,14,0,7,7,248,38,41,도국건설,HT001,245.69,224.22,91,4,2,7,계단식,1602000,2703600,320400,781200,423360,352800,70560,,,,,30억,,,,,,,서울신중초등학교,B100000768,서울특별시 서초구 서초동 1466-6번지,공립,단설,19360601,서울특별시교육청,http://sinjung.sen.es.kr,20230531,21.0,22.5,455,378,20230531,4,57,5,6,6,6,7,6,130,124,135,138,166,,1,5,36,833,1,3,0,0,20230531,10,,0,0.0,20230531,직영,3385,931,831091000,37.4801795,127.0093516,1165010800,서울시,19.8,17.4,서초구,23.0,20.9,13,135.0,162.0,
0,서초파라곤(주상복합),71A㎡,서울시 서초구 서초동,1165010800,1327-29,서울시 서초구 서초대로74길 29,37.494894,127.027387,60,0,15,14,651,59,124,(주)동양건설산업,HT001,71.13,57.44,81,2,1,4,계단식,,,,,,,,,,,,,,,,,,,서울서이초등학교,B100000762,서울특별시 서초구 서초동 1334-2번지(서운로 85),공립,단설,19831203,서울특별시교육청,http://seo2.sen.es.kr,20230531,19.7,30.3,672,753,20230531,6,66,9,8,8,7,8,7,239,266,238,205,252,,0,0,47,1425,2,4,0,0,20230531,0,,0,0.0,20230531,직영,3347,1430,1370646000,37.49120942,127.02595329,1165010800,서울시,19.8,17.4,서초구,23.0,20.9,7,225.0,0.0,
1,서초파라곤(주상복합),73B㎡,서울시 서초구 서초동,1165010800,1327-29,서울시 서초구 서초대로74길 29,37.494894,127.027387,60,0,15,14,651,59,124,(주)동양건설산업,HT001,73.75,59.56,81,2,1,4,계단식,,,,,,,,,,,,,,,,,,,서울서이초등학교,B100000762,서울특별시 서초구 서초동 1334-2번지(서운로 85),공립,단설,19831203,서울특별시교육청,http://seo2.sen.es.kr,20230531,19.7,30.3,672,753,20230531,6,66,9,8,8,7,8,7,239,266,238,205,252,,0,0,47,1425,2,4,0,0,20230531,0,,0,0.0,20230531,직영,3347,1430,1370646000,37.49120942,127.02595329,1165010800,서울시,19.8,17.4,서초구,23.0,20.9,7,225.0,0.0,
2,서초파라곤(주상복합),86㎡,서울시 서초구 서초동,1165010800,1327-29,서울시 서초구 서초대로74길 29,37.494894,127.027387,60,0,15,14,651,59,124,(주)동양건설산업,HT001,86.04,69.48,81,2,2,4,계단식,,,,,,,,,,,,13억,,,,,,,서울서이초등학교,B100000762,서울특별시 서초구 서초동 1334-2번지(서운로 85),공립,단설,19831203,서울특별시교육청,http://seo2.sen.es.kr,20230531,19.7,30.3,672,753,20230531,6,66,9,8,8,7,8,7,239,266,238,205,252,,0,0,47,1425,2,4,0,0,20230531,0,,0,0.0,20230531,직영,3347,1430,1370646000,37.49120942,127.02595329,1165010800,서울시,19.8,17.4,서초구,23.0,20.9,7,225.0,0.0,
3,서초파라곤(주상복합),92㎡,서울시 서초구 서초동,1165010800,1327-29,서울시 서초구 서초대로74길 29,37.494894,127.027387,60,0,15,14,651,59,124,(주)동양건설산업,HT001,92.14,74.41,81,2,1,2,계단식,,,,,,,,,,,,,,,,,,,서울서이초등학교,B100000762,서울특별시 서초구 서초동 1334-2번지(서운로 85),공립,단설,19831203,서울특별시교육청,http://seo2.sen.es.kr,20230531,19.7,30.3,672,753,20230531,6,66,9,8,8,7,8,7,239,266,238,205,252,,0,0,47,1425,2,4,0,0,20230531,0,,0,0.0,20230531,직영,3347,1430,1370646000,37.49120942,127.02595329,1165010800,서울시,19.8,17.4,서초구,23.0,20.9,7,225.0,0.0,
4,서초파라곤(주상복합),94㎡,서울시 서초구 서초동,1165010800,1327-29,서울시 서초구 서초대로74길 29,37.494894,127.027387,60,0,15,14,651,59,124,(주)동양건설산업,HT001,94.53,76.21,81,3,2,2,계단식,,,,,,,,,,,,,,,,,,,서울서이초등학교,B100000762,서울특별시 서초구 서초동 1334-2번지(서운로 85),공립,단설,19831203,서울특별시교육청,http://seo2.sen.es.kr,20230531,19.7,30.3,672,753,20230531,6,66,9,8,8,7,8,7,239,266,238,205,252,,0,0,47,1425,2,4,0,0,20230531,0,,0,0.0,20230531,직영,3347,1430,1370646000,37.49120942,127.02595329,1165010800,서울시,19.8,17.4,서초구,23.0,20.9,7,225.0,0.0,
5,서초파라곤(주상복합),104B㎡,서울시 서초구 서초동,1165010800,1327-29,서울시 서초구 서초대로74길 29,37.494894,127.027387,60,0,15,14,651,59,124,(주)동양건설산업,HT001,104.93,84.74,81,3,2,1,계단식,,,,,,,,,,,,,,,,,,,서울서이초등학교,B100000762,서울특별시 서초구 서초동 1334-2번지(서운로 85),공립,단설,19831203,서울특별시교육청,http://seo2.sen.es.kr,20230531,19.7,30.3,672,753,20230531,6,66,9,8,8,7,8,7,239,266,238,205,252,,0,0,47,1425,2,4,0,0,20230531,0,,0,0.0,20230531,직영,3347,1430,1370646000,37.49120942,127.02595329,1165010800,서울시,19.8,17.4,서초구,23.0,20.9,7,225.0,0.0,
6,서초파라곤(주상복합),105A㎡,서울시 서초구 서초동,1165010800,1327-29,서울시 서초구 서초대로74길 29,37.494894,127.027387,60,0,15,14,651,59,124,(주)동양건설산업,HT001,105.24,84.98,81,3,2,19,계단식,,,,,,,,,,,13억,14억,,,,,,,서울서이초등학교,B100000762,서울특별시 서초구 서초동 1334-2번지(서운로 85),공립,단설,19831203,서울특별시교육청,http://seo2.sen.es.kr,20230531,19.7,30.3,672,753,20230531,6,66,9,8,8,7,8,7,239,266,238,205,252,,0,0,47,1425,2,4,0,0,20230531,0,,0,0.0,20230531,직영,3347,1430,1370646000,37.49120942,127.02595329,1165010800,서울시,19.8,17.4,서초구,23.0,20.9,7,225.0,0.0,
7,서초파라곤(주상복합),110㎡,서울시 서초구 서초동,1165010800,1327-29,서울시 서초구 서초대로74길 29,37.494894,127.027387,60,0,15,14,651,59,124,(주)동양건설산업,HT001,110.22,89.01,81,3,2,4,계단식,,,,,,,,,,,,15억,,,,,,,서울서이초등학교,B100000762,서울특별시 서초구 서초동 1334-2번지(서운로 85),공립,단설,19831203,서울특별시교육청,http://seo2.sen.es.kr,20230531,19.7,30.3,672,753,20230531,6,66,9,8,8,7,8,7,239,266,238,205,252,,0,0,47,1425,2,4,0,0,20230531,0,,0,0.0,20230531,직영,3347,1430,1370646000,37.49120942,127.02595329,1165010800,서울시,19.8,17.4,서초구,23.0,20.9,7,225.0,0.0,
8,서초파라곤(주상복합),135,서울시 서초구 서초동,1165010800,1327-29,서울시 서초구 서초대로74길 29,37.494894,127.027387,60,0,15,14,651,59,124,(주)동양건설산업,HT001,135.88,109.73,81,3,2,20,계단식,,,,,,,,,,,17억,18억,,,,2억/500,,2억/500,서울서이초등학교,B100000762,서울특별시 서초구 서초동 1334-2번지(서운로 85),공립,단설,19831203,서울특별시교육청,http://seo2.sen.es.kr,20230531,19.7,30.3,672,753,20230531,6,66,9,8,8,7,8,7,239,266,238,205,252,,0,0,47,1425,2,4,0,0,20230531,0,,0,0.0,20230531,직영,3347,1430,1370646000,37.49120942,127.02595329,1165010800,서울시,19.8,17.4,서초구,23.0,20.9,7,225.0,0.0,
0,서초푸르지오써밋,80A㎡,서울시 서초구 서초동,1165010800,1311-10,서울시 서초구 서운로 201,37.501348,127.021151,907,63,35,11,299,18,1284,(주)대우건설,HT005,80.96,59.92,74,3,2,100,계단식,2485800,4073490,497160,1090530,2096784,1747320,349464,,277652,245026,21억,24억,"9억 3,000","10억 5,000",1억/380,7억/120,1억/380,7억/120,서울서초초등학교,B100000764,서울특별시 서초구 서초동 1310-6,공립,단설,19801004,서울특별시교육청,http://seocho.sen.es.kr,20230531,25.3,27.8,531,496,20230531,7,52,5,6,6,6,6,7,144,164,172,173,172,,1,5,36,1027,1,2,0,0,20230531,15,,0,0.0,20230531,직영,3385,1084,1057499000,37.49924318,127.02411499,1165010800,서울시,19.8,17.4,서초구,23.0,20.9,4,197.0,166.0,
1,서초푸르지오써밋,81C㎡,서울시 서초구 서초동,1165010800,1311-10,서울시 서초구 서운로 201,37.501348,127.021151,907,63,35,11,299,18,1284,(주)대우건설,HT005,81.52,59.62,73,3,2,27,계단식,2485800,4073490,497160,1090530,2096784,1747320,349464,,276262,243800,21억,"22억 5,000",10억,"10억 5,000",1억/380,5억/200,1억/380,5억/200,서울서초초등학교,B100000764,서울특별시 서초구 서초동 1310-6,공립,단설,19801004,서울특별시교육청,http://seocho.sen.es.kr,20230531,25.3,27.8,531,496,20230531,7,52,5,6,6,6,6,7,144,164,172,173,172,,1,5,36,1027,1,2,0,0,20230531,15,,0,0.0,20230531,직영,3385,1084,1057499000,37.49924318,127.02411499,1165010800,서울시,19.8,17.4,서초구,23.0,20.9,4,197.0,166.0,
2,서초푸르지오써밋,81B㎡,서울시 서초구 서초동,1165010800,1311-10,서울시 서초구 서운로 201,37.501348,127.021151,907,63,35,11,299,18,1284,(주)대우건설,HT005,81.56,59.95,74,3,2,2,계단식,2385000,3917250,477000,1055250,1846800,1539000,307800,,277791,245149,,,,,,,,,서울서초초등학교,B100000764,서울특별시 서초구 서초동 1310-6,공립,단설,19801004,서울특별시교육청,http://seocho.sen.es.kr,20230531,25.3,27.8,531,496,20230531,7,52,5,6,6,6,6,7,144,164,172,173,172,,1,5,36,1027,1,2,0,0,20230531,15,,0,0.0,20230531,직영,3385,1084,1057499000,37.49924318,127.02411499,1165010800,서울시,19.8,17.4,서초구,23.0,20.9,4,197.0,166.0,
3,서초푸르지오써밋,100B㎡,서울시 서초구 서초동,1165010800,1311-10,서울시 서초구 서운로 201,37.501348,127.021151,907,63,35,11,299,18,1284,(주)대우건설,HT005,100.97,74.96,74,3,2,56,계단식,2809800,4575690,561960,1203930,2900304,2416920,483384,,347343,306528,24억,25억,,12억,1억/420,8억/180,1억/420,8억/180,서울서초초등학교,B100000764,서울특별시 서초구 서초동 1310-6,공립,단설,19801004,서울특별시교육청,http://seocho.sen.es.kr,20230531,25.3,27.8,531,496,20230531,7,52,5,6,6,6,6,7,144,164,172,173,172,,1,5,36,1027,1,2,0,0,20230531,15,,0,0.0,20230531,직영,3385,1084,1057499000,37.49924318,127.02411499,1165010800,서울시,19.8,17.4,서초구,23.0,20.9,4,197.0,166.0,
4,서초푸르지오써밋,100A㎡,서울시 서초구 서초동,1165010800,1311-10,서울시 서초구 서운로 201,37.501348,127.021151,907,63,35,11,299,18,1284,(주)대우건설,HT005,100.59,74.93,74,3,2,52,계단식,2809800,4575690,561960,1203930,2900304,2416920,483384,,347204,306405,,24억,,,1억/420,1억/450,1억/420,1억/450,서울서초초등학교,B100000764,서울특별시 서초구 서초동 1310-6,공립,단설,19801004,서울특별시교육청,http://seocho.sen.es.kr,20230531,25.3,27.8,531,496,20230531,7,52,5,6,6,6,6,7,144,164,172,173,172,,1,5,36,1027,1,2,0,0,20230531,15,,0,0.0,20230531,직영,3385,1084,1057499000,37.49924318,127.02411499,1165010800,서울시,19.8,17.4,서초구,23.0,20.9,4,197.0,166.0,
5,서초푸르지오써밋,112A㎡,서울시 서초구 서초동,1165010800,1311-10,서울시 서초구 서운로 201,37.501348,127.021151,907,63,35,11,299,18,1284,(주)대우건설,HT005,112.91,84.95,75,3,2,164,계단식,3234600,5234130,646920,1352610,4089168,3407640,681528,,393633,347379,"25억 7,000",37억,"12억 8,000",13억,"5,000/500",2억/460,"5,000/500",2억/460,서울서초초등학교,B100000764,서울특별시 서초구 서초동 1310-6,공립,단설,19801004,서울특별시교육청,http://seocho.sen.es.kr,20230531,25.3,27.8,531,496,20230531,7,52,5,6,6,6,6,7,144,164,172,173,172,,1,5,36,1027,1,2,0,0,20230531,15,,0,0.0,20230531,직영,3385,1084,1057499000,37.49924318,127.02411499,1165010800,서울시,19.8,17.4,서초구,23.0,20.9,4,197.0,166.0,
6,서초푸르지오써밋,113B㎡,서울시 서초구 서초동,1165010800,1311-10,서울시 서초구 서운로 201,37.501348,127.021151,907,63,35,11,299,18,1284,(주)대우건설,HT005,113.9,84.93,75,3,2,116,계단식,3196800,5175540,639360,1339380,3934944,3279120,655824,,393541,347297,"25억 5,000",26억,"12억 5,000","12억 8,000",1억/480,2억/460,1억/480,2억/460,서울서초초등학교,B100000764,서울특별시 서초구 서초동 1310-6,공립,단설,19801004,서울특별시교육청,http://seocho.sen.es.kr,20230531,25.3,27.8,531,496,20230531,7,52,5,6,6,6,6,7,144,164,172,173,172,,1,5,36,1027,1,2,0,0,20230531,15,,0,0.0,20230531,직영,3385,1084,1057499000,37.49924318,127.02411499,1165010800,서울시,19.8,17.4,서초구,23.0,20.9,4,197.0,166.0,
7,서초푸르지오써밋,130B㎡,서울시 서초구 서초동,1165010800,1311-10,서울시 서초구 서운로 201,37.501348,127.021151,907,63,35,11,299,18,1284,(주)대우건설,HT005,130.89,97.7,75,3,2,47,계단식,3252600,5262030,650520,1358910,4162608,3468840,693768,,452713,399517,,"32억 5,000",13억,"14억 5,000",,2억/500,,2억/500,서울서초초등학교,B100000764,서울특별시 서초구 서초동 1310-6,공립,단설,19801004,서울특별시교육청,http://seocho.sen.es.kr,20230531,25.3,27.8,531,496,20230531,7,52,5,6,6,6,6,7,144,164,172,173,172,,1,5,36,1027,1,2,0,0,20230531,15,,0,0.0,20230531,직영,3385,1084,1057499000,37.49924318,127.02411499,1165010800,서울시,19.8,17.4,서초구,23.0,20.9,4,197.0,166.0,
8,서초푸르지오써밋,130A㎡,서울시 서초구 서초동,1165010800,1311-10,서울시 서초구 서운로 201,37.501348,127.021151,907,63,35,11,299,18,1284,(주)대우건설,HT005,130.61,97.94,75,3,2,23,계단식,3252600,5262030,650520,1358910,4162608,3468840,693768,,453825,400498,,,14억,"14억 5,000",,2억/500,,2억/500,서울서초초등학교,B100000764,서울특별시 서초구 서초동 1310-6,공립,단설,19801004,서울특별시교육청,http://seocho.sen.es.kr,20230531,25.3,27.8,531,496,20230531,7,52,5,6,6,6,6,7,144,164,172,173,172,,1,5,36,1027,1,2,0,0,20230531,15,,0,0.0,20230531,직영,3385,1084,1057499000,37.49924318,127.02411499,1165010800,서울시,19.8,17.4,서초구,23.0,20.9,4,197.0,166.0,
9,서초푸르지오써밋,137A㎡,서울시 서초구 서초동,1165010800,1311-10,서울시 서초구 서운로 201,37.501348,127.021151,907,63,35,11,299,18,1284,(주)대우건설,HT005,137.51,104.4,76,4,2,86,계단식,3411000,5507550,682200,1414350,4808880,4007400,801480,,483759,426915,28억,"29억 5,000",15억,16억,8억/400,12억/150,8억/400,12억/150,서울서초초등학교,B100000764,서울특별시 서초구 서초동 1310-6,공립,단설,19801004,서울특별시교육청,http://seocho.sen.es.kr,20230531,25.3,27.8,531,496,20230531,7,52,5,6,6,6,6,7,144,164,172,173,172,,1,5,36,1027,1,2,0,0,20230531,15,,0,0.0,20230531,직영,3385,1084,1057499000,37.49924318,127.02411499,1165010800,서울시,19.8,17.4,서초구,23.0,20.9,4,197.0,166.0,
10,서초푸르지오써밋,138C㎡,서울시 서초구 서초동,1165010800,1311-10,서울시 서초구 서운로 201,37.501348,127.021151,907,63,35,11,299,18,1284,(주)대우건설,HT005,138.79,104.11,75,4,2,42,계단식,3411000,5507550,682200,1414350,4808880,4007400,801480,,482416,425728,29억,30억,15억,16억,,,,,서울서초초등학교,B100000764,서울특별시 서초구 서초동 1310-6,공립,단설,19801004,서울특별시교육청,http://seocho.sen.es.kr,20230531,25.3,27.8,531,496,20230531,7,52,5,6,6,6,6,7,144,164,172,173,172,,1,5,36,1027,1,2,0,0,20230531,15,,0,0.0,20230531,직영,3385,1084,1057499000,37.49924318,127.02411499,1165010800,서울시,19.8,17.4,서초구,23.0,20.9,4,197.0,166.0,
11,서초푸르지오써밋,138B㎡,서울시 서초구 서초동,1165010800,1311-10,서울시 서초구 서운로 201,37.501348,127.021151,907,63,35,11,299,18,1284,(주)대우건설,HT005,138.19,104.19,75,4,2,23,계단식,3411000,5507550,682200,1414350,4808880,4007400,801480,,482786,426056,,30억,,,,,,,서울서초초등학교,B100000764,서울특별시 서초구 서초동 1310-6,공립,단설,19801004,서울특별시교육청,http://seocho.sen.es.kr,20230531,25.3,27.8,531,496,20230531,7,52,5,6,6,6,6,7,144,164,172,173,172,,1,5,36,1027,1,2,0,0,20230531,15,,0,0.0,20230531,직영,3385,1084,1057499000,37.49924318,127.02411499,1165010800,서울시,19.8,17.4,서초구,23.0,20.9,4,197.0,166.0,
12,서초푸르지오써밋,149㎡,서울시 서초구 서초동,1165010800,1311-10,서울시 서초구 서운로 201,37.501348,127.021151,907,63,35,11,299,18,1284,(주)대우건설,HT005,149.17,111.52,75,4,2,6,계단식,3808800,6124140,761760,1553580,6431904,5359920,1071984,,516751,456030,,,,,,,,,서울서초초등학교,B100000764,서울특별시 서초구 서초동 1310-6,공립,단설,19801004,서울특별시교육청,http://seocho.sen.es.kr,20230531,25.3,27.8,531,496,20230531,7,52,5,6,6,6,6,7,144,164,172,173,172,,1,5,36,1027,1,2,0,0,20230531,15,,0,0.0,20230531,직영,3385,1084,1057499000,37.49924318,127.02411499,1165010800,서울시,19.8,17.4,서초구,23.0,20.9,4,197.0,166.0,
13,서초푸르지오써밋,159A㎡,서울시 서초구 서초동,1165010800,1311-10,서울시 서초구 서운로 201,37.501348,127.021151,907,63,35,11,299,18,1284,(주)대우건설,HT005,159.8,120.86,76,4,2,58,계단식,3933000,6316650,786600,1597050,6938640,5782200,1156440,,560030,494223,35억,"35억 5,000",18억,19억,,,,,서울서초초등학교,B100000764,서울특별시 서초구 서초동 1310-6,공립,단설,19801004,서울특별시교육청,http://seocho.sen.es.kr,20230531,25.3,27.8,531,496,20230531,7,52,5,6,6,6,6,7,144,164,172,173,172,,1,5,36,1027,1,2,0,0,20230531,15,,0,0.0,20230531,직영,3385,1084,1057499000,37.49924318,127.02411499,1165010800,서울시,19.8,17.4,서초구,23.0,20.9,4,197.0,166.0,
14,서초푸르지오써밋,160B,서울시 서초구 서초동,1165010800,1311-10,서울시 서초구 서운로 201,37.501348,127.021151,907,63,35,11,299,18,1284,(주)대우건설,HT005,160.83,120.98,75,4,2,42,계단식,3889800,6249690,777960,1581930,6762384,5635320,1127064,,560586,494713,"32억 5,000",33억,,18억,,,,,서울서초초등학교,B100000764,서울특별시 서초구 서초동 1310-6,공립,단설,19801004,서울특별시교육청,http://seocho.sen.es.kr,20230531,25.3,27.8,531,496,20230531,7,52,5,6,6,6,6,7,144,164,172,173,172,,1,5,36,1027,1,2,0,0,20230531,15,,0,0.0,20230531,직영,3385,1084,1057499000,37.49924318,127.02411499,1165010800,서울시,19.8,17.4,서초구,23.0,20.9,4,197.0,166.0,
0,서초풍림아이원,135㎡,서울시 서초구 서초동,1165010800,1607-6,서울시 서초구 효령로67길 20,37.487807,127.023589,36,0,6,6,291,53,58,풍림산업주식회사,HT001,135.85,115.29,85,3,2,12,계단식,1141200,1989360,228240,619920,0,0,0,,,,,,,,,,,,서울서일초등학교,B100000763,서울특별시 서초구 서초동 1436-8번지,공립,단설,19861016,서울특별시교육청,http://seoulseoil.sen.es.kr,20230531,20.3,20.8,266,232,20230531,4,33,3,4,4,4,4,4,72,79,88,78,93,,1,5,23,498,1,4,0,0,20230531,6,,0,0.0,20230531,직영,3377,558,615924000,37.48478772,127.02260429,1165010800,서울시,19.8,17.4,서초구,23.0,20.9,7,83.0,87.0,
1,서초풍림아이원,138㎡,서울시 서초구 서초동,1165010800,1607-6,서울시 서초구 효령로67길 20,37.487807,127.023589,36,0,6,6,291,53,58,풍림산업주식회사,HT001,138.12,117.13,85,3,2,12,계단식,1141200,1989360,228240,619920,0,0,0,,,,,,,,,,,,서울서일초등학교,B100000763,서울특별시 서초구 서초동 1436-8번지,공립,단설,19861016,서울특별시교육청,http://seoulseoil.sen.es.kr,20230531,20.3,20.8,266,232,20230531,4,33,3,4,4,4,4,4,72,79,88,78,93,,1,5,23,498,1,4,0,0,20230531,6,,0,0.0,20230531,직영,3377,558,615924000,37.48478772,127.02260429,1165010800,서울시,19.8,17.4,서초구,23.0,20.9,7,83.0,87.0,
2,서초풍림아이원,140,서울시 서초구 서초동,1165010800,1607-6,서울시 서초구 효령로67길 20,37.487807,127.023589,36,0,6,6,291,53,58,풍림산업주식회사,HT001,140.71,119.56,85,3,2,12,계단식,1218600,2109330,243720,647010,0,0,0,,,,,16억,,,,,,,서울서일초등학교,B100000763,서울특별시 서초구 서초동 1436-8번지,공립,단설,19861016,서울특별시교육청,http://seoulseoil.sen.es.kr,20230531,20.3,20.8,266,232,20230531,4,33,3,4,4,4,4,4,72,79,88,78,93,,1,5,23,498,1,4,0,0,20230531,6,,0,0.0,20230531,직영,3377,558,615924000,37.48478772,127.02260429,1165010800,서울시,19.8,17.4,서초구,23.0,20.9,7,83.0,87.0,
0,서초프라임빌,115㎡,서울시 서초구 서초동,1165010800,1566-9,서울시 서초구 서초대로50길 84-8,37.489596,127.013309,10,0,7,5,249,50,15,(주)에스엠피아,HT001,115.69,102.72,89,3,2,2,계단식,352800,796320,70560,372960,0,0,0,,,,,,,,,,,,서울신중초등학교,B100000768,서울특별시 서초구 서초동 1466-6번지,공립,단설,19360601,서울특별시교육청,http://sinjung.sen.es.kr,20230531,21.0,22.5,455,378,20230531,4,57,5,6,6,6,7,6,130,124,135,138,166,,1,5,36,833,1,3,0,0,20230531,10,,0,0.0,20230531,직영,3385,931,831091000,37.4801795,127.0093516,1165010800,서울시,19.8,17.4,서초구,23.0,20.9,20,135.0,162.0,
1,서초프라임빌,122㎡,서울시 서초구 서초동,1165010800,1566-9,서울시 서초구 서초대로50길 84-8,37.489596,127.013309,10,0,7,5,249,50,15,(주)에스엠피아,HT001,122.17,108.48,89,3,2,6,계단식,412200,909180,82440,414540,0,0,0,,,,,,,,,,,,서울신중초등학교,B100000768,서울특별시 서초구 서초동 1466-6번지,공립,단설,19360601,서울특별시교육청,http://sinjung.sen.es.kr,20230531,21.0,22.5,455,378,20230531,4,57,5,6,6,6,7,6,130,124,135,138,166,,1,5,36,833,1,3,0,0,20230531,10,,0,0.0,20230531,직영,3385,931,831091000,37.4801795,127.0093516,1165010800,서울시,19.8,17.4,서초구,23.0,20.9,20,135.0,162.0,
2,서초프라임빌,144,서울시 서초구 서초동,1165010800,1566-9,서울시 서초구 서초대로50길 84-8,37.489596,127.013309,10,0,7,5,249,50,15,(주)에스엠피아,HT001,144.63,128.42,89,4,2,2,계단식,546525,1126440,109305,470610,0,0,0,,,,,,,,,,,,서울신중초등학교,B100000768,서울특별시 서초구 서초동 1466-6번지,공립,단설,19360601,서울특별시교육청,http://sinjung.sen.es.kr,20230531,21.0,22.5,455,378,20230531,4,57,5,6,6,6,7,6,130,124,135,138,166,,1,5,36,833,1,3,0,0,20230531,10,,0,0.0,20230531,직영,3385,931,831091000,37.4801795,127.0093516,1165010800,서울시,19.8,17.4,서초구,23.0,20.9,20,135.0,162.0,
0,서초프라임헤센,73B㎡,서울시 서초구 서초동,1165010800,1756,서울시 서초구 사임당로20길 5,37.489678,127.020899,55,0,7,7,198,36,53,신한종합건설(주),HT001,73.95,59.06,80,3,2,25,계단식,,,,,,,,,,,,,,"7억 5,000",,,,,서울서이초등학교,B100000762,서울특별시 서초구 서초동 1334-2번지(서운로 85),공립,단설,19831203,서울특별시교육청,http://seo2.sen.es.kr,20230531,19.7,30.3,672,753,20230531,6,66,9,8,8,7,8,7,239,266,238,205,252,,0,0,47,1425,2,4,0,0,20230531,0,,0,0.0,20230531,직영,3347,1430,1370646000,37.49120942,127.02595329,1165010800,서울시,19.8,17.4,서초구,23.0,20.9,7,225.0,0.0,
1,서초프라임헤센,76B1㎡,서울시 서초구 서초동,1165010800,1756,서울시 서초구 사임당로20길 5,37.489678,127.020899,55,0,7,7,198,36,53,신한종합건설(주),HT001,76.86,61.17,80,3,2,2,계단식,,,,,,,,,,,"16억 3,000",17억,,"7억 5,000",,,,,서울서이초등학교,B100000762,서울특별시 서초구 서초동 1334-2번지(서운로 85),공립,단설,19831203,서울특별시교육청,http://seo2.sen.es.kr,20230531,19.7,30.3,672,753,20230531,6,66,9,8,8,7,8,7,239,266,238,205,252,,0,0,47,1425,2,4,0,0,20230531,0,,0,0.0,20230531,직영,3347,1430,1370646000,37.49120942,127.02595329,1165010800,서울시,19.8,17.4,서초구,23.0,20.9,7,225.0,0.0,
2,서초프라임헤센,88A1㎡,서울시 서초구 서초동,1165010800,1756,서울시 서초구 사임당로20길 5,37.489678,127.020899,55,0,7,7,198,36,53,신한종합건설(주),HT001,88.96,71.11,80,3,2,2,계단식,,,,,,,,,,,,,,,,,,,서울서이초등학교,B100000762,서울특별시 서초구 서초동 1334-2번지(서운로 85),공립,단설,19831203,서울특별시교육청,http://seo2.sen.es.kr,20230531,19.7,30.3,672,753,20230531,6,66,9,8,8,7,8,7,239,266,238,205,252,,0,0,47,1425,2,4,0,0,20230531,0,,0,0.0,20230531,직영,3347,1430,1370646000,37.49120942,127.02595329,1165010800,서울시,19.8,17.4,서초구,23.0,20.9,7,225.0,0.0,
3,서초프라임헤센,91A,서울시 서초구 서초동,1165010800,1756,서울시 서초구 사임당로20길 5,37.489678,127.020899,55,0,7,7,198,36,53,신한종합건설(주),HT001,91.03,73.13,80,3,2,26,계단식,,,,,,,,,,,19억,20억,,9억,,5억/160,,5억/160,서울서이초등학교,B100000762,서울특별시 서초구 서초동 1334-2번지(서운로 85),공립,단설,19831203,서울특별시교육청,http://seo2.sen.es.kr,20230531,19.7,30.3,672,753,20230531,6,66,9,8,8,7,8,7,239,266,238,205,252,,0,0,47,1425,2,4,0,0,20230531,0,,0,0.0,20230531,직영,3347,1430,1370646000,37.49120942,127.02595329,1165010800,서울시,19.8,17.4,서초구,23.0,20.9,7,225.0,0.0,
0,서초프레스턴-1,247㎡,서울시 서초구 서초동,1165010800,1506-46,서울시 서초구 명달로22길 81,37.488292,127.007107,18,0,6,6,259,47,65,희훈종합건설(주),HT001,247.69,221.06,89,5,3,1,계단식,1906200,3175110,381240,887670,934416,778680,155736,,,,,,,,,,,,서울신중초등학교,B100000768,서울특별시 서초구 서초동 1466-6번지,공립,단설,19360601,서울특별시교육청,http://sinjung.sen.es.kr,20230531,21.0,22.5,455,378,20230531,4,57,5,6,6,6,7,6,130,124,135,138,166,,1,5,36,833,1,3,0,0,20230531,10,,0,0.0,20230531,직영,3385,931,831091000,37.4801795,127.0093516,1165010800,서울시,19.8,17.4,서초구,23.0,20.9,17,135.0,162.0,
1,서초프레스턴-1,258,서울시 서초구 서초동,1165010800,1506-46,서울시 서초구 명달로22길 81,37.488292,127.007107,18,0,6,6,259,47,65,희훈종합건설(주),HT001,258.73,244.42,94,5,3,17,계단식,2410200,3956310,482040,1064070,1909296,1591080,318216,,,,,29억,,22억,,10억/500,,10억/500,서울신중초등학교,B100000768,서울특별시 서초구 서초동 1466-6번지,공립,단설,19360601,서울특별시교육청,http://sinjung.sen.es.kr,20230531,21.0,22.5,455,378,20230531,4,57,5,6,6,6,7,6,130,124,135,138,166,,1,5,36,833,1,3,0,0,20230531,10,,0,0.0,20230531,직영,3385,931,831091000,37.4801795,127.0093516,1165010800,서울시,19.8,17.4,서초구,23.0,20.9,17,135.0,162.0,
0,서초프레스턴-2,154㎡,서울시 서초구 서초동,1165010800,1506-42,서울시 서초구 명달로22길 89,37.488426,127.007038,12,0,5,5,205,54,27,희훈종합건설(주),HT001,154.74,141.7,92,4,2,3,계단식,1620000,2731500,324000,787500,453600,378000,75600,,,,,,,,,,,,서울신중초등학교,B100000768,서울특별시 서초구 서초동 1466-6번지,공립,단설,19360601,서울특별시교육청,http://sinjung.sen.es.kr,20230531,21.0,22.5,455,378,20230531,4,57,5,6,6,6,7,6,130,124,135,138,166,,1,5,36,833,1,3,0,0,20230531,10,,0,0.0,20230531,직영,3385,931,831091000,37.4801795,127.0093516,1165010800,서울시,19.8,17.4,서초구,23.0,20.9,17,135.0,162.0,
1,서초프레스턴-2,157㎡,서울시 서초구 서초동,1165010800,1506-42,서울시 서초구 명달로22길 89,37.488426,127.007038,12,0,5,5,205,54,27,희훈종합건설(주),HT001,157.08,143.84,92,4,2,3,계단식,1661400,2795670,332280,801990,523152,435960,87192,,,,,,,,,,,,서울신중초등학교,B100000768,서울특별시 서초구 서초동 1466-6번지,공립,단설,19360601,서울특별시교육청,http://sinjung.sen.es.kr,20230531,21.0,22.5,455,378,20230531,4,57,5,6,6,6,7,6,130,124,135,138,166,,1,5,36,833,1,3,0,0,20230531,10,,0,0.0,20230531,직영,3385,931,831091000,37.4801795,127.0093516,1165010800,서울시,19.8,17.4,서초구,23.0,20.9,17,135.0,162.0,
2,서초프레스턴-2,162㎡,서울시 서초구 서초동,1165010800,1506-42,서울시 서초구 명달로22길 89,37.488426,127.007038,12,0,5,5,205,54,27,희훈종합건설(주),HT001,162.89,141.37,87,4,2,3,계단식,1643400,2767770,328680,795690,492912,410760,82152,,,,,,,,,,,,서울신중초등학교,B100000768,서울특별시 서초구 서초동 1466-6번지,공립,단설,19360601,서울특별시교육청,http://sinjung.sen.es.kr,20230531,21.0,22.5,455,378,20230531,4,57,5,6,6,6,7,6,130,124,135,138,166,,1,5,36,833,1,3,0,0,20230531,10,,0,0.0,20230531,직영,3385,931,831091000,37.4801795,127.0093516,1165010800,서울시,19.8,17.4,서초구,23.0,20.9,17,135.0,162.0,
3,서초프레스턴-2,201㎡,서울시 서초구 서초동,1165010800,1506-42,서울시 서초구 명달로22길 89,37.488426,127.007038,12,0,5,5,205,54,27,희훈종합건설(주),HT001,201.87,175.21,87,5,2,1,계단식,1819800,3041190,363960,857430,789264,657720,131544,,,,,,,,,,,,서울신중초등학교,B100000768,서울특별시 서초구 서초동 1466-6번지,공립,단설,19360601,서울특별시교육청,http://sinjung.sen.es.kr,20230531,21.0,22.5,455,378,20230531,4,57,5,6,6,6,7,6,130,124,135,138,166,,1,5,36,833,1,3,0,0,20230531,10,,0,0.0,20230531,직영,3385,931,831091000,37.4801795,127.0093516,1165010800,서울시,19.8,17.4,서초구,23.0,20.9,17,135.0,162.0,
4,서초프레스턴-2,205㎡,서울시 서초구 서초동,1165010800,1506-42,서울시 서초구 명달로22길 89,37.488426,127.007038,12,0,5,5,205,54,27,희훈종합건설(주),HT001,205.08,187.79,92,5,2,1,계단식,1890000,3150000,378000,882000,907200,756000,151200,,,,,27억,,,,,,,서울신중초등학교,B100000768,서울특별시 서초구 서초동 1466-6번지,공립,단설,19360601,서울특별시교육청,http://sinjung.sen.es.kr,20230531,21.0,22.5,455,378,20230531,4,57,5,6,6,6,7,6,130,124,135,138,166,,1,5,36,833,1,3,0,0,20230531,10,,0,0.0,20230531,직영,3385,931,831091000,37.4801795,127.0093516,1165010800,서울시,19.8,17.4,서초구,23.0,20.9,17,135.0,162.0,
5,서초프레스턴-2,207,서울시 서초구 서초동,1165010800,1506-42,서울시 서초구 명달로22길 89,37.488426,127.007038,12,0,5,5,205,54,27,희훈종합건설(주),HT001,207.9,190.38,92,5,2,1,계단식,1909800,3180690,381960,888930,940464,783720,156744,,,,,,,,,,,,서울신중초등학교,B100000768,서울특별시 서초구 서초동 1466-6번지,공립,단설,19360601,서울특별시교육청,http://sinjung.sen.es.kr,20230531,21.0,22.5,455,378,20230531,4,57,5,6,6,6,7,6,130,124,135,138,166,,1,5,36,833,1,3,0,0,20230531,10,,0,0.0,20230531,직영,3385,931,831091000,37.4801795,127.0093516,1165010800,서울시,19.8,17.4,서초구,23.0,20.9,17,135.0,162.0,
0,서초프레스티지,47I㎡,서울시 서초구 서초동,1165010800,1344-4,서울시 서초구 서운로11길 17,37.487489,127.027551,28,0,10,6,249,43,31,예미종합건설(주),HT001,47.85,42.68,89,1,1,1,계단식,362700,815130,72540,379890,0,0,0,,,,,,,,,,,,서울서일초등학교,B100000763,서울특별시 서초구 서초동 1436-8번지,공립,단설,19861016,서울특별시교육청,http://seoulseoil.sen.es.kr,20230531,20.3,20.8,266,232,20230531,4,33,3,4,4,4,4,4,72,79,88,78,93,,1,5,23,498,1,4,0,0,20230531,6,,0,0.0,20230531,직영,3377,558,615924000,37.48478772,127.02260429,1165010800,서울시,19.8,17.4,서초구,23.0,20.9,10,83.0,87.0,
1,서초프레스티지,48G㎡,서울시 서초구 서초동,1165010800,1344-4,서울시 서초구 서운로11길 17,37.487489,127.027551,28,0,10,6,249,43,31,예미종합건설(주),HT001,48.41,43.18,89,2,1,2,계단식,239400,580860,47880,293580,0,0,0,,,,"7억 8,000",8억,,,,,,,서울서일초등학교,B100000763,서울특별시 서초구 서초동 1436-8번지,공립,단설,19861016,서울특별시교육청,http://seoulseoil.sen.es.kr,20230531,20.3,20.8,266,232,20230531,4,33,3,4,4,4,4,4,72,79,88,78,93,,1,5,23,498,1,4,0,0,20230531,6,,0,0.0,20230531,직영,3377,558,615924000,37.48478772,127.02260429,1165010800,서울시,19.8,17.4,서초구,23.0,20.9,10,83.0,87.0,
2,서초프레스티지,55B㎡,서울시 서초구 서초동,1165010800,1344-4,서울시 서초구 서운로11길 17,37.487489,127.027551,28,0,10,6,249,43,31,예미종합건설(주),HT001,55.17,49.21,89,2,1,5,계단식,279000,656100,55800,321300,0,0,0,,,,,,,,,,,,서울서일초등학교,B100000763,서울특별시 서초구 서초동 1436-8번지,공립,단설,19861016,서울특별시교육청,http://seoulseoil.sen.es.kr,20230531,20.3,20.8,266,232,20230531,4,33,3,4,4,4,4,4,72,79,88,78,93,,1,5,23,498,1,4,0,0,20230531,6,,0,0.0,20230531,직영,3377,558,615924000,37.48478772,127.02260429,1165010800,서울시,19.8,17.4,서초구,23.0,20.9,10,83.0,87.0,
3,서초프레스티지,60E㎡,서울시 서초구 서초동,1165010800,1344-4,서울시 서초구 서운로11길 17,37.487489,127.027551,28,0,10,6,249,43,31,예미종합건설(주),HT001,60.94,54.36,89,2,1,1,계단식,333900,760410,66780,359730,0,0,0,,,,,,,,,,,,서울서일초등학교,B100000763,서울특별시 서초구 서초동 1436-8번지,공립,단설,19861016,서울특별시교육청,http://seoulseoil.sen.es.kr,20230531,20.3,20.8,266,232,20230531,4,33,3,4,4,4,4,4,72,79,88,78,93,,1,5,23,498,1,4,0,0,20230531,6,,0,0.0,20230531,직영,3377,558,615924000,37.48478772,127.02260429,1165010800,서울시,19.8,17.4,서초구,23.0,20.9,10,83.0,87.0,
4,서초프레스티지,61J㎡,서울시 서초구 서초동,1165010800,1344-4,서울시 서초구 서운로11길 17,37.487489,127.027551,28,0,10,6,249,43,31,예미종합건설(주),HT001,61.77,55.1,89,2,1,1,계단식,570150,1164240,114030,480060,0,0,0,,,,,,,,,,,,서울서일초등학교,B100000763,서울특별시 서초구 서초동 1436-8번지,공립,단설,19861016,서울특별시교육청,http://seoulseoil.sen.es.kr,20230531,20.3,20.8,266,232,20230531,4,33,3,4,4,4,4,4,72,79,88,78,93,,1,5,23,498,1,4,0,0,20230531,6,,0,0.0,20230531,직영,3377,558,615924000,37.48478772,127.02260429,1165010800,서울시,19.8,17.4,서초구,23.0,20.9,10,83.0,87.0,
5,서초프레스티지,62A㎡,서울시 서초구 서초동,1165010800,1344-4,서울시 서초구 서운로11길 17,37.487489,127.027551,28,0,10,6,249,43,31,예미종합건설(주),HT001,62.94,56.14,89,2,1,5,계단식,308700,712530,61740,342090,0,0,0,,,,,"10억 5,000",,,,,,,서울서일초등학교,B100000763,서울특별시 서초구 서초동 1436-8번지,공립,단설,19861016,서울특별시교육청,http://seoulseoil.sen.es.kr,20230531,20.3,20.8,266,232,20230531,4,33,3,4,4,4,4,4,72,79,88,78,93,,1,5,23,498,1,4,0,0,20230531,6,,0,0.0,20230531,직영,3377,558,615924000,37.48478772,127.02260429,1165010800,서울시,19.8,17.4,서초구,23.0,20.9,10,83.0,87.0,
6,서초프레스티지,62H㎡,서울시 서초구 서초동,1165010800,1344-4,서울시 서초구 서운로11길 17,37.487489,127.027551,28,0,10,6,249,43,31,예미종합건설(주),HT001,62.14,55.43,89,3,2,2,계단식,367200,823680,73440,383040,0,0,0,,,,,,,,,,,,서울서일초등학교,B100000763,서울특별시 서초구 서초동 1436-8번지,공립,단설,19861016,서울특별시교육청,http://seoulseoil.sen.es.kr,20230531,20.3,20.8,266,232,20230531,4,33,3,4,4,4,4,4,72,79,88,78,93,,1,5,23,498,1,4,0,0,20230531,6,,0,0.0,20230531,직영,3377,558,615924000,37.48478772,127.02260429,1165010800,서울시,19.8,17.4,서초구,23.0,20.9,10,83.0,87.0,
7,서초프레스티지,80F㎡,서울시 서초구 서초동,1165010800,1344-4,서울시 서초구 서운로11길 17,37.487489,127.027551,28,0,10,6,249,43,31,예미종합건설(주),HT001,80.08,71.43,89,3,2,1,계단식,576450,1174320,115290,482580,0,0,0,,,,,13억,,,,,,,서울서일초등학교,B100000763,서울특별시 서초구 서초동 1436-8번지,공립,단설,19861016,서울특별시교육청,http://seoulseoil.sen.es.kr,20230531,20.3,20.8,266,232,20230531,4,33,3,4,4,4,4,4,72,79,88,78,93,,1,5,23,498,1,4,0,0,20230531,6,,0,0.0,20230531,직영,3377,558,615924000,37.48478772,127.02260429,1165010800,서울시,19.8,17.4,서초구,23.0,20.9,10,83.0,87.0,
8,서초프레스티지,91C㎡,서울시 서초구 서초동,1165010800,1344-4,서울시 서초구 서운로11길 17,37.487489,127.027551,28,0,10,6,249,43,31,예미종합건설(주),HT001,91.08,81.24,89,3,2,5,계단식,578025,1176840,115605,483210,0,0,0,,,,,,,7억,,,,,서울서일초등학교,B100000763,서울특별시 서초구 서초동 1436-8번지,공립,단설,19861016,서울특별시교육청,http://seoulseoil.sen.es.kr,20230531,20.3,20.8,266,232,20230531,4,33,3,4,4,4,4,4,72,79,88,78,93,,1,5,23,498,1,4,0,0,20230531,6,,0,0.0,20230531,직영,3377,558,615924000,37.48478772,127.02260429,1165010800,서울시,19.8,17.4,서초구,23.0,20.9,10,83.0,87.0,
9,서초프레스티지,92D,서울시 서초구 서초동,1165010800,1344-4,서울시 서초구 서운로11길 17,37.487489,127.027551,28,0,10,6,249,43,31,예미종합건설(주),HT001,92.17,82.21,89,3,2,5,계단식,600075,1212120,120015,492030,0,0,0,,,,,,,,,,,,서울서일초등학교,B100000763,서울특별시 서초구 서초동 1436-8번지,공립,단설,19861016,서울특별시교육청,http://seoulseoil.sen.es.kr,20230531,20.3,20.8,266,232,20230531,4,33,3,4,4,4,4,4,72,79,88,78,93,,1,5,23,498,1,4,0,0,20230531,6,,0,0.0,20230531,직영,3377,558,615924000,37.48478772,127.02260429,1165010800,서울시,19.8,17.4,서초구,23.0,20.9,10,83.0,87.0,
0,서초한빛삼성,84㎡,서울시 서초구 서초동,1165010800,1509-1,서울시 서초구 서초대로40길 72,37.488406,127.007863,264,0,18,7,281,23,360,삼성중공업(주),HT001,84.96,59.52,70,2,2,84,계단식,1087200,1905660,217440,601020,0,0,0,,156006,160255,14억,"15억 5,000","6억 3,900","7억 5,000",4억/100,4억/150,4억/100,4억/150,서울신중초등학교,B100000768,서울특별시 서초구 서초동 1466-6번지,공립,단설,19360601,서울특별시교육청,http://sinjung.sen.es.kr,20230531,21.0,22.5,455,378,20230531,4,57,5,6,6,6,7,6,130,124,135,138,166,,1,5,36,833,1,3,0,0,20230531,10,,0,0.0,20230531,직영,3385,931,831091000,37.4801795,127.0093516,1165010800,서울시,19.8,17.4,서초구,23.0,20.9,16,135.0,162.0,
1,서초한빛삼성,126B㎡,서울시 서초구 서초동,1165010800,1509-1,서울시 서초구 서초대로40길 72,37.488406,127.007863,264,0,18,7,281,23,360,삼성중공업(주),HT001,126.22,99.09,79,4,2,70,계단식,1816200,3035610,363240,856170,783216,652680,130536,,259722,266796,"19억 9,500",22억,,,,,,,서울신중초등학교,B100000768,서울특별시 서초구 서초동 1466-6번지,공립,단설,19360601,서울특별시교육청,http://sinjung.sen.es.kr,20230531,21.0,22.5,455,378,20230531,4,57,5,6,6,6,7,6,130,124,135,138,166,,1,5,36,833,1,3,0,0,20230531,10,,0,0.0,20230531,직영,3385,931,831091000,37.4801795,127.0093516,1165010800,서울시,19.8,17.4,서초구,23.0,20.9,16,135.0,162.0,
2,서초한빛삼성,126A㎡,서울시 서초구 서초동,1165010800,1509-1,서울시 서초구 서초대로40길 72,37.488406,127.007863,264,0,18,7,281,23,360,삼성중공업(주),HT001,126.18,99.06,79,4,2,40,계단식,1816200,3035610,363240,856170,783216,652680,130536,,259643,266715,"18억 5,000",19억,,,,3억/300,,3억/300,서울신중초등학교,B100000768,서울특별시 서초구 서초동 1466-6번지,공립,단설,19360601,서울특별시교육청,http://sinjung.sen.es.kr,20230531,21.0,22.5,455,378,20230531,4,57,5,6,6,6,7,6,130,124,135,138,166,,1,5,36,833,1,3,0,0,20230531,10,,0,0.0,20230531,직영,3385,931,831091000,37.4801795,127.0093516,1165010800,서울시,19.8,17.4,서초구,23.0,20.9,16,135.0,162.0,
3,서초한빛삼성,140,서울시 서초구 서초동,1165010800,1509-1,서울시 서초구 서초대로40길 72,37.488406,127.007863,264,0,18,7,281,23,360,삼성중공업(주),HT001,140.87,110.59,79,4,2,70,계단식,1953000,3247650,390600,904050,1013040,844200,168840,,289864,297759,20억,22억,,,,,,,서울신중초등학교,B100000768,서울특별시 서초구 서초동 1466-6번지,공립,단설,19360601,서울특별시교육청,http://sinjung.sen.es.kr,20230531,21.0,22.5,455,378,20230531,4,57,5,6,6,6,7,6,130,124,135,138,166,,1,5,36,833,1,3,0,0,20230531,10,,0,0.0,20230531,직영,3385,931,831091000,37.4801795,127.0093516,1165010800,서울시,19.8,17.4,서초구,23.0,20.9,16,135.0,162.0,
0,서초한신,113A㎡,서울시 서초구 서초동,1165010800,1454-29,서울시 서초구 남부순환로323길 38-15,37.482482,127.013844,194,0,15,8,275,28,284,한신공영(주),HT001,113.63,84.99,75,3,2,66,계단식,1713600,2876580,342720,820260,610848,509040,101808,,220437,253348,"18억 5,000","18억 8,000",,"8억 4,000",,,,,서울신중초등학교,B100000768,서울특별시 서초구 서초동 1466-6번지,공립,단설,19360601,서울특별시교육청,http://sinjung.sen.es.kr,20230531,21.0,22.5,455,378,20230531,4,57,5,6,6,6,7,6,130,124,135,138,166,,1,5,36,833,1,3,0,0,20230531,10,,0,0.0,20230531,직영,3385,931,831091000,37.4801795,127.0093516,1165010800,서울시,19.8,17.4,서초구,23.0,20.9,9,135.0,162.0,
1,서초한신,114B㎡,서울시 서초구 서초동,1165010800,1454-29,서울시 서초구 남부순환로323길 38-15,37.482482,127.013844,194,0,15,8,275,28,284,한신공영(주),HT001,114.71,85,74,3,2,8,계단식,1665000,2801250,333000,803250,529200,441000,88200,,220463,253378,,,,"8억 3,000",,,,,서울신중초등학교,B100000768,서울특별시 서초구 서초동 1466-6번지,공립,단설,19360601,서울특별시교육청,http://sinjung.sen.es.kr,20230531,21.0,22.5,455,378,20230531,4,57,5,6,6,6,7,6,130,124,135,138,166,,1,5,36,833,1,3,0,0,20230531,10,,0,0.0,20230531,직영,3385,931,831091000,37.4801795,127.0093516,1165010800,서울시,19.8,17.4,서초구,23.0,20.9,9,135.0,162.0,
2,서초한신,115C㎡,서울시 서초구 서초동,1165010800,1454-29,서울시 서초구 남부순환로323길 38-15,37.482482,127.013844,194,0,15,8,275,28,284,한신공영(주),HT001,115.12,85,74,3,2,15,계단식,1665000,2801250,333000,803250,529200,441000,88200,,220463,253378,,"18억 5,000",,,,,,,서울신중초등학교,B100000768,서울특별시 서초구 서초동 1466-6번지,공립,단설,19360601,서울특별시교육청,http://sinjung.sen.es.kr,20230531,21.0,22.5,455,378,20230531,4,57,5,6,6,6,7,6,130,124,135,138,166,,1,5,36,833,1,3,0,0,20230531,10,,0,0.0,20230531,직영,3385,931,831091000,37.4801795,127.0093516,1165010800,서울시,19.8,17.4,서초구,23.0,20.9,9,135.0,162.0,
3,서초한신,130A㎡,서울시 서초구 서초동,1165010800,1454-29,서울시 서초구 남부순환로323길 38-15,37.482482,127.013844,194,0,15,8,275,28,284,한신공영(주),HT001,130.37,95.88,74,3,2,13,계단식,1895400,3158370,379080,883890,916272,763560,152712,,248682,285810,,"18억 5,000",,10억,,,,,서울신중초등학교,B100000768,서울특별시 서초구 서초동 1466-6번지,공립,단설,19360601,서울특별시교육청,http://sinjung.sen.es.kr,20230531,21.0,22.5,455,378,20230531,4,57,5,6,6,6,7,6,130,124,135,138,166,,1,5,36,833,1,3,0,0,20230531,10,,0,0.0,20230531,직영,3385,931,831091000,37.4801795,127.0093516,1165010800,서울시,19.8,17.4,서초구,23.0,20.9,9,135.0,162.0,
4,서초한신,130B㎡,서울시 서초구 서초동,1165010800,1454-29,서울시 서초구 남부순환로323길 38-15,37.482482,127.013844,194,0,15,8,275,28,284,한신공영(주),HT001,130.16,95.86,74,3,2,10,계단식,1895400,3158370,379080,883890,916272,763560,152712,,248631,285750,"18억 5,000",19억,,,,,,,서울신중초등학교,B100000768,서울특별시 서초구 서초동 1466-6번지,공립,단설,19360601,서울특별시교육청,http://sinjung.sen.es.kr,20230531,21.0,22.5,455,378,20230531,4,57,5,6,6,6,7,6,130,124,135,138,166,,1,5,36,833,1,3,0,0,20230531,10,,0,0.0,20230531,직영,3385,931,831091000,37.4801795,127.0093516,1165010800,서울시,19.8,17.4,서초구,23.0,20.9,9,135.0,162.0,
5,서초한신,147,서울시 서초구 서초동,1165010800,1454-29,서울시 서초구 남부순환로323길 38-15,37.482482,127.013844,194,0,15,8,275,28,284,한신공영(주),HT001,147.27,115.3,78,4,2,82,계단식,2001600,3322980,400320,921060,1094688,912240,182448,,299052,343699,22억,"23억 5,000",,,,"5,000/400",,"5,000/400",서울신중초등학교,B100000768,서울특별시 서초구 서초동 1466-6번지,공립,단설,19360601,서울특별시교육청,http://sinjung.sen.es.kr,20230531,21.0,22.5,455,378,20230531,4,57,5,6,6,6,7,6,130,124,135,138,166,,1,5,36,833,1,3,0,0,20230531,10,,0,0.0,20230531,직영,3385,931,831091000,37.4801795,127.0093516,1165010800,서울시,19.8,17.4,서초구,23.0,20.9,9,135.0,162.0,
0,서초한신리빙타워(주상복합),56㎡,서울시 서초구 서초동,1165010800,1533,서울시 서초구 효령로 237,37.484063,127.009956,103,0,19,10,375,36,163,한신공영(주),HT001,56.21,42.55,76,1,1,30,복도식,141300,394470,28260,224910,0,0,0,,,,,,"2억 7,000",4억,,"1억 8,000/36",,"1억 8,000/36",서울신중초등학교,B100000768,서울특별시 서초구 서초동 1466-6번지,공립,단설,19360601,서울특별시교육청,http://sinjung.sen.es.kr,20230531,21.0,22.5,455,378,20230531,4,57,5,6,6,6,7,6,130,124,135,138,166,,1,5,36,833,1,3,0,0,20230531,10,,0,0.0,20230531,직영,3385,931,831091000,37.4801795,127.0093516,1165010800,서울시,19.8,17.4,서초구,23.0,20.9,8,135.0,162.0,
1,서초한신리빙타워(주상복합),63㎡,서울시 서초구 서초동,1165010800,1533,서울시 서초구 효령로 237,37.484063,127.009956,103,0,19,10,375,36,163,한신공영(주),HT001,63.24,47.87,76,1,1,17,복도식,158400,426960,31680,236880,0,0,0,,,,"7억 5,000","7억 6,000",,,,,,,서울신중초등학교,B100000768,서울특별시 서초구 서초동 1466-6번지,공립,단설,19360601,서울특별시교육청,http://sinjung.sen.es.kr,20230531,21.0,22.5,455,378,20230531,4,57,5,6,6,6,7,6,130,124,135,138,166,,1,5,36,833,1,3,0,0,20230531,10,,0,0.0,20230531,직영,3385,931,831091000,37.4801795,127.0093516,1165010800,서울시,19.8,17.4,서초구,23.0,20.9,8,135.0,162.0,
2,서초한신리빙타워(주상복합),112㎡,서울시 서초구 서초동,1165010800,1533,서울시 서초구 효령로 237,37.484063,127.009956,103,0,19,10,375,36,163,한신공영(주),HT001,112.11,84.86,76,3,2,30,계단식,1216800,2106540,243360,646380,0,0,0,,,,16억,20억,,,,,,,서울신중초등학교,B100000768,서울특별시 서초구 서초동 1466-6번지,공립,단설,19360601,서울특별시교육청,http://sinjung.sen.es.kr,20230531,21.0,22.5,455,378,20230531,4,57,5,6,6,6,7,6,130,124,135,138,166,,1,5,36,833,1,3,0,0,20230531,10,,0,0.0,20230531,직영,3385,931,831091000,37.4801795,127.0093516,1165010800,서울시,19.8,17.4,서초구,23.0,20.9,8,135.0,162.0,
3,서초한신리빙타워(주상복합),166,서울시 서초구 서초동,1165010800,1533,서울시 서초구 효령로 237,37.484063,127.009956,103,0,19,10,375,36,163,한신공영(주),HT001,166.85,126.29,76,4,2,26,복도식,1427400,2432970,285480,720090,130032,108360,21672,,,,23억,25억,,,,,,,서울신중초등학교,B100000768,서울특별시 서초구 서초동 1466-6번지,공립,단설,19360601,서울특별시교육청,http://sinjung.sen.es.kr,20230531,21.0,22.5,455,378,20230531,4,57,5,6,6,6,7,6,130,124,135,138,166,,1,5,36,833,1,3,0,0,20230531,10,,0,0.0,20230531,직영,3385,931,831091000,37.4801795,127.0093516,1165010800,서울시,19.8,17.4,서초구,23.0,20.9,8,135.0,162.0,
0,서초한양수자인,75A㎡,서울시 서초구 서초동,1165010800,1344-2,서울시 서초구 서운로11길 23,37.487442,127.02737,24,0,11,11,248,39,27,네오탑종합건설(주),HT001,75.34,61.03,81,2,1,1,계단식,379800,847620,75960,391860,0,0,0,,,,,,,,,,,,서울서일초등학교,B100000763,서울특별시 서초구 서초동 1436-8번지,공립,단설,19861016,서울특별시교육청,http://seoulseoil.sen.es.kr,20230531,20.3,20.8,266,232,20230531,4,33,3,4,4,4,4,4,72,79,88,78,93,,1,5,23,498,1,4,0,0,20230531,6,,0,0.0,20230531,직영,3377,558,615924000,37.48478772,127.02260429,1165010800,서울시,19.8,17.4,서초구,23.0,20.9,10,83.0,87.0,
1,서초한양수자인,90B㎡,서울시 서초구 서초동,1165010800,1344-2,서울시 서초구 서운로11길 23,37.487442,127.02737,24,0,11,11,248,39,27,네오탑종합건설(주),HT001,90.11,73.99,82,3,1,1,계단식,570150,1164240,114030,480060,0,0,0,,,,,,,,,,,,서울서일초등학교,B100000763,서울특별시 서초구 서초동 1436-8번지,공립,단설,19861016,서울특별시교육청,http://seoulseoil.sen.es.kr,20230531,20.3,20.8,266,232,20230531,4,33,3,4,4,4,4,4,72,79,88,78,93,,1,5,23,498,1,4,0,0,20230531,6,,0,0.0,20230531,직영,3377,558,615924000,37.48478772,127.02260429,1165010800,서울시,19.8,17.4,서초구,23.0,20.9,10,83.0,87.0,
2,서초한양수자인,102E㎡,서울시 서초구 서초동,1165010800,1344-2,서울시 서초구 서운로11길 23,37.487442,127.02737,24,0,11,11,248,39,27,네오탑종합건설(주),HT001,102.81,84.33,82,3,2,7,계단식,995400,1763370,199080,568890,0,0,0,,,,,,,,,,,,서울서일초등학교,B100000763,서울특별시 서초구 서초동 1436-8번지,공립,단설,19861016,서울특별시교육청,http://seoulseoil.sen.es.kr,20230531,20.3,20.8,266,232,20230531,4,33,3,4,4,4,4,4,72,79,88,78,93,,1,5,23,498,1,4,0,0,20230531,6,,0,0.0,20230531,직영,3377,558,615924000,37.48478772,127.02260429,1165010800,서울시,19.8,17.4,서초구,23.0,20.9,10,83.0,87.0,
3,서초한양수자인,102D㎡,서울시 서초구 서초동,1165010800,1344-2,서울시 서초구 서운로11길 23,37.487442,127.02737,24,0,11,11,248,39,27,네오탑종합건설(주),HT001,102.73,84.32,82,3,2,6,계단식,995400,1763370,199080,568890,0,0,0,,,,,14억,,,,,,,서울서일초등학교,B100000763,서울특별시 서초구 서초동 1436-8번지,공립,단설,19861016,서울특별시교육청,http://seoulseoil.sen.es.kr,20230531,20.3,20.8,266,232,20230531,4,33,3,4,4,4,4,4,72,79,88,78,93,,1,5,23,498,1,4,0,0,20230531,6,,0,0.0,20230531,직영,3377,558,615924000,37.48478772,127.02260429,1165010800,서울시,19.8,17.4,서초구,23.0,20.9,10,83.0,87.0,
4,서초한양수자인,103C,서울시 서초구 서초동,1165010800,1344-2,서울시 서초구 서운로11길 23,37.487442,127.02737,24,0,11,11,248,39,27,네오탑종합건설(주),HT001,103.08,84.88,82,3,2,9,계단식,995400,1763370,199080,568890,0,0,0,,,,13억,"15억 6,000","8억 5,000","8억 6,000",,,,,서울서일초등학교,B100000763,서울특별시 서초구 서초동 1436-8번지,공립,단설,19861016,서울특별시교육청,http://seoulseoil.sen.es.kr,20230531,20.3,20.8,266,232,20230531,4,33,3,4,4,4,4,4,72,79,88,78,93,,1,5,23,498,1,4,0,0,20230531,6,,0,0.0,20230531,직영,3377,558,615924000,37.48478772,127.02260429,1165010800,서울시,19.8,17.4,서초구,23.0,20.9,10,83.0,87.0,
0,서초한일,76㎡,서울시 서초구 서초동,1165010800,1636-1,서울시 서초구 서초대로64길 31,37.49433,127.02118,86,0,11,10,360,45,96,한일건설(주),HT001,76.82,59.96,78,3,1,32,계단식,458325,985320,91665,435330,0,0,0,,,,14억,"14억 5,000",,"6억 5,000",4억/100,5억/60,4억/100,5억/60,서울서초초등학교,B100000764,서울특별시 서초구 서초동 1310-6,공립,단설,19801004,서울특별시교육청,http://seocho.sen.es.kr,20230531,25.3,27.8,531,496,20230531,7,52,5,6,6,6,6,7,144,164,172,173,172,,1,5,36,1027,1,2,0,0,20230531,15,,0,0.0,20230531,직영,3385,1084,1057499000,37.49924318,127.02411499,1165010800,서울시,19.8,17.4,서초구,23.0,20.9,12,197.0,166.0,
1,서초한일,108,서울시 서초구 서초동,1165010800,1636-1,서울시 서초구 서초대로64길 31,37.49433,127.02118,86,0,11,10,360,45,96,한일건설(주),HT001,108.87,84.98,78,3,2,54,계단식,765450,1476720,153090,558180,0,0,0,,,,,17억,,,,,,,서울서초초등학교,B100000764,서울특별시 서초구 서초동 1310-6,공립,단설,19801004,서울특별시교육청,http://seocho.sen.es.kr,20230531,25.3,27.8,531,496,20230531,7,52,5,6,6,6,6,7,144,164,172,173,172,,1,5,36,1027,1,2,0,0,20230531,15,,0,0.0,20230531,직영,3385,1084,1057499000,37.49924318,127.02411499,1165010800,서울시,19.8,17.4,서초구,23.0,20.9,12,197.0,166.0,
0,서초한일유앤아이(주상복합),109A㎡,서울시 서초구 서초동,1165010800,1303-10,서울시 서초구 사평대로56길 7,37.50325,127.02341,60,0,13,13,541,59,101,주식회사한일건설,HT001,109.36,84.7,77,3,2,20,계단식,,,,,,,,,,,,,,,,,,,서울서초초등학교,B100000764,서울특별시 서초구 서초동 1310-6,공립,단설,19801004,서울특별시교육청,http://seocho.sen.es.kr,20230531,25.3,27.8,531,496,20230531,7,52,5,6,6,6,6,7,144,164,172,173,172,,1,5,36,1027,1,2,0,0,20230531,15,,0,0.0,20230531,직영,3385,1084,1057499000,37.49924318,127.02411499,1165010800,서울시,19.8,17.4,서초구,23.0,20.9,8,197.0,166.0,
1,서초한일유앤아이(주상복합),109B㎡,서울시 서초구 서초동,1165010800,1303-10,서울시 서초구 사평대로56길 7,37.50325,127.02341,60,0,13,13,541,59,101,주식회사한일건설,HT001,109.6,84.89,77,3,2,20,계단식,,,,,,,,,,,12억,"12억 2,000",,,,,,,서울서초초등학교,B100000764,서울특별시 서초구 서초동 1310-6,공립,단설,19801004,서울특별시교육청,http://seocho.sen.es.kr,20230531,25.3,27.8,531,496,20230531,7,52,5,6,6,6,6,7,144,164,172,173,172,,1,5,36,1027,1,2,0,0,20230531,15,,0,0.0,20230531,직영,3385,1084,1057499000,37.49924318,127.02411499,1165010800,서울시,19.8,17.4,서초구,23.0,20.9,8,197.0,166.0,
2,서초한일유앤아이(주상복합),124,서울시 서초구 서초동,1165010800,1303-10,서울시 서초구 사평대로56길 7,37.50325,127.02341,60,0,13,13,541,59,101,주식회사한일건설,HT001,124.79,96.65,77,3,2,20,계단식,,,,,,,,,,,14억,"14억 5,000",,"7억 5,000",,,,,서울서초초등학교,B100000764,서울특별시 서초구 서초동 1310-6,공립,단설,19801004,서울특별시교육청,http://seocho.sen.es.kr,20230531,25.3,27.8,531,496,20230531,7,52,5,6,6,6,6,7,144,164,172,173,172,,1,5,36,1027,1,2,0,0,20230531,15,,0,0.0,20230531,직영,3385,1084,1057499000,37.49924318,127.02411499,1165010800,서울시,19.8,17.4,서초구,23.0,20.9,8,197.0,166.0,
0,서초현대,72㎡,서울시 서초구 서초동,1165010800,1648-2,서울시 서초구 사임당로19길 10,37.491021,127.019951,299,0,16,8,306,26,352,고려산업개발(주),HT005,72.72,53.01,73,2,1,60,복도식,782775,1504440,156555,565110,0,0,0,,250929,188691,12억,"12억 6,000",,,,,,,서울서이초등학교,B100000762,서울특별시 서초구 서초동 1334-2번지(서운로 85),공립,단설,19831203,서울특별시교육청,http://seo2.sen.es.kr,20230531,19.7,30.3,672,753,20230531,6,66,9,8,8,7,8,7,239,266,238,205,252,,0,0,47,1425,2,4,0,0,20230531,0,,0,0.0,20230531,직영,3347,1430,1370646000,37.49120942,127.02595329,1165010800,서울시,19.8,17.4,서초구,23.0,20.9,9,225.0,0.0,
1,서초현대,75A㎡,서울시 서초구 서초동,1165010800,1648-2,서울시 서초구 사임당로19길 10,37.491021,127.019951,299,0,16,8,306,26,352,고려산업개발(주),HT005,75.02,54.45,73,2,1,45,복도식,1040400,1833120,208080,584640,0,0,0,,257745,193817,,"12억 5,000",,"6억 7,000",,,,,서울서이초등학교,B100000762,서울특별시 서초구 서초동 1334-2번지(서운로 85),공립,단설,19831203,서울특별시교육청,http://seo2.sen.es.kr,20230531,19.7,30.3,672,753,20230531,6,66,9,8,8,7,8,7,239,266,238,205,252,,0,0,47,1425,2,4,0,0,20230531,0,,0,0.0,20230531,직영,3347,1430,1370646000,37.49120942,127.02595329,1165010800,서울시,19.8,17.4,서초구,23.0,20.9,9,225.0,0.0,
2,서초현대,77B㎡,서울시 서초구 서초동,1165010800,1648-2,서울시 서초구 사임당로19길 10,37.491021,127.019951,299,0,16,8,306,26,352,고려산업개발(주),HT005,77.01,59.4,77,2,1,15,계단식,1141200,1989360,228240,619920,0,0,0,,281176,211437,,,,"7억 1,000",,"3억 1,000/160",,"3억 1,000/160",서울서이초등학교,B100000762,서울특별시 서초구 서초동 1334-2번지(서운로 85),공립,단설,19831203,서울특별시교육청,http://seo2.sen.es.kr,20230531,19.7,30.3,672,753,20230531,6,66,9,8,8,7,8,7,239,266,238,205,252,,0,0,47,1425,2,4,0,0,20230531,0,,0,0.0,20230531,직영,3347,1430,1370646000,37.49120942,127.02595329,1165010800,서울시,19.8,17.4,서초구,23.0,20.9,9,225.0,0.0,
3,서초현대,87㎡,서울시 서초구 서초동,1165010800,1648-2,서울시 서초구 사임당로19길 10,37.491021,127.019951,299,0,16,8,306,26,352,고려산업개발(주),HT005,87.41,63.45,73,2,1,8,복도식,1173600,2039580,234720,631260,0,0,0,,300347,225852,,,,,,,,,서울서이초등학교,B100000762,서울특별시 서초구 서초동 1334-2번지(서운로 85),공립,단설,19831203,서울특별시교육청,http://seo2.sen.es.kr,20230531,19.7,30.3,672,753,20230531,6,66,9,8,8,7,8,7,239,266,238,205,252,,0,0,47,1425,2,4,0,0,20230531,0,,0,0.0,20230531,직영,3347,1430,1370646000,37.49120942,127.02595329,1165010800,서울시,19.8,17.4,서초구,23.0,20.9,9,225.0,0.0,
4,서초현대,110A㎡,서울시 서초구 서초동,1165010800,1648-2,서울시 서초구 사임당로19길 10,37.491021,127.019951,299,0,16,8,306,26,352,고려산업개발(주),HT005,110.36,84.78,77,3,2,64,계단식,1715400,2879370,343080,820890,613872,511560,102312,,401315,301777,,17억,,,,,,,서울서이초등학교,B100000762,서울특별시 서초구 서초동 1334-2번지(서운로 85),공립,단설,19831203,서울특별시교육청,http://seo2.sen.es.kr,20230531,19.7,30.3,672,753,20230531,6,66,9,8,8,7,8,7,239,266,238,205,252,,0,0,47,1425,2,4,0,0,20230531,0,,0,0.0,20230531,직영,3347,1430,1370646000,37.49120942,127.02595329,1165010800,서울시,19.8,17.4,서초구,23.0,20.9,9,225.0,0.0,
5,서초현대,110B㎡,서울시 서초구 서초동,1165010800,1648-2,서울시 서초구 사임당로19길 10,37.491021,127.019951,299,0,16,8,306,26,352,고려산업개발(주),HT005,110.42,84.81,77,3,2,16,계단식,1614600,2723130,322920,785610,444528,370440,74088,,401457,301884,,18억,,,,,,,서울서이초등학교,B100000762,서울특별시 서초구 서초동 1334-2번지(서운로 85),공립,단설,19831203,서울특별시교육청,http://seo2.sen.es.kr,20230531,19.7,30.3,672,753,20230531,6,66,9,8,8,7,8,7,239,266,238,205,252,,0,0,47,1425,2,4,0,0,20230531,0,,0,0.0,20230531,직영,3347,1430,1370646000,37.49120942,127.02595329,1165010800,서울시,19.8,17.4,서초구,23.0,20.9,9,225.0,0.0,
6,서초현대,110C㎡,서울시 서초구 서초동,1165010800,1648-2,서울시 서초구 사임당로19길 10,37.491021,127.019951,299,0,16,8,306,26,352,고려산업개발(주),HT005,110.23,84.69,77,3,2,16,계단식,1614600,2723130,322920,785610,444528,370440,74088,,400889,301457,,,,,,,,,서울서이초등학교,B100000762,서울특별시 서초구 서초동 1334-2번지(서운로 85),공립,단설,19831203,서울특별시교육청,http://seo2.sen.es.kr,20230531,19.7,30.3,672,753,20230531,6,66,9,8,8,7,8,7,239,266,238,205,252,,0,0,47,1425,2,4,0,0,20230531,0,,0,0.0,20230531,직영,3347,1430,1370646000,37.49120942,127.02595329,1165010800,서울시,19.8,17.4,서초구,23.0,20.9,9,225.0,0.0,
7,서초현대,110D㎡,서울시 서초구 서초동,1165010800,1648-2,서울시 서초구 사임당로19길 10,37.491021,127.019951,299,0,16,8,306,26,352,고려산업개발(주),HT005,110.64,84.99,77,3,2,1,계단식,1537200,2603160,307440,758520,314496,262080,52416,,402309,302524,,20억,,,,,,,서울서이초등학교,B100000762,서울특별시 서초구 서초동 1334-2번지(서운로 85),공립,단설,19831203,서울특별시교육청,http://seo2.sen.es.kr,20230531,19.7,30.3,672,753,20230531,6,66,9,8,8,7,8,7,239,266,238,205,252,,0,0,47,1425,2,4,0,0,20230531,0,,0,0.0,20230531,직영,3347,1430,1370646000,37.49120942,127.02595329,1165010800,서울시,19.8,17.4,서초구,23.0,20.9,9,225.0,0.0,
8,서초현대,144,서울시 서초구 서초동,1165010800,1648-2,서울시 서초구 사임당로19길 10,37.491021,127.019951,299,0,16,8,306,26,352,고려산업개발(주),HT005,144.29,114.84,80,4,2,74,계단식,2017800,3348090,403560,926730,1121904,934920,186984,,543607,408777,20억,"23억 8,000",,,6억/200,7억/180,6억/200,7억/180,서울서이초등학교,B100000762,서울특별시 서초구 서초동 1334-2번지(서운로 85),공립,단설,19831203,서울특별시교육청,http://seo2.sen.es.kr,20230531,19.7,30.3,672,753,20230531,6,66,9,8,8,7,8,7,239,266,238,205,252,,0,0,47,1425,2,4,0,0,20230531,0,,0,0.0,20230531,직영,3347,1430,1370646000,37.49120942,127.02595329,1165010800,서울시,19.8,17.4,서초구,23.0,20.9,9,225.0,0.0,
0,서초현대3차,101A㎡,서울시 서초구 서초동,1165010800,1644,서울시 서초구 사임당로23길 58,37.492799,127.021421,96,0,13,8,262,30,99,현대산업개발(주),HT005,101.21,83.25,82,3,2,13,계단식,1353600,2318580,270720,694260,6048,5040,1008,,,,,17억,,,,,,,서울서이초등학교,B100000762,서울특별시 서초구 서초동 1334-2번지(서운로 85),공립,단설,19831203,서울특별시교육청,http://seo2.sen.es.kr,20230531,19.7,30.3,672,753,20230531,6,66,9,8,8,7,8,7,239,266,238,205,252,,0,0,47,1425,2,4,0,0,20230531,0,,0,0.0,20230531,직영,3347,1430,1370646000,37.49120942,127.02595329,1165010800,서울시,19.8,17.4,서초구,23.0,20.9,8,225.0,0.0,
1,서초현대3차,102C㎡,서울시 서초구 서초동,1165010800,1644,서울시 서초구 사임당로23길 58,37.492799,127.021421,96,0,13,8,262,30,99,현대산업개발(주),HT005,102.63,84.49,82,3,2,57,계단식,1353600,2318580,270720,694260,6048,5040,1008,,,,,17억,,,,,,,서울서이초등학교,B100000762,서울특별시 서초구 서초동 1334-2번지(서운로 85),공립,단설,19831203,서울특별시교육청,http://seo2.sen.es.kr,20230531,19.7,30.3,672,753,20230531,6,66,9,8,8,7,8,7,239,266,238,205,252,,0,0,47,1425,2,4,0,0,20230531,0,,0,0.0,20230531,직영,3347,1430,1370646000,37.49120942,127.02595329,1165010800,서울시,19.8,17.4,서초구,23.0,20.9,8,225.0,0.0,
2,서초현대3차,102B,서울시 서초구 서초동,1165010800,1644,서울시 서초구 사임당로23길 58,37.492799,127.021421,96,0,13,8,262,30,99,현대산업개발(주),HT005,102.16,84.04,82,3,2,26,계단식,1353600,2318580,270720,694260,6048,5040,1008,,,,,,,,,,,,서울서이초등학교,B100000762,서울특별시 서초구 서초동 1334-2번지(서운로 85),공립,단설,19831203,서울특별시교육청,http://seo2.sen.es.kr,20230531,19.7,30.3,672,753,20230531,6,66,9,8,8,7,8,7,239,266,238,205,252,,0,0,47,1425,2,4,0,0,20230531,0,,0,0.0,20230531,직영,3347,1430,1370646000,37.49120942,127.02595329,1165010800,서울시,19.8,17.4,서초구,23.0,20.9,8,225.0,0.0,
0,서초현대4차,67B㎡,서울시 서초구 서초동,1165010800,1684,서울시 서초구 고무래로 94,37.500145,127.017344,160,0,18,9,296,24,238,현대산업개발(주),HT005,67.04,52.36,78,1,1,10,복도식,729225,1418760,145845,543690,0,0,0,,294935,218960,,"12억 3,000",,,,,,,서울원명초등학교,B100000779,서울특별시 서초구 서초동 1685-1번지,공립,단설,19890704,서울특별시교육청,http://wonmyong.sen.es.kr,20230531,25.9,27.3,635,540,20230531,8,71,7,6,7,8,8,7,175,183,206,208,204,,0,0,43,1175,3,2,0,0,20230531,15,,0,0.0,20230531,직영,3347,1386,1232065000,37.50050946,127.01679619,1165010800,서울시,19.8,17.4,서초구,23.0,20.9,2,199.0,223.0,
1,서초현대4차,67A㎡,서울시 서초구 서초동,1165010800,1684,서울시 서초구 고무래로 94,37.500145,127.017344,160,0,18,9,296,24,238,현대산업개발(주),HT005,67.04,52.36,78,1,1,9,복도식,729225,1418760,145845,543690,0,0,0,,294935,218960,,"12억 5,000",,"5억 4,000",,,,,서울원명초등학교,B100000779,서울특별시 서초구 서초동 1685-1번지,공립,단설,19890704,서울특별시교육청,http://wonmyong.sen.es.kr,20230531,25.9,27.3,635,540,20230531,8,71,7,6,7,8,8,7,175,183,206,208,204,,0,0,43,1175,3,2,0,0,20230531,15,,0,0.0,20230531,직영,3347,1386,1232065000,37.50050946,127.01679619,1165010800,서울시,19.8,17.4,서초구,23.0,20.9,2,199.0,223.0,
2,서초현대4차,70㎡,서울시 서초구 서초동,1165010800,1684,서울시 서초구 고무래로 94,37.500145,127.017344,160,0,18,9,296,24,238,현대산업개발(주),HT005,70.63,55.17,78,1,1,1,계단식,598500,1209600,119700,491400,0,0,0,,310763,230711,,,,,,,,,서울원명초등학교,B100000779,서울특별시 서초구 서초동 1685-1번지,공립,단설,19890704,서울특별시교육청,http://wonmyong.sen.es.kr,20230531,25.9,27.3,635,540,20230531,8,71,7,6,7,8,8,7,175,183,206,208,204,,0,0,43,1175,3,2,0,0,20230531,15,,0,0.0,20230531,직영,3347,1386,1232065000,37.50050946,127.01679619,1165010800,서울시,19.8,17.4,서초구,23.0,20.9,2,199.0,223.0,
3,서초현대4차,79㎡,서울시 서초구 서초동,1165010800,1684,서울시 서초구 고무래로 94,37.500145,127.017344,160,0,18,9,296,24,238,현대산업개발(주),HT005,79.07,64.26,81,3,1,14,복도식,1184400,2056320,236880,635040,0,0,0,,361965,268724,16억,18억,,,,,,,서울원명초등학교,B100000779,서울특별시 서초구 서초동 1685-1번지,공립,단설,19890704,서울특별시교육청,http://wonmyong.sen.es.kr,20230531,25.9,27.3,635,540,20230531,8,71,7,6,7,8,8,7,175,183,206,208,204,,0,0,43,1175,3,2,0,0,20230531,15,,0,0.0,20230531,직영,3347,1386,1232065000,37.50050946,127.01679619,1165010800,서울시,19.8,17.4,서초구,23.0,20.9,2,199.0,223.0,
4,서초현대4차,83㎡,서울시 서초구 서초동,1165010800,1684,서울시 서초구 고무래로 94,37.500145,127.017344,160,0,18,9,296,24,238,현대산업개발(주),HT005,83.45,67.83,81,2,1,1,복도식,1229400,2126070,245880,650790,0,0,0,,382074,283653,,,,,,,,,서울원명초등학교,B100000779,서울특별시 서초구 서초동 1685-1번지,공립,단설,19890704,서울특별시교육청,http://wonmyong.sen.es.kr,20230531,25.9,27.3,635,540,20230531,8,71,7,6,7,8,8,7,175,183,206,208,204,,0,0,43,1175,3,2,0,0,20230531,15,,0,0.0,20230531,직영,3347,1386,1232065000,37.50050946,127.01679619,1165010800,서울시,19.8,17.4,서초구,23.0,20.9,2,199.0,223.0,
5,서초현대4차,103㎡,서울시 서초구 서초동,1165010800,1684,서울시 서초구 고무래로 94,37.500145,127.017344,160,0,18,9,296,24,238,현대산업개발(주),HT005,103.75,84.33,81,3,2,1,복도식,1922400,3200220,384480,893340,961632,801360,160272,,475016,352653,,,,,,"4억 6,000/170",,"4억 6,000/170",서울원명초등학교,B100000779,서울특별시 서초구 서초동 1685-1번지,공립,단설,19890704,서울특별시교육청,http://wonmyong.sen.es.kr,20230531,25.9,27.3,635,540,20230531,8,71,7,6,7,8,8,7,175,183,206,208,204,,0,0,43,1175,3,2,0,0,20230531,15,,0,0.0,20230531,직영,3347,1386,1232065000,37.50050946,127.01679619,1165010800,서울시,19.8,17.4,서초구,23.0,20.9,2,199.0,223.0,
6,서초현대4차,104C㎡,서울시 서초구 서초동,1165010800,1684,서울시 서초구 고무래로 94,37.500145,127.017344,160,0,18,9,296,24,238,현대산업개발(주),HT005,104.52,84.96,81,3,2,25,복합식,1953000,3247650,390600,904050,1013040,844200,168840,,478564,355288,,"18억 5,000",,,,"4억 6,000/170",,"4억 6,000/170",서울원명초등학교,B100000779,서울특별시 서초구 서초동 1685-1번지,공립,단설,19890704,서울특별시교육청,http://wonmyong.sen.es.kr,20230531,25.9,27.3,635,540,20230531,8,71,7,6,7,8,8,7,175,183,206,208,204,,0,0,43,1175,3,2,0,0,20230531,15,,0,0.0,20230531,직영,3347,1386,1232065000,37.50050946,127.01679619,1165010800,서울시,19.8,17.4,서초구,23.0,20.9,2,199.0,223.0,
7,서초현대4차,104B㎡,서울시 서초구 서초동,1165010800,1684,서울시 서초구 고무래로 94,37.500145,127.017344,160,0,18,9,296,24,238,현대산업개발(주),HT005,104.3,84.78,81,3,2,1,복도식,1935000,3219750,387000,897750,982800,819000,163800,,477551,354535,,,,,,,,,서울원명초등학교,B100000779,서울특별시 서초구 서초동 1685-1번지,공립,단설,19890704,서울특별시교육청,http://wonmyong.sen.es.kr,20230531,25.9,27.3,635,540,20230531,8,71,7,6,7,8,8,7,175,183,206,208,204,,0,0,43,1175,3,2,0,0,20230531,15,,0,0.0,20230531,직영,3347,1386,1232065000,37.50050946,127.01679619,1165010800,서울시,19.8,17.4,서초구,23.0,20.9,2,199.0,223.0,
8,서초현대4차,107A㎡,서울시 서초구 서초동,1165010800,1684,서울시 서초구 고무래로 94,37.500145,127.017344,160,0,18,9,296,24,238,현대산업개발(주),HT005,107.25,84.99,79,3,2,17,복합식,2007000,3331350,401400,922950,1103760,919800,183960,,478733,355413,,20억,,,,,,,서울원명초등학교,B100000779,서울특별시 서초구 서초동 1685-1번지,공립,단설,19890704,서울특별시교육청,http://wonmyong.sen.es.kr,20230531,25.9,27.3,635,540,20230531,8,71,7,6,7,8,8,7,175,183,206,208,204,,0,0,43,1175,3,2,0,0,20230531,15,,0,0.0,20230531,직영,3347,1386,1232065000,37.50050946,127.01679619,1165010800,서울시,19.8,17.4,서초구,23.0,20.9,2,199.0,223.0,
9,서초현대4차,108B㎡,서울시 서초구 서초동,1165010800,1684,서울시 서초구 고무래로 94,37.500145,127.017344,160,0,18,9,296,24,238,현대산업개발(주),HT005,108.77,84.95,78,3,2,10,복합식,2007000,3331350,401400,922950,1103760,919800,183960,,478508,355246,20억,"20억 5,000",,,,,,,서울원명초등학교,B100000779,서울특별시 서초구 서초동 1685-1번지,공립,단설,19890704,서울특별시교육청,http://wonmyong.sen.es.kr,20230531,25.9,27.3,635,540,20230531,8,71,7,6,7,8,8,7,175,183,206,208,204,,0,0,43,1175,3,2,0,0,20230531,15,,0,0.0,20230531,직영,3347,1386,1232065000,37.50050946,127.01679619,1165010800,서울시,19.8,17.4,서초구,23.0,20.9,2,199.0,223.0,
10,서초현대4차,108A㎡,서울시 서초구 서초동,1165010800,1684,서울시 서초구 고무래로 94,37.500145,127.017344,160,0,18,9,296,24,238,현대산업개발(주),HT005,108.8,84.98,78,3,2,1,복합식,1935000,3219750,387000,897750,982800,819000,163800,,478677,355371,,,,,,,,,서울원명초등학교,B100000779,서울특별시 서초구 서초동 1685-1번지,공립,단설,19890704,서울특별시교육청,http://wonmyong.sen.es.kr,20230531,25.9,27.3,635,540,20230531,8,71,7,6,7,8,8,7,175,183,206,208,204,,0,0,43,1175,3,2,0,0,20230531,15,,0,0.0,20230531,직영,3347,1386,1232065000,37.50050946,127.01679619,1165010800,서울시,19.8,17.4,서초구,23.0,20.9,2,199.0,223.0,
11,서초현대4차,133㎡,서울시 서초구 서초동,1165010800,1684,서울시 서초구 고무래로 94,37.500145,127.017344,160,0,18,9,296,24,238,현대산업개발(주),HT005,133.44,105.75,79,3,2,1,계단식,1945800,3236490,389160,901530,1000944,834120,166824,,595671,442228,,,,,,,,,서울원명초등학교,B100000779,서울특별시 서초구 서초동 1685-1번지,공립,단설,19890704,서울특별시교육청,http://wonmyong.sen.es.kr,20230531,25.9,27.3,635,540,20230531,8,71,7,6,7,8,8,7,175,183,206,208,204,,0,0,43,1175,3,2,0,0,20230531,15,,0,0.0,20230531,직영,3347,1386,1232065000,37.50050946,127.01679619,1165010800,서울시,19.8,17.4,서초구,23.0,20.9,2,199.0,223.0,
12,서초현대4차,147㎡,서울시 서초구 서초동,1165010800,1684,서울시 서초구 고무래로 94,37.500145,127.017344,160,0,18,9,296,24,238,현대산업개발(주),HT005,147,116.49,79,4,2,16,계단식,2268000,3735900,453600,1014300,1556640,1297200,259440,,656167,487140,,,,,,,,,서울원명초등학교,B100000779,서울특별시 서초구 서초동 1685-1번지,공립,단설,19890704,서울특별시교육청,http://wonmyong.sen.es.kr,20230531,25.9,27.3,635,540,20230531,8,71,7,6,7,8,8,7,175,183,206,208,204,,0,0,43,1175,3,2,0,0,20230531,15,,0,0.0,20230531,직영,3347,1386,1232065000,37.50050946,127.01679619,1165010800,서울시,19.8,17.4,서초구,23.0,20.9,2,199.0,223.0,
13,서초현대4차,172,서울시 서초구 서초동,1165010800,1684,서울시 서초구 고무래로 94,37.500145,127.017344,160,0,18,9,296,24,238,현대산업개발(주),HT005,172.27,140.03,81,4,2,53,복합식,2469600,4048380,493920,1084860,2056608,1713840,342768,,788764,585581,"25억 3,000",28억,,,,,,,서울원명초등학교,B100000779,서울특별시 서초구 서초동 1685-1번지,공립,단설,19890704,서울특별시교육청,http://wonmyong.sen.es.kr,20230531,25.9,27.3,635,540,20230531,8,71,7,6,7,8,8,7,175,183,206,208,204,,0,0,43,1175,3,2,0,0,20230531,15,,0,0.0,20230531,직영,3347,1386,1232065000,37.50050946,127.01679619,1165010800,서울시,19.8,17.4,서초구,23.0,20.9,2,199.0,223.0,
0,서초현대리츠빌,201㎡,서울시 서초구 서초동,1165010800,1359,서울시 서초구 강남대로43길 51,37.486948,127.029751,44,0,14,11,297,28,118,상지건영주식회사,HT001,201.76,163.51,81,4,2,40,계단식,1972800,3278340,394560,910980,1046304,871920,174384,,,,26억,34억,18억,20억,2억/550,5억/350,2억/550,5억/350,서울서일초등학교,B100000763,서울특별시 서초구 서초동 1436-8번지,공립,단설,19861016,서울특별시교육청,http://seoulseoil.sen.es.kr,20230531,20.3,20.8,266,232,20230531,4,33,3,4,4,4,4,4,72,79,88,78,93,,1,5,23,498,1,4,0,0,20230531,6,,0,0.0,20230531,직영,3377,558,615924000,37.48478772,127.02260429,1165010800,서울시,19.8,17.4,서초구,23.0,20.9,15,83.0,87.0,
1,서초현대리츠빌,294,서울시 서초구 서초동,1165010800,1359,서울시 서초구 강남대로43길 51,37.486948,127.029751,44,0,14,11,297,28,118,상지건영주식회사,HT001,294.17,242.35,82,4,2,4,계단식,2606400,4260420,521280,1132740,2395872,1996560,399312,,,,,,,,,,,,서울서일초등학교,B100000763,서울특별시 서초구 서초동 1436-8번지,공립,단설,19861016,서울특별시교육청,http://seoulseoil.sen.es.kr,20230531,20.3,20.8,266,232,20230531,4,33,3,4,4,4,4,4,72,79,88,78,93,,1,5,23,498,1,4,0,0,20230531,6,,0,0.0,20230531,직영,3377,558,615924000,37.48478772,127.02260429,1165010800,서울시,19.8,17.4,서초구,23.0,20.9,15,83.0,87.0,
0,서초현대타워(주상복합),183㎡,서울시 서초구 서초동,1165010800,1319-13,서울시 서초구 강남대로 375,37.496403,127.02791,38,0,30,30,1051,52,148,현대건설(주),HT001,183.5,147.89,81,3,2,2,계단식,995400,1763370,199080,568890,0,0,0,,,,,,,,,,,,서울서이초등학교,B100000762,서울특별시 서초구 서초동 1334-2번지(서운로 85),공립,단설,19831203,서울특별시교육청,http://seo2.sen.es.kr,20230531,19.7,30.3,672,753,20230531,6,66,9,8,8,7,8,7,239,266,238,205,252,,0,0,47,1425,2,4,0,0,20230531,0,,0,0.0,20230531,직영,3347,1430,1370646000,37.49120942,127.02595329,1165010800,서울시,19.8,17.4,서초구,23.0,20.9,11,225.0,0.0,
1,서초현대타워(주상복합),221A㎡,서울시 서초구 서초동,1165010800,1319-13,서울시 서초구 강남대로 375,37.496403,127.02791,38,0,30,30,1051,52,148,현대건설(주),HT001,221.11,178.21,81,3,2,19,계단식,1323000,2271150,264600,683550,0,0,0,,,,,25억,,,,2억/600,,2억/600,서울서이초등학교,B100000762,서울특별시 서초구 서초동 1334-2번지(서운로 85),공립,단설,19831203,서울특별시교육청,http://seo2.sen.es.kr,20230531,19.7,30.3,672,753,20230531,6,66,9,8,8,7,8,7,239,266,238,205,252,,0,0,47,1425,2,4,0,0,20230531,0,,0,0.0,20230531,직영,3347,1430,1370646000,37.49120942,127.02595329,1165010800,서울시,19.8,17.4,서초구,23.0,20.9,11,225.0,0.0,
2,서초현대타워(주상복합),222B,서울시 서초구 서초동,1165010800,1319-13,서울시 서초구 강남대로 375,37.496403,127.02791,38,0,30,30,1051,52,148,현대건설(주),HT001,222.14,179.03,81,4,2,17,계단식,1323000,2271150,264600,683550,0,0,0,,,,,29억,,17억,10억/280,10억/300,10억/280,10억/300,서울서이초등학교,B100000762,서울특별시 서초구 서초동 1334-2번지(서운로 85),공립,단설,19831203,서울특별시교육청,http://seo2.sen.es.kr,20230531,19.7,30.3,672,753,20230531,6,66,9,8,8,7,8,7,239,266,238,205,252,,0,0,47,1425,2,4,0,0,20230531,0,,0,0.0,20230531,직영,3347,1430,1370646000,37.49120942,127.02595329,1165010800,서울시,19.8,17.4,서초구,23.0,20.9,11,225.0,0.0,
0,서초현대홈타운,110㎡,서울시 서초구 서초동,1165010800,1506-88,서울시 서초구 반포대로23길 71,37.488628,127.00535,68,0,12,12,249,25,122,현대건설 주식회사,HT001,110.27,84.97,77,3,2,20,계단식,1839600,3071880,367920,864360,822528,685440,137088,,,,,"16억 7,000",,,,,,,서울신중초등학교,B100000768,서울특별시 서초구 서초동 1466-6번지,공립,단설,19360601,서울특별시교육청,http://sinjung.sen.es.kr,20230531,21.0,22.5,455,378,20230531,4,57,5,6,6,6,7,6,130,124,135,138,166,,1,5,36,833,1,3,0,0,20230531,10,,0,0.0,20230531,직영,3385,931,831091000,37.4801795,127.0093516,1165010800,서울시,19.8,17.4,서초구,23.0,20.9,19,135.0,162.0,
1,서초현대홈타운,155,서울시 서초구 서초동,1165010800,1506-88,서울시 서초구 반포대로23길 71,37.488628,127.00535,68,0,12,12,249,25,122,현대건설 주식회사,HT001,155.73,134.19,86,4,2,48,계단식,2251800,3710790,450360,1008630,1516464,1263720,252744,,,,"24억 5,000",27억,,,,,,,서울신중초등학교,B100000768,서울특별시 서초구 서초동 1466-6번지,공립,단설,19360601,서울특별시교육청,http://sinjung.sen.es.kr,20230531,21.0,22.5,455,378,20230531,4,57,5,6,6,6,7,6,130,124,135,138,166,,1,5,36,833,1,3,0,0,20230531,10,,0,0.0,20230531,직영,3385,931,831091000,37.4801795,127.0093516,1165010800,서울시,19.8,17.4,서초구,23.0,20.9,19,135.0,162.0,
0,서초힐하우스,112㎡,서울시 서초구 서초동,1165010800,1612-2,서울시 서초구 서리풀길 28,37.488899,127.020544,15,0,5,5,249,55,21,,HT001,112.21,94.15,84,3,2,3,복도식,434700,947520,86940,425880,0,0,0,,,,,,,,,,,,서울서일초등학교,B100000763,서울특별시 서초구 서초동 1436-8번지,공립,단설,19861016,서울특별시교육청,http://seoulseoil.sen.es.kr,20230531,20.3,20.8,266,232,20230531,4,33,3,4,4,4,4,4,72,79,88,78,93,,1,5,23,498,1,4,0,0,20230531,6,,0,0.0,20230531,직영,3377,558,615924000,37.48478772,127.02260429,1165010800,서울시,19.8,17.4,서초구,23.0,20.9,8,83.0,87.0,
1,서초힐하우스,129㎡,서울시 서초구 서초동,1165010800,1612-2,서울시 서초구 서리풀길 28,37.488899,127.020544,15,0,5,5,249,55,21,,HT001,129.86,108.96,84,4,2,3,복도식,623700,1249920,124740,501480,0,0,0,,,,,,,,,,,,서울서일초등학교,B100000763,서울특별시 서초구 서초동 1436-8번지,공립,단설,19861016,서울특별시교육청,http://seoulseoil.sen.es.kr,20230531,20.3,20.8,266,232,20230531,4,33,3,4,4,4,4,4,72,79,88,78,93,,1,5,23,498,1,4,0,0,20230531,6,,0,0.0,20230531,직영,3377,558,615924000,37.48478772,127.02260429,1165010800,서울시,19.8,17.4,서초구,23.0,20.9,8,83.0,87.0,
2,서초힐하우스,133,서울시 서초구 서초동,1165010800,1612-2,서울시 서초구 서리풀길 28,37.488899,127.020544,15,0,5,5,249,55,21,,HT001,133.4,111.92,84,4,2,9,복도식,691425,1358280,138285,528570,0,0,0,,,,,16억,"8억 7,000",9억,,5억/120,,5억/120,서울서일초등학교,B100000763,서울특별시 서초구 서초동 1436-8번지,공립,단설,19861016,서울특별시교육청,http://seoulseoil.sen.es.kr,20230531,20.3,20.8,266,232,20230531,4,33,3,4,4,4,4,4,72,79,88,78,93,,1,5,23,498,1,4,0,0,20230531,6,,0,0.0,20230531,직영,3377,558,615924000,37.48478772,127.02260429,1165010800,서울시,19.8,17.4,서초구,23.0,20.9,8,83.0,87.0,
0,수광빌라트,162㎡,서울시 서초구 서초동,1165010800,1640-3,서울시 서초구 서초대로60길 33,37.493636,127.018853,12,0,6,6,209,42,23,석덕종합건설(주),HT001,162.72,153.36,94,4,3,2,계단식,439425,955080,87885,427770,0,0,0,,,,,,,,,,,,서울서초초등학교,B100000764,서울특별시 서초구 서초동 1310-6,공립,단설,19801004,서울특별시교육청,http://seocho.sen.es.kr,20230531,25.3,27.8,531,496,20230531,7,52,5,6,6,6,6,7,144,164,172,173,172,,1,5,36,1027,1,2,0,0,20230531,15,,0,0.0,20230531,직영,3385,1084,1057499000,37.49924318,127.02411499,1165010800,서울시,19.8,17.4,서초구,23.0,20.9,14,197.0,166.0,
1,수광빌라트,215㎡,서울시 서초구 서초동,1165010800,1640-3,서울시 서초구 서초대로60길 33,37.493636,127.018853,12,0,6,6,209,42,23,석덕종합건설(주),HT001,215.29,202.9,94,5,3,2,계단식,738675,1433880,147735,547470,0,0,0,,,,,,,,,,,,서울서초초등학교,B100000764,서울특별시 서초구 서초동 1310-6,공립,단설,19801004,서울특별시교육청,http://seocho.sen.es.kr,20230531,25.3,27.8,531,496,20230531,7,52,5,6,6,6,6,7,144,164,172,173,172,,1,5,36,1027,1,2,0,0,20230531,15,,0,0.0,20230531,직영,3385,1084,1057499000,37.49924318,127.02411499,1165010800,서울시,19.8,17.4,서초구,23.0,20.9,14,197.0,166.0,
2,수광빌라트,228,서울시 서초구 서초동,1165010800,1640-3,서울시 서초구 서초대로60길 33,37.493636,127.018853,12,0,6,6,209,42,23,석덕종합건설(주),HT001,228.36,215.22,94,5,3,8,계단식,1049400,1847070,209880,587790,0,0,0,,,,,,,,,3억/400,,3억/400,서울서초초등학교,B100000764,서울특별시 서초구 서초동 1310-6,공립,단설,19801004,서울특별시교육청,http://seocho.sen.es.kr,20230531,25.3,27.8,531,496,20230531,7,52,5,6,6,6,6,7,144,164,172,173,172,,1,5,36,1027,1,2,0,0,20230531,15,,0,0.0,20230531,직영,3385,1084,1057499000,37.49924318,127.02411499,1165010800,서울시,19.8,17.4,서초구,23.0,20.9,14,197.0,166.0,
0,스위트서초(도시형),28㎡,서울시 서초구 서초동,1165010800,1601-6,서울시 서초구 효령로55길 16,37.485469,127.014592,20,0,11,11,571,59,13,현일건설(주),HT001,28.48,24.43,86,1,1,4,복도식,,,,,,,,,,,,,,,,,,,서울신중초등학교,B100000768,서울특별시 서초구 서초동 1466-6번지,공립,단설,19360601,서울특별시교육청,http://sinjung.sen.es.kr,20230531,21.0,22.5,455,378,20230531,4,57,5,6,6,6,7,6,130,124,135,138,166,,1,5,36,833,1,3,0,0,20230531,10,,0,0.0,20230531,직영,3385,931,831091000,37.4801795,127.0093516,1165010800,서울시,19.8,17.4,서초구,23.0,20.9,13,135.0,162.0,
1,스위트서초(도시형),32A㎡,서울시 서초구 서초동,1165010800,1601-6,서울시 서초구 효령로55길 16,37.485469,127.014592,20,0,11,11,571,59,13,현일건설(주),HT001,32.98,28.28,86,2,1,4,복도식,,,,,,,,,,,,"4억 5,000",,,,,,,서울신중초등학교,B100000768,서울특별시 서초구 서초동 1466-6번지,공립,단설,19360601,서울특별시교육청,http://sinjung.sen.es.kr,20230531,21.0,22.5,455,378,20230531,4,57,5,6,6,6,7,6,130,124,135,138,166,,1,5,36,833,1,3,0,0,20230531,10,,0,0.0,20230531,직영,3385,931,831091000,37.4801795,127.0093516,1165010800,서울시,19.8,17.4,서초구,23.0,20.9,13,135.0,162.0,
2,스위트서초(도시형),33B㎡,서울시 서초구 서초동,1165010800,1601-6,서울시 서초구 효령로55길 16,37.485469,127.014592,20,0,11,11,571,59,13,현일건설(주),HT001,33.39,28.63,86,2,1,4,복도식,,,,,,,,,,,,,,,,,,,서울신중초등학교,B100000768,서울특별시 서초구 서초동 1466-6번지,공립,단설,19360601,서울특별시교육청,http://sinjung.sen.es.kr,20230531,21.0,22.5,455,378,20230531,4,57,5,6,6,6,7,6,130,124,135,138,166,,1,5,36,833,1,3,0,0,20230531,10,,0,0.0,20230531,직영,3385,931,831091000,37.4801795,127.0093516,1165010800,서울시,19.8,17.4,서초구,23.0,20.9,13,135.0,162.0,
3,스위트서초(도시형),33C㎡,서울시 서초구 서초동,1165010800,1601-6,서울시 서초구 효령로55길 16,37.485469,127.014592,20,0,11,11,571,59,13,현일건설(주),HT001,33.61,28.82,86,2,1,4,복도식,,,,,,,,,,,,"4억 6,000",,,,,,,서울신중초등학교,B100000768,서울특별시 서초구 서초동 1466-6번지,공립,단설,19360601,서울특별시교육청,http://sinjung.sen.es.kr,20230531,21.0,22.5,455,378,20230531,4,57,5,6,6,6,7,6,130,124,135,138,166,,1,5,36,833,1,3,0,0,20230531,10,,0,0.0,20230531,직영,3385,931,831091000,37.4801795,127.0093516,1165010800,서울시,19.8,17.4,서초구,23.0,20.9,13,135.0,162.0,
4,스위트서초(도시형),34D,서울시 서초구 서초동,1165010800,1601-6,서울시 서초구 효령로55길 16,37.485469,127.014592,20,0,11,11,571,59,13,현일건설(주),HT001,34.16,29.29,86,2,1,4,복도식,,,,,,,,,,,,,,,,,,,서울신중초등학교,B100000768,서울특별시 서초구 서초동 1466-6번지,공립,단설,19360601,서울특별시교육청,http://sinjung.sen.es.kr,20230531,21.0,22.5,455,378,20230531,4,57,5,6,6,6,7,6,130,124,135,138,166,,1,5,36,833,1,3,0,0,20230531,10,,0,0.0,20230531,직영,3385,931,831091000,37.4801795,127.0093516,1165010800,서울시,19.8,17.4,서초구,23.0,20.9,13,135.0,162.0,
0,스타시드(도시형),62A㎡,서울시 서초구 서초동,1165010800,1561-9,서울시 서초구 반포대로24길 43,37.489255,127.011506,8,0,5,5,198,59,7,(주)대신종합건설,HT001,62.45,53.61,86,3,2,3,계단식,,,,,,,,,,,,,,,,,,,,,,,,,,,,,,,,,,,,,,,,,,,,,,,,,,,,,,,,,,,,,,,,,,,,,,,,,,,,,
1,스타시드(도시형),62B㎡,서울시 서초구 서초동,1165010800,1561-9,서울시 서초구 반포대로24길 43,37.489255,127.011506,8,0,5,5,198,59,7,(주)대신종합건설,HT001,62.6,53.74,86,3,2,1,계단식,,,,,,,,,,,,,,,,,,,,,,,,,,,,,,,,,,,,,,,,,,,,,,,,,,,,,,,,,,,,,,,,,,,,,,,,,,,,,
2,스타시드(도시형),67㎡,서울시 서초구 서초동,1165010800,1561-9,서울시 서초구 반포대로24길 43,37.489255,127.011506,8,0,5,5,198,59,7,(주)대신종합건설,HT001,67.22,57.71,86,3,2,3,계단식,,,,,,,,,,,,,,,,,,,,,,,,,,,,,,,,,,,,,,,,,,,,,,,,,,,,,,,,,,,,,,,,,,,,,,,,,,,,,
3,스타시드(도시형),69,서울시 서초구 서초동,1165010800,1561-9,서울시 서초구 반포대로24길 43,37.489255,127.011506,8,0,5,5,198,59,7,(주)대신종합건설,HT001,69.57,59.72,86,3,2,1,계단식,,,,,,,,,,,,,,,,,,,,,,,,,,,,,,,,,,,,,,,,,,,,,,,,,,,,,,,,,,,,,,,,,,,,,,,,,,,,,
0,신구블레스벨리,117㎡,서울시 서초구 서초동,1165010800,1506-47,서울시 서초구 명달로22길 79,37.488006,127.007394,10,0,5,5,260,56,18,신구종합건설(주),HT001,117.79,109.03,93,3,2,2,계단식,331200,755280,66240,357840,0,0,0,,,,,,,,,,,,서울신중초등학교,B100000768,서울특별시 서초구 서초동 1466-6번지,공립,단설,19360601,서울특별시교육청,http://sinjung.sen.es.kr,20230531,21.0,22.5,455,378,20230531,4,57,5,6,6,6,7,6,130,124,135,138,166,,1,5,36,833,1,3,0,0,20230531,10,,0,0.0,20230531,직영,3385,931,831091000,37.4801795,127.0093516,1165010800,서울시,19.8,17.4,서초구,23.0,20.9,16,135.0,162.0,
1,신구블레스벨리,149㎡,서울시 서초구 서초동,1165010800,1506-47,서울시 서초구 명달로22길 79,37.488006,127.007394,10,0,5,5,260,56,18,신구종합건설(주),HT001,149.79,138.28,92,5,3,2,계단식,655200,1300320,131040,514080,0,0,0,,,,,,,,,,,,서울신중초등학교,B100000768,서울특별시 서초구 서초동 1466-6번지,공립,단설,19360601,서울특별시교육청,http://sinjung.sen.es.kr,20230531,21.0,22.5,455,378,20230531,4,57,5,6,6,6,7,6,130,124,135,138,166,,1,5,36,833,1,3,0,0,20230531,10,,0,0.0,20230531,직영,3385,931,831091000,37.4801795,127.0093516,1165010800,서울시,19.8,17.4,서초구,23.0,20.9,16,135.0,162.0,
2,신구블레스벨리,165,서울시 서초구 서초동,1165010800,1506-47,서울시 서초구 명달로22길 79,37.488006,127.007394,10,0,5,5,260,56,18,신구종합건설(주),HT001,165.18,152.48,92,5,3,6,계단식,1018800,1799640,203760,577080,0,0,0,,,,,,,,,,,,서울신중초등학교,B100000768,서울특별시 서초구 서초동 1466-6번지,공립,단설,19360601,서울특별시교육청,http://sinjung.sen.es.kr,20230531,21.0,22.5,455,378,20230531,4,57,5,6,6,6,7,6,130,124,135,138,166,,1,5,36,833,1,3,0,0,20230531,10,,0,0.0,20230531,직영,3385,931,831091000,37.4801795,127.0093516,1165010800,서울시,19.8,17.4,서초구,23.0,20.9,16,135.0,162.0,
0,신원아침도시,98㎡,서울시 서초구 서초동,1165010800,1434-2,서울시 서초구 남부순환로337가길 51-9,37.484517,127.023462,40,0,10,7,249,60,45,신원종합개발(주),HT001,98.44,79.14,80,3,2,1,계단식,696150,1365840,139230,530460,0,0,0,,,,,,,,,,,,서울서일초등학교,B100000763,서울특별시 서초구 서초동 1436-8번지,공립,단설,19861016,서울특별시교육청,http://seoulseoil.sen.es.kr,20230531,20.3,20.8,266,232,20230531,4,33,3,4,4,4,4,4,72,79,88,78,93,,1,5,23,498,1,4,0,0,20230531,6,,0,0.0,20230531,직영,3377,558,615924000,37.48478772,127.02260429,1165010800,서울시,19.8,17.4,서초구,23.0,20.9,1,83.0,87.0,
1,신원아침도시,103A㎡,서울시 서초구 서초동,1165010800,1434-2,서울시 서초구 남부순환로337가길 51-9,37.484517,127.023462,40,0,10,7,249,60,45,신원종합개발(주),HT001,103.06,83.13,81,3,2,9,계단식,1132200,1975410,226440,616770,0,0,0,,,,,"14억 8,000",,,5억/150,6억/120,5억/150,6억/120,서울서일초등학교,B100000763,서울특별시 서초구 서초동 1436-8번지,공립,단설,19861016,서울특별시교육청,http://seoulseoil.sen.es.kr,20230531,20.3,20.8,266,232,20230531,4,33,3,4,4,4,4,4,72,79,88,78,93,,1,5,23,498,1,4,0,0,20230531,6,,0,0.0,20230531,직영,3377,558,615924000,37.48478772,127.02260429,1165010800,서울시,19.8,17.4,서초구,23.0,20.9,1,83.0,87.0,
2,신원아침도시,103D㎡,서울시 서초구 서초동,1165010800,1434-2,서울시 서초구 남부순환로337가길 51-9,37.484517,127.023462,40,0,10,7,249,60,45,신원종합개발(주),HT001,103.5,82.17,79,3,2,9,계단식,1170000,2034000,234000,630000,0,0,0,,,,"15억 5,000",16억,,,,,,,서울서일초등학교,B100000763,서울특별시 서초구 서초동 1436-8번지,공립,단설,19861016,서울특별시교육청,http://seoulseoil.sen.es.kr,20230531,20.3,20.8,266,232,20230531,4,33,3,4,4,4,4,4,72,79,88,78,93,,1,5,23,498,1,4,0,0,20230531,6,,0,0.0,20230531,직영,3377,558,615924000,37.48478772,127.02260429,1165010800,서울시,19.8,17.4,서초구,23.0,20.9,1,83.0,87.0,
3,신원아침도시,103B㎡,서울시 서초구 서초동,1165010800,1434-2,서울시 서초구 남부순환로337가길 51-9,37.484517,127.023462,40,0,10,7,249,60,45,신원종합개발(주),HT001,103.12,83.03,81,3,2,8,계단식,1170000,2034000,234000,630000,0,0,0,,,,,,,,,,,,서울서일초등학교,B100000763,서울특별시 서초구 서초동 1436-8번지,공립,단설,19861016,서울특별시교육청,http://seoulseoil.sen.es.kr,20230531,20.3,20.8,266,232,20230531,4,33,3,4,4,4,4,4,72,79,88,78,93,,1,5,23,498,1,4,0,0,20230531,6,,0,0.0,20230531,직영,3377,558,615924000,37.48478772,127.02260429,1165010800,서울시,19.8,17.4,서초구,23.0,20.9,1,83.0,87.0,
4,신원아침도시,103C㎡,서울시 서초구 서초동,1165010800,1434-2,서울시 서초구 남부순환로337가길 51-9,37.484517,127.023462,40,0,10,7,249,60,45,신원종합개발(주),HT001,103.22,83.02,80,3,2,8,계단식,1132200,1975410,226440,616770,0,0,0,,,,,,,,,,,,서울서일초등학교,B100000763,서울특별시 서초구 서초동 1436-8번지,공립,단설,19861016,서울특별시교육청,http://seoulseoil.sen.es.kr,20230531,20.3,20.8,266,232,20230531,4,33,3,4,4,4,4,4,72,79,88,78,93,,1,5,23,498,1,4,0,0,20230531,6,,0,0.0,20230531,직영,3377,558,615924000,37.48478772,127.02260429,1165010800,서울시,19.8,17.4,서초구,23.0,20.9,1,83.0,87.0,
5,신원아침도시,103E,서울시 서초구 서초동,1165010800,1434-2,서울시 서초구 남부순환로337가길 51-9,37.484517,127.023462,40,0,10,7,249,60,45,신원종합개발(주),HT001,103.28,83.1,80,3,2,5,계단식,1170000,2034000,234000,630000,0,0,0,,,,"15억 4,000","15억 5,000",,,,,,,서울서일초등학교,B100000763,서울특별시 서초구 서초동 1436-8번지,공립,단설,19861016,서울특별시교육청,http://seoulseoil.sen.es.kr,20230531,20.3,20.8,266,232,20230531,4,33,3,4,4,4,4,4,72,79,88,78,93,,1,5,23,498,1,4,0,0,20230531,6,,0,0.0,20230531,직영,3377,558,615924000,37.48478772,127.02260429,1165010800,서울시,19.8,17.4,서초구,23.0,20.9,1,83.0,87.0,
0,아이파크빌,194㎡,서울시 서초구 서초동,1165010800,1477-1,서울시 서초구 반포대로5길 65,37.4814,127.008307,66,0,10,9,299,34,207,현대산업개발(주),HT001,194.71,159.54,82,4,2,1,계단식,1454400,2474820,290880,729540,175392,146160,29232,,,,,,,15억,,,,,서울신중초등학교,B100000768,서울특별시 서초구 서초동 1466-6번지,공립,단설,19360601,서울특별시교육청,http://sinjung.sen.es.kr,20230531,21.0,22.5,455,378,20230531,4,57,5,6,6,6,7,6,130,124,135,138,166,,1,5,36,833,1,3,0,0,20230531,10,,0,0.0,20230531,직영,3385,931,831091000,37.4801795,127.0093516,1165010800,서울시,19.8,17.4,서초구,23.0,20.9,3,135.0,162.0,
1,아이파크빌,218㎡,서울시 서초구 서초동,1165010800,1477-1,서울시 서초구 반포대로5길 65,37.4814,127.008307,66,0,10,9,299,34,207,현대산업개발(주),HT001,218.34,179.28,82,4,2,34,계단식,2354400,3869820,470880,1044540,1770912,1475760,295152,,,,,,,,,,,,서울신중초등학교,B100000768,서울특별시 서초구 서초동 1466-6번지,공립,단설,19360601,서울특별시교육청,http://sinjung.sen.es.kr,20230531,21.0,22.5,455,378,20230531,4,57,5,6,6,6,7,6,130,124,135,138,166,,1,5,36,833,1,3,0,0,20230531,10,,0,0.0,20230531,직영,3385,931,831091000,37.4801795,127.0093516,1165010800,서울시,19.8,17.4,서초구,23.0,20.9,3,135.0,162.0,
2,아이파크빌,258㎡,서울시 서초구 서초동,1165010800,1477-1,서울시 서초구 반포대로5길 65,37.4814,127.008307,66,0,10,9,299,34,207,현대산업개발(주),HT001,258.59,204.71,79,5,3,10,계단식,2512800,4115340,502560,1099980,2163744,1803120,360624,,,,,30억,,,,,,,서울신중초등학교,B100000768,서울특별시 서초구 서초동 1466-6번지,공립,단설,19360601,서울특별시교육청,http://sinjung.sen.es.kr,20230531,21.0,22.5,455,378,20230531,4,57,5,6,6,6,7,6,130,124,135,138,166,,1,5,36,833,1,3,0,0,20230531,10,,0,0.0,20230531,직영,3385,931,831091000,37.4801795,127.0093516,1165010800,서울시,19.8,17.4,서초구,23.0,20.9,3,135.0,162.0,
3,아이파크빌,272㎡,서울시 서초구 서초동,1165010800,1477-1,서울시 서초구 반포대로5길 65,37.4814,127.008307,66,0,10,9,299,34,207,현대산업개발(주),HT001,272,226.19,83,5,3,18,계단식,2829600,4606380,565920,1210860,2949408,2457840,491568,,,,,35억,,,,,,,서울신중초등학교,B100000768,서울특별시 서초구 서초동 1466-6번지,공립,단설,19360601,서울특별시교육청,http://sinjung.sen.es.kr,20230531,21.0,22.5,455,378,20230531,4,57,5,6,6,6,7,6,130,124,135,138,166,,1,5,36,833,1,3,0,0,20230531,10,,0,0.0,20230531,직영,3385,931,831091000,37.4801795,127.0093516,1165010800,서울시,19.8,17.4,서초구,23.0,20.9,3,135.0,162.0,
4,아이파크빌,294㎡,서울시 서초구 서초동,1165010800,1477-1,서울시 서초구 반포대로5길 65,37.4814,127.008307,66,0,10,9,299,34,207,현대산업개발(주),HT001,294.97,243.58,83,5,4,1,계단식,2959200,4807260,591840,1256220,3270816,2725680,545136,,,,,,,,,,,,서울신중초등학교,B100000768,서울특별시 서초구 서초동 1466-6번지,공립,단설,19360601,서울특별시교육청,http://sinjung.sen.es.kr,20230531,21.0,22.5,455,378,20230531,4,57,5,6,6,6,7,6,130,124,135,138,166,,1,5,36,833,1,3,0,0,20230531,10,,0,0.0,20230531,직영,3385,931,831091000,37.4801795,127.0093516,1165010800,서울시,19.8,17.4,서초구,23.0,20.9,3,135.0,162.0,
5,아이파크빌,298,서울시 서초구 서초동,1165010800,1477-1,서울시 서초구 반포대로5길 65,37.4814,127.008307,66,0,10,9,299,34,207,현대산업개발(주),HT001,298.07,242.65,81,5,3,2,계단식,2959200,4807260,591840,1256220,3270816,2725680,545136,,,,,,,,,,,,서울신중초등학교,B100000768,서울특별시 서초구 서초동 1466-6번지,공립,단설,19360601,서울특별시교육청,http://sinjung.sen.es.kr,20230531,21.0,22.5,455,378,20230531,4,57,5,6,6,6,7,6,130,124,135,138,166,,1,5,36,833,1,3,0,0,20230531,10,,0,0.0,20230531,직영,3385,931,831091000,37.4801795,127.0093516,1165010800,서울시,19.8,17.4,서초구,23.0,20.9,3,135.0,162.0,
0,아크로비스타(주상복합),128㎡,서울시 서초구 서초동,1165010800,1685-3,서울시 서초구 서초중앙로 188,37.498694,127.013031,757,0,37,22,712,39,2045,대림산업(주),HT005,128.37,101.81,79,2,2,6,복합식,1756800,2943540,351360,835380,683424,569520,113904,,568194,533617,,,,,,,,,서울원명초등학교,B100000779,서울특별시 서초구 서초동 1685-1번지,공립,단설,19890704,서울특별시교육청,http://wonmyong.sen.es.kr,20230531,25.9,27.3,635,540,20230531,8,71,7,6,7,8,8,7,175,183,206,208,204,,0,0,43,1175,3,2,0,0,20230531,15,,0,0.0,20230531,직영,3347,1386,1232065000,37.50050946,127.01679619,1165010800,서울시,19.8,17.4,서초구,23.0,20.9,7,199.0,223.0,
1,아크로비스타(주상복합),155㎡,서울시 서초구 서초동,1165010800,1685-3,서울시 서초구 서초중앙로 188,37.498694,127.013031,757,0,37,22,712,39,2045,대림산업(주),HT005,155.6,123.4,79,2,2,10,복합식,2113200,3495960,422640,960120,1282176,1068480,213696,,688687,646777,,,,,,15억/100,,15억/100,서울원명초등학교,B100000779,서울특별시 서초구 서초동 1685-1번지,공립,단설,19890704,서울특별시교육청,http://wonmyong.sen.es.kr,20230531,25.9,27.3,635,540,20230531,8,71,7,6,7,8,8,7,175,183,206,208,204,,0,0,43,1175,3,2,0,0,20230531,15,,0,0.0,20230531,직영,3347,1386,1232065000,37.50050946,127.01679619,1165010800,서울시,19.8,17.4,서초구,23.0,20.9,7,199.0,223.0,
2,아크로비스타(주상복합),170㎡,서울시 서초구 서초동,1165010800,1685-3,서울시 서초구 서초중앙로 188,37.498694,127.013031,757,0,37,22,712,39,2045,대림산업(주),HT005,170.18,134.97,79,3,2,20,복합식,2415600,3964680,483120,1065960,1922688,1602240,320448,,753258,707419,,,,,,,,,서울원명초등학교,B100000779,서울특별시 서초구 서초동 1685-1번지,공립,단설,19890704,서울특별시교육청,http://wonmyong.sen.es.kr,20230531,25.9,27.3,635,540,20230531,8,71,7,6,7,8,8,7,175,183,206,208,204,,0,0,43,1175,3,2,0,0,20230531,15,,0,0.0,20230531,직영,3347,1386,1232065000,37.50050946,127.01679619,1165010800,서울시,19.8,17.4,서초구,23.0,20.9,7,199.0,223.0,
3,아크로비스타(주상복합),173A㎡,서울시 서초구 서초동,1165010800,1685-3,서울시 서초구 서초중앙로 188,37.498694,127.013031,757,0,37,22,712,39,2045,대림산업(주),HT005,173.98,137.98,79,3,2,37,복합식,2602800,4254840,520560,1131480,2386944,1989120,397824,,770056,723195,25억,26억,,15억,,,,,서울원명초등학교,B100000779,서울특별시 서초구 서초동 1685-1번지,공립,단설,19890704,서울특별시교육청,http://wonmyong.sen.es.kr,20230531,25.9,27.3,635,540,20230531,8,71,7,6,7,8,8,7,175,183,206,208,204,,0,0,43,1175,3,2,0,0,20230531,15,,0,0.0,20230531,직영,3347,1386,1232065000,37.50050946,127.01679619,1165010800,서울시,19.8,17.4,서초구,23.0,20.9,7,199.0,223.0,
4,아크로비스타(주상복합),175B㎡,서울시 서초구 서초동,1165010800,1685-3,서울시 서초구 서초중앙로 188,37.498694,127.013031,757,0,37,22,712,39,2045,대림산업(주),HT005,175.21,138.96,79,3,2,114,복합식,2856600,4648230,571320,1220310,3016368,2513640,502728,,775526,728332,26억,30억,,17억,10억/250,12억/160,10억/250,12억/160,서울원명초등학교,B100000779,서울특별시 서초구 서초동 1685-1번지,공립,단설,19890704,서울특별시교육청,http://wonmyong.sen.es.kr,20230531,25.9,27.3,635,540,20230531,8,71,7,6,7,8,8,7,175,183,206,208,204,,0,0,43,1175,3,2,0,0,20230531,15,,0,0.0,20230531,직영,3347,1386,1232065000,37.50050946,127.01679619,1165010800,서울시,19.8,17.4,서초구,23.0,20.9,7,199.0,223.0,
5,아크로비스타(주상복합),187A㎡,서울시 서초구 서초동,1165010800,1685-3,서울시 서초구 서초중앙로 188,37.498694,127.013031,757,0,37,22,712,39,2045,대림산업(주),HT005,187.98,149.08,79,3,2,34,복합식,2878200,4681710,575640,1227870,3069936,2558280,511656,,832005,781374,28억,30억,,,,,,,서울원명초등학교,B100000779,서울특별시 서초구 서초동 1685-1번지,공립,단설,19890704,서울특별시교육청,http://wonmyong.sen.es.kr,20230531,25.9,27.3,635,540,20230531,8,71,7,6,7,8,8,7,175,183,206,208,204,,0,0,43,1175,3,2,0,0,20230531,15,,0,0.0,20230531,직영,3347,1386,1232065000,37.50050946,127.01679619,1165010800,서울시,19.8,17.4,서초구,23.0,20.9,7,199.0,223.0,
6,아크로비스타(주상복합),188B㎡,서울시 서초구 서초동,1165010800,1685-3,서울시 서초구 서초중앙로 188,37.498694,127.013031,757,0,37,22,712,39,2045,대림산업(주),HT005,188.09,149.17,79,3,2,72,복합식,3052800,4952340,610560,1288980,3502944,2919120,583824,,832507,781846,,28억,,,,,,,서울원명초등학교,B100000779,서울특별시 서초구 서초동 1685-1번지,공립,단설,19890704,서울특별시교육청,http://wonmyong.sen.es.kr,20230531,25.9,27.3,635,540,20230531,8,71,7,6,7,8,8,7,175,183,206,208,204,,0,0,43,1175,3,2,0,0,20230531,15,,0,0.0,20230531,직영,3347,1386,1232065000,37.50050946,127.01679619,1165010800,서울시,19.8,17.4,서초구,23.0,20.9,7,199.0,223.0,
7,아크로비스타(주상복합),188C㎡,서울시 서초구 서초동,1165010800,1685-3,서울시 서초구 서초중앙로 188,37.498694,127.013031,757,0,37,22,712,39,2045,대림산업(주),HT005,188.94,149.84,79,3,2,29,복합식,3013200,4890960,602640,1275120,3404736,2837280,567456,,836246,785357,"28억 5,000",31억,,"19억 5,000",,,,,서울원명초등학교,B100000779,서울특별시 서초구 서초동 1685-1번지,공립,단설,19890704,서울특별시교육청,http://wonmyong.sen.es.kr,20230531,25.9,27.3,635,540,20230531,8,71,7,6,7,8,8,7,175,183,206,208,204,,0,0,43,1175,3,2,0,0,20230531,15,,0,0.0,20230531,직영,3347,1386,1232065000,37.50050946,127.01679619,1165010800,서울시,19.8,17.4,서초구,23.0,20.9,7,199.0,223.0,
8,아크로비스타(주상복합),191A㎡,서울시 서초구 서초동,1165010800,1685-3,서울시 서초구 서초중앙로 188,37.498694,127.013031,757,0,37,22,712,39,2045,대림산업(주),HT005,191.17,151.61,79,3,2,29,복합식,2935800,4770990,587160,1248030,3212784,2677320,535464,,846125,794634,,28억,,,,,,,서울원명초등학교,B100000779,서울특별시 서초구 서초동 1685-1번지,공립,단설,19890704,서울특별시교육청,http://wonmyong.sen.es.kr,20230531,25.9,27.3,635,540,20230531,8,71,7,6,7,8,8,7,175,183,206,208,204,,0,0,43,1175,3,2,0,0,20230531,15,,0,0.0,20230531,직영,3347,1386,1232065000,37.50050946,127.01679619,1165010800,서울시,19.8,17.4,서초구,23.0,20.9,7,199.0,223.0,
9,아크로비스타(주상복합),192B㎡,서울시 서초구 서초동,1165010800,1685-3,서울시 서초구 서초중앙로 188,37.498694,127.013031,757,0,37,22,712,39,2045,대림산업(주),HT005,192.08,152.33,79,3,2,41,복합식,3123000,5061150,624600,1313550,3677040,3064200,612840,,850143,798408,,,,,,,,,서울원명초등학교,B100000779,서울특별시 서초구 서초동 1685-1번지,공립,단설,19890704,서울특별시교육청,http://wonmyong.sen.es.kr,20230531,25.9,27.3,635,540,20230531,8,71,7,6,7,8,8,7,175,183,206,208,204,,0,0,43,1175,3,2,0,0,20230531,15,,0,0.0,20230531,직영,3347,1386,1232065000,37.50050946,127.01679619,1165010800,서울시,19.8,17.4,서초구,23.0,20.9,7,199.0,223.0,
10,아크로비스타(주상복합),204㎡,서울시 서초구 서초동,1165010800,1685-3,서울시 서초구 서초중앙로 188,37.498694,127.013031,757,0,37,22,712,39,2045,대림산업(주),HT005,204.2,161.94,79,4,2,26,복합식,3151800,5105790,630360,1323630,3751344,3126120,625224,,903775,848777,32억,36억,,,,,,,서울원명초등학교,B100000779,서울특별시 서초구 서초동 1685-1번지,공립,단설,19890704,서울특별시교육청,http://wonmyong.sen.es.kr,20230531,25.9,27.3,635,540,20230531,8,71,7,6,7,8,8,7,175,183,206,208,204,,0,0,43,1175,3,2,0,0,20230531,15,,0,0.0,20230531,직영,3347,1386,1232065000,37.50050946,127.01679619,1165010800,서울시,19.8,17.4,서초구,23.0,20.9,7,199.0,223.0,
11,아크로비스타(주상복합),207B㎡,서울시 서초구 서초동,1165010800,1685-3,서울시 서초구 서초중앙로 188,37.498694,127.013031,757,0,37,22,712,39,2045,대림산업(주),HT005,207.05,164.21,79,4,2,44,복합식,3151800,5105790,630360,1323630,3751344,3126120,625224,,916444,860675,,,,20억,,,,,서울원명초등학교,B100000779,서울특별시 서초구 서초동 1685-1번지,공립,단설,19890704,서울특별시교육청,http://wonmyong.sen.es.kr,20230531,25.9,27.3,635,540,20230531,8,71,7,6,7,8,8,7,175,183,206,208,204,,0,0,43,1175,3,2,0,0,20230531,15,,0,0.0,20230531,직영,3347,1386,1232065000,37.50050946,127.01679619,1165010800,서울시,19.8,17.4,서초구,23.0,20.9,7,199.0,223.0,
12,아크로비스타(주상복합),208A㎡,서울시 서초구 서초동,1165010800,1685-3,서울시 서초구 서초중앙로 188,37.498694,127.013031,757,0,37,22,712,39,2045,대림산업(주),HT005,208.39,165.27,79,4,2,26,복합식,3182400,5153220,636480,1334340,3876192,3230160,646032,,922360,866231,,,,,,,,,서울원명초등학교,B100000779,서울특별시 서초구 서초동 1685-1번지,공립,단설,19890704,서울특별시교육청,http://wonmyong.sen.es.kr,20230531,25.9,27.3,635,540,20230531,8,71,7,6,7,8,8,7,175,183,206,208,204,,0,0,43,1175,3,2,0,0,20230531,15,,0,0.0,20230531,직영,3347,1386,1232065000,37.50050946,127.01679619,1165010800,서울시,19.8,17.4,서초구,23.0,20.9,7,199.0,223.0,
13,아크로비스타(주상복합),217A㎡,서울시 서초구 서초동,1165010800,1685-3,서울시 서초구 서초중앙로 188,37.498694,127.013031,757,0,37,22,712,39,2045,대림산업(주),HT005,217.22,172.28,79,4,2,8,복합식,3312000,5354100,662400,1379700,4404960,3670800,734160,,961482,902972,,,,,,,,,서울원명초등학교,B100000779,서울특별시 서초구 서초동 1685-1번지,공립,단설,19890704,서울특별시교육청,http://wonmyong.sen.es.kr,20230531,25.9,27.3,635,540,20230531,8,71,7,6,7,8,8,7,175,183,206,208,204,,0,0,43,1175,3,2,0,0,20230531,15,,0,0.0,20230531,직영,3347,1386,1232065000,37.50050946,127.01679619,1165010800,서울시,19.8,17.4,서초구,23.0,20.9,7,199.0,223.0,
14,아크로비스타(주상복합),218B㎡,서울시 서초구 서초동,1165010800,1685-3,서울시 서초구 서초중앙로 188,37.498694,127.013031,757,0,37,22,712,39,2045,대림산업(주),HT005,218.06,172.94,79,5,2,4,복합식,3312000,5354100,662400,1379700,4404960,3670800,734160,,965166,906432,,38억,,,,,,,서울원명초등학교,B100000779,서울특별시 서초구 서초동 1685-1번지,공립,단설,19890704,서울특별시교육청,http://wonmyong.sen.es.kr,20230531,25.9,27.3,635,540,20230531,8,71,7,6,7,8,8,7,175,183,206,208,204,,0,0,43,1175,3,2,0,0,20230531,15,,0,0.0,20230531,직영,3347,1386,1232065000,37.50050946,127.01679619,1165010800,서울시,19.8,17.4,서초구,23.0,20.9,7,199.0,223.0,
15,아크로비스타(주상복합),220㎡,서울시 서초구 서초동,1165010800,1685-3,서울시 서초구 서초중앙로 188,37.498694,127.013031,757,0,37,22,712,39,2045,대림산업(주),HT005,220.39,174.78,79,4,2,72,복합식,3533400,5697270,706680,1457190,5308272,4423560,884712,,975435,916076,35억,36억,,24억,,,,,서울원명초등학교,B100000779,서울특별시 서초구 서초동 1685-1번지,공립,단설,19890704,서울특별시교육청,http://wonmyong.sen.es.kr,20230531,25.9,27.3,635,540,20230531,8,71,7,6,7,8,8,7,175,183,206,208,204,,0,0,43,1175,3,2,0,0,20230531,15,,0,0.0,20230531,직영,3347,1386,1232065000,37.50050946,127.01679619,1165010800,서울시,19.8,17.4,서초구,23.0,20.9,7,199.0,223.0,
16,아크로비스타(주상복합),223㎡,서울시 서초구 서초동,1165010800,1685-3,서울시 서초구 서초중앙로 188,37.498694,127.013031,757,0,37,22,712,39,2045,대림산업(주),HT005,223.36,177.15,79,4,2,43,복합식,3421800,5524290,684360,1418130,4852944,4044120,808824,,988661,928497,,,,,,,,,서울원명초등학교,B100000779,서울특별시 서초구 서초동 1685-1번지,공립,단설,19890704,서울특별시교육청,http://wonmyong.sen.es.kr,20230531,25.9,27.3,635,540,20230531,8,71,7,6,7,8,8,7,175,183,206,208,204,,0,0,43,1175,3,2,0,0,20230531,15,,0,0.0,20230531,직영,3347,1386,1232065000,37.50050946,127.01679619,1165010800,서울시,19.8,17.4,서초구,23.0,20.9,7,199.0,223.0,
17,아크로비스타(주상복합),252㎡,서울시 서초구 서초동,1165010800,1685-3,서울시 서초구 서초중앙로 188,37.498694,127.013031,757,0,37,22,712,39,2045,대림산업(주),HT005,252.41,200.18,79,4,2,4,복합식,3731400,6004170,746280,1526490,6116112,5096760,1019352,,1117190,1049205,,,,,,,,,서울원명초등학교,B100000779,서울특별시 서초구 서초동 1685-1번지,공립,단설,19890704,서울특별시교육청,http://wonmyong.sen.es.kr,20230531,25.9,27.3,635,540,20230531,8,71,7,6,7,8,8,7,175,183,206,208,204,,0,0,43,1175,3,2,0,0,20230531,15,,0,0.0,20230531,직영,3347,1386,1232065000,37.50050946,127.01679619,1165010800,서울시,19.8,17.4,서초구,23.0,20.9,7,199.0,223.0,
18,아크로비스타(주상복합),258㎡,서울시 서초구 서초동,1165010800,1685-3,서울시 서초구 서초중앙로 188,37.498694,127.013031,757,0,37,22,712,39,2045,대림산업(주),HT005,258.57,205.07,79,3,3,71,복합식,4222800,6765840,844560,1698480,8121024,6767520,1353504,,1144481,1074835,40억,42억,,,,,,,서울원명초등학교,B100000779,서울특별시 서초구 서초동 1685-1번지,공립,단설,19890704,서울특별시교육청,http://wonmyong.sen.es.kr,20230531,25.9,27.3,635,540,20230531,8,71,7,6,7,8,8,7,175,183,206,208,204,,0,0,43,1175,3,2,0,0,20230531,15,,0,0.0,20230531,직영,3347,1386,1232065000,37.50050946,127.01679619,1165010800,서울시,19.8,17.4,서초구,23.0,20.9,7,199.0,223.0,
19,아크로비스타(주상복합),261㎡,서울시 서초구 서초동,1165010800,1685-3,서울시 서초구 서초중앙로 188,37.498694,127.013031,757,0,37,22,712,39,2045,대림산업(주),HT005,261.13,207.1,79,3,2,8,복합식,3990600,6405930,798120,1617210,7173648,5978040,1195608,,1155810,1085475,,42억,,,,,,,서울원명초등학교,B100000779,서울특별시 서초구 서초동 1685-1번지,공립,단설,19890704,서울특별시교육청,http://wonmyong.sen.es.kr,20230531,25.9,27.3,635,540,20230531,8,71,7,6,7,8,8,7,175,183,206,208,204,,0,0,43,1175,3,2,0,0,20230531,15,,0,0.0,20230531,직영,3347,1386,1232065000,37.50050946,127.01679619,1165010800,서울시,19.8,17.4,서초구,23.0,20.9,7,199.0,223.0,
20,아크로비스타(주상복합),278㎡,서울시 서초구 서초동,1165010800,1685-3,서울시 서초구 서초중앙로 188,37.498694,127.013031,757,0,37,22,712,39,2045,대림산업(주),HT005,278.09,220.55,79,4,3,45,복합식,4165200,6676560,833040,1678320,7886016,6571680,1314336,,1230874,1155970,,40억,,,,,,,서울원명초등학교,B100000779,서울특별시 서초구 서초동 1685-1번지,공립,단설,19890704,서울특별시교육청,http://wonmyong.sen.es.kr,20230531,25.9,27.3,635,540,20230531,8,71,7,6,7,8,8,7,175,183,206,208,204,,0,0,43,1175,3,2,0,0,20230531,15,,0,0.0,20230531,직영,3347,1386,1232065000,37.50050946,127.01679619,1165010800,서울시,19.8,17.4,서초구,23.0,20.9,7,199.0,223.0,
21,아크로비스타(주상복합),300㎡,서울시 서초구 서초동,1165010800,1685-3,서울시 서초구 서초중앙로 188,37.498694,127.013031,757,0,37,22,712,39,2045,대림산업(주),HT005,300.88,238.62,79,3,3,7,복합식,5067000,8074350,1013400,1993950,11752560,9793800,1958760,,1331721,1250681,,80억,,50억,0/2000,"7억 5,000/1500",0/2000,"7억 5,000/1500",서울원명초등학교,B100000779,서울특별시 서초구 서초동 1685-1번지,공립,단설,19890704,서울특별시교육청,http://wonmyong.sen.es.kr,20230531,25.9,27.3,635,540,20230531,8,71,7,6,7,8,8,7,175,183,206,208,204,,0,0,43,1175,3,2,0,0,20230531,15,,0,0.0,20230531,직영,3347,1386,1232065000,37.50050946,127.01679619,1165010800,서울시,19.8,17.4,서초구,23.0,20.9,7,199.0,223.0,
22,아크로비스타(주상복합),305,서울시 서초구 서초동,1165010800,1685-3,서울시 서초구 서초중앙로 188,37.498694,127.013031,757,0,37,22,712,39,2045,대림산업(주),HT005,305.47,242.26,79,3,3,7,복합식,5680800,9025740,1136160,2208780,15238944,12699120,2539824,,1352035,1269759,,,,,,,,,서울원명초등학교,B100000779,서울특별시 서초구 서초동 1685-1번지,공립,단설,19890704,서울특별시교육청,http://wonmyong.sen.es.kr,20230531,25.9,27.3,635,540,20230531,8,71,7,6,7,8,8,7,175,183,206,208,204,,0,0,43,1175,3,2,0,0,20230531,15,,0,0.0,20230531,직영,3347,1386,1232065000,37.50050946,127.01679619,1165010800,서울시,19.8,17.4,서초구,23.0,20.9,7,199.0,223.0,
0,애지앙,68㎡,서울시 서초구 서초동,1165010800,1466-4,서울시 서초구 명달로4길 82,37.480678,127.010396,16,0,6,6,260,52,19,신주종합건설(주),HT001,68.65,56.9,83,3,1,1,계단식,161100,432090,32220,238770,0,0,0,,,,,,,,,,,,서울신중초등학교,B100000768,서울특별시 서초구 서초동 1466-6번지,공립,단설,19360601,서울특별시교육청,http://sinjung.sen.es.kr,20230531,21.0,22.5,455,378,20230531,4,57,5,6,6,6,7,6,130,124,135,138,166,,1,5,36,833,1,3,0,0,20230531,10,,0,0.0,20230531,직영,3385,931,831091000,37.4801795,127.0093516,1165010800,서울시,19.8,17.4,서초구,23.0,20.9,2,135.0,162.0,
1,애지앙,79㎡,서울시 서초구 서초동,1165010800,1466-4,서울시 서초구 명달로4길 82,37.480678,127.010396,16,0,6,6,260,52,19,신주종합건설(주),HT001,79.86,66.18,83,3,1,2,계단식,209700,524430,41940,272790,0,0,0,,,,,,,,,,,,서울신중초등학교,B100000768,서울특별시 서초구 서초동 1466-6번지,공립,단설,19360601,서울특별시교육청,http://sinjung.sen.es.kr,20230531,21.0,22.5,455,378,20230531,4,57,5,6,6,6,7,6,130,124,135,138,166,,1,5,36,833,1,3,0,0,20230531,10,,0,0.0,20230531,직영,3385,931,831091000,37.4801795,127.0093516,1165010800,서울시,19.8,17.4,서초구,23.0,20.9,2,135.0,162.0,
2,애지앙,102㎡,서울시 서초구 서초동,1165010800,1466-4,서울시 서초구 명달로4길 82,37.480678,127.010396,16,0,6,6,260,52,19,신주종합건설(주),HT001,102.33,84.8,83,3,2,9,계단식,302400,700560,60480,337680,0,0,0,,,,,,,,,,,,서울신중초등학교,B100000768,서울특별시 서초구 서초동 1466-6번지,공립,단설,19360601,서울특별시교육청,http://sinjung.sen.es.kr,20230531,21.0,22.5,455,378,20230531,4,57,5,6,6,6,7,6,130,124,135,138,166,,1,5,36,833,1,3,0,0,20230531,10,,0,0.0,20230531,직영,3385,931,831091000,37.4801795,127.0093516,1165010800,서울시,19.8,17.4,서초구,23.0,20.9,2,135.0,162.0,
3,애지앙,114,서울시 서초구 서초동,1165010800,1466-4,서울시 서초구 명달로4길 82,37.480678,127.010396,16,0,6,6,260,52,19,신주종합건설(주),HT001,114.92,95.23,83,3,2,4,계단식,344700,780930,68940,367290,0,0,0,,,,,,,,,,,,서울신중초등학교,B100000768,서울특별시 서초구 서초동 1466-6번지,공립,단설,19360601,서울특별시교육청,http://sinjung.sen.es.kr,20230531,21.0,22.5,455,378,20230531,4,57,5,6,6,6,7,6,130,124,135,138,166,,1,5,36,833,1,3,0,0,20230531,10,,0,0.0,20230531,직영,3385,931,831091000,37.4801795,127.0093516,1165010800,서울시,19.8,17.4,서초구,23.0,20.9,2,135.0,162.0,
0,에비앙하우스(도시형),25㎡,서울시 서초구 서초동,1165010800,1487-110,서울시 서초구 효령로40길 40,37.481213,127.005899,16,0,7,7,244,49,9,(주)동부종합건설,HT001,25.48,21.82,86,1,1,1,계단식,142800,332640,28560,161280,0,0,0,,,,,,,,,,,,서울신중초등학교,B100000768,서울특별시 서초구 서초동 1466-6번지,공립,단설,19360601,서울특별시교육청,http://sinjung.sen.es.kr,20230531,21.0,22.5,455,378,20230531,4,57,5,6,6,6,7,6,130,124,135,138,166,,1,5,36,833,1,3,0,0,20230531,10,,0,0.0,20230531,직영,3385,931,831091000,37.4801795,127.0093516,1165010800,서울시,19.8,17.4,서초구,23.0,20.9,7,135.0,162.0,
1,에비앙하우스(도시형),32㎡,서울시 서초구 서초동,1165010800,1487-110,서울시 서초구 효령로40길 40,37.481213,127.005899,16,0,7,7,244,49,9,(주)동부종합건설,HT001,32.05,27.44,86,1,1,7,계단식,181500,415200,36300,197400,0,0,0,,,,,,,,,,,,서울신중초등학교,B100000768,서울특별시 서초구 서초동 1466-6번지,공립,단설,19360601,서울특별시교육청,http://sinjung.sen.es.kr,20230531,21.0,22.5,455,378,20230531,4,57,5,6,6,6,7,6,130,124,135,138,166,,1,5,36,833,1,3,0,0,20230531,10,,0,0.0,20230531,직영,3385,931,831091000,37.4801795,127.0093516,1165010800,서울시,19.8,17.4,서초구,23.0,20.9,7,135.0,162.0,
2,에비앙하우스(도시형),44㎡,서울시 서초구 서초동,1165010800,1487-110,서울시 서초구 효령로40길 40,37.481213,127.005899,16,0,7,7,244,49,9,(주)동부종합건설,HT001,44.61,38.2,86,1,1,1,계단식,273000,581280,54600,253680,0,0,0,,,,,,,,,,,,서울신중초등학교,B100000768,서울특별시 서초구 서초동 1466-6번지,공립,단설,19360601,서울특별시교육청,http://sinjung.sen.es.kr,20230531,21.0,22.5,455,378,20230531,4,57,5,6,6,6,7,6,130,124,135,138,166,,1,5,36,833,1,3,0,0,20230531,10,,0,0.0,20230531,직영,3385,931,831091000,37.4801795,127.0093516,1165010800,서울시,19.8,17.4,서초구,23.0,20.9,7,135.0,162.0,
3,에비앙하우스(도시형),51,서울시 서초구 서초동,1165010800,1487-110,서울시 서초구 효령로40길 40,37.481213,127.005899,16,0,7,7,244,49,9,(주)동부종합건설,HT001,51.26,43.88,86,2,1,7,계단식,301500,631440,60300,269640,0,0,0,,,,,,,,,,,,서울신중초등학교,B100000768,서울특별시 서초구 서초동 1466-6번지,공립,단설,19360601,서울특별시교육청,http://sinjung.sen.es.kr,20230531,21.0,22.5,455,378,20230531,4,57,5,6,6,6,7,6,130,124,135,138,166,,1,5,36,833,1,3,0,0,20230531,10,,0,0.0,20230531,직영,3385,931,831091000,37.4801795,127.0093516,1165010800,서울시,19.8,17.4,서초구,23.0,20.9,7,135.0,162.0,
0,"에피소드강남262(민간임대,도시형)",32A㎡,서울시 서초구 서초동,1165010800,1339-9,서울시 서초구 강남대로 299,37.489687,127.031051,149,149,20,20,918,58,100,디엘건설 주식회사,HT001,32.52,18.6,57,1,1,7,복도식,,,,,,,,,,,,,,,,,,,서울서이초등학교,B100000762,서울특별시 서초구 서초동 1334-2번지(서운로 85),공립,단설,19831203,서울특별시교육청,http://seo2.sen.es.kr,20230531,19.7,30.3,672,753,20230531,6,66,9,8,8,7,8,7,239,266,238,205,252,,0,0,47,1425,2,4,0,0,20230531,0,,0,0.0,20230531,직영,3347,1430,1370646000,37.49120942,127.02595329,1165010800,서울시,19.8,17.4,서초구,23.0,20.9,10,225.0,0.0,
1,"에피소드강남262(민간임대,도시형)",33B㎡,서울시 서초구 서초동,1165010800,1339-9,서울시 서초구 강남대로 299,37.489687,127.031051,149,149,20,20,918,58,100,디엘건설 주식회사,HT001,33.8,19.61,58,1,1,44,복도식,,,,,,,,,,,,,,,,"1,000/140",,"1,000/140",서울서이초등학교,B100000762,서울특별시 서초구 서초동 1334-2번지(서운로 85),공립,단설,19831203,서울특별시교육청,http://seo2.sen.es.kr,20230531,19.7,30.3,672,753,20230531,6,66,9,8,8,7,8,7,239,266,238,205,252,,0,0,47,1425,2,4,0,0,20230531,0,,0,0.0,20230531,직영,3347,1430,1370646000,37.49120942,127.02595329,1165010800,서울시,19.8,17.4,서초구,23.0,20.9,10,225.0,0.0,
2,"에피소드강남262(민간임대,도시형)",35A㎡,서울시 서초구 서초동,1165010800,1339-9,서울시 서초구 강남대로 299,37.489687,127.031051,149,149,20,20,918,58,100,디엘건설 주식회사,HT001,35.46,19.32,54,1,1,9,복도식,,,,,,,,,,,,,,,"1,000/173","1,000/176","1,000/173","1,000/176",서울서이초등학교,B100000762,서울특별시 서초구 서초동 1334-2번지(서운로 85),공립,단설,19831203,서울특별시교육청,http://seo2.sen.es.kr,20230531,19.7,30.3,672,753,20230531,6,66,9,8,8,7,8,7,239,266,238,205,252,,0,0,47,1425,2,4,0,0,20230531,0,,0,0.0,20230531,직영,3347,1430,1370646000,37.49120942,127.02595329,1165010800,서울시,19.8,17.4,서초구,23.0,20.9,10,225.0,0.0,
3,"에피소드강남262(민간임대,도시형)",36B㎡,서울시 서초구 서초동,1165010800,1339-9,서울시 서초구 강남대로 299,37.489687,127.031051,149,149,20,20,918,58,100,디엘건설 주식회사,HT001,36.84,20.99,57,1,1,9,복도식,,,,,,,,,,,,,,,,"1,000/157",,"1,000/157",서울서이초등학교,B100000762,서울특별시 서초구 서초동 1334-2번지(서운로 85),공립,단설,19831203,서울특별시교육청,http://seo2.sen.es.kr,20230531,19.7,30.3,672,753,20230531,6,66,9,8,8,7,8,7,239,266,238,205,252,,0,0,47,1425,2,4,0,0,20230531,0,,0,0.0,20230531,직영,3347,1430,1370646000,37.49120942,127.02595329,1165010800,서울시,19.8,17.4,서초구,23.0,20.9,10,225.0,0.0,
4,"에피소드강남262(민간임대,도시형)",39B㎡,서울시 서초구 서초동,1165010800,1339-9,서울시 서초구 강남대로 299,37.489687,127.031051,149,149,20,20,918,58,100,디엘건설 주식회사,HT001,39.32,23,58,1,1,27,복도식,,,,,,,,,,,,,,,,"1,000/208",,"1,000/208",서울서이초등학교,B100000762,서울특별시 서초구 서초동 1334-2번지(서운로 85),공립,단설,19831203,서울특별시교육청,http://seo2.sen.es.kr,20230531,19.7,30.3,672,753,20230531,6,66,9,8,8,7,8,7,239,266,238,205,252,,0,0,47,1425,2,4,0,0,20230531,0,,0,0.0,20230531,직영,3347,1430,1370646000,37.49120942,127.02595329,1165010800,서울시,19.8,17.4,서초구,23.0,20.9,10,225.0,0.0,
5,"에피소드강남262(민간임대,도시형)",39A㎡,서울시 서초구 서초동,1165010800,1339-9,서울시 서초구 강남대로 299,37.489687,127.031051,149,149,20,20,918,58,100,디엘건설 주식회사,HT001,39.01,22.65,58,1,1,9,복도식,,,,,,,,,,,,,,,,,,,서울서이초등학교,B100000762,서울특별시 서초구 서초동 1334-2번지(서운로 85),공립,단설,19831203,서울특별시교육청,http://seo2.sen.es.kr,20230531,19.7,30.3,672,753,20230531,6,66,9,8,8,7,8,7,239,266,238,205,252,,0,0,47,1425,2,4,0,0,20230531,0,,0,0.0,20230531,직영,3347,1430,1370646000,37.49120942,127.02595329,1165010800,서울시,19.8,17.4,서초구,23.0,20.9,10,225.0,0.0,
6,"에피소드강남262(민간임대,도시형)",44㎡,서울시 서초구 서초동,1165010800,1339-9,서울시 서초구 강남대로 299,37.489687,127.031051,149,149,20,20,918,58,100,디엘건설 주식회사,HT001,44.43,26.1,59,1,1,9,복도식,,,,,,,,,,,,,,,,"3,000/246",,"3,000/246",서울서이초등학교,B100000762,서울특별시 서초구 서초동 1334-2번지(서운로 85),공립,단설,19831203,서울특별시교육청,http://seo2.sen.es.kr,20230531,19.7,30.3,672,753,20230531,6,66,9,8,8,7,8,7,239,266,238,205,252,,0,0,47,1425,2,4,0,0,20230531,0,,0,0.0,20230531,직영,3347,1430,1370646000,37.49120942,127.02595329,1165010800,서울시,19.8,17.4,서초구,23.0,20.9,10,225.0,0.0,
7,"에피소드강남262(민간임대,도시형)",49A㎡,서울시 서초구 서초동,1165010800,1339-9,서울시 서초구 강남대로 299,37.489687,127.031051,149,149,20,20,918,58,100,디엘건설 주식회사,HT001,49.01,28.62,58,1,1,2,복도식,,,,,,,,,,,,,,,,,,,서울서이초등학교,B100000762,서울특별시 서초구 서초동 1334-2번지(서운로 85),공립,단설,19831203,서울특별시교육청,http://seo2.sen.es.kr,20230531,19.7,30.3,672,753,20230531,6,66,9,8,8,7,8,7,239,266,238,205,252,,0,0,47,1425,2,4,0,0,20230531,0,,0,0.0,20230531,직영,3347,1430,1370646000,37.49120942,127.02595329,1165010800,서울시,19.8,17.4,서초구,23.0,20.9,10,225.0,0.0,
8,"에피소드강남262(민간임대,도시형)",50B㎡,서울시 서초구 서초동,1165010800,1339-9,서울시 서초구 강남대로 299,37.489687,127.031051,149,149,20,20,918,58,100,디엘건설 주식회사,HT001,50.32,29.63,59,1,1,6,복도식,,,,,,,,,,,,,,,,,,,서울서이초등학교,B100000762,서울특별시 서초구 서초동 1334-2번지(서운로 85),공립,단설,19831203,서울특별시교육청,http://seo2.sen.es.kr,20230531,19.7,30.3,672,753,20230531,6,66,9,8,8,7,8,7,239,266,238,205,252,,0,0,47,1425,2,4,0,0,20230531,0,,0,0.0,20230531,직영,3347,1430,1370646000,37.49120942,127.02595329,1165010800,서울시,19.8,17.4,서초구,23.0,20.9,10,225.0,0.0,
9,"에피소드강남262(민간임대,도시형)",53A㎡,서울시 서초구 서초동,1165010800,1339-9,서울시 서초구 강남대로 299,37.489687,127.031051,149,149,20,20,918,58,100,디엘건설 주식회사,HT001,53.01,30.77,58,1,1,9,복도식,,,,,,,,,,,,,,,,"3,000/189",,"3,000/189",서울서이초등학교,B100000762,서울특별시 서초구 서초동 1334-2번지(서운로 85),공립,단설,19831203,서울특별시교육청,http://seo2.sen.es.kr,20230531,19.7,30.3,672,753,20230531,6,66,9,8,8,7,8,7,239,266,238,205,252,,0,0,47,1425,2,4,0,0,20230531,0,,0,0.0,20230531,직영,3347,1430,1370646000,37.49120942,127.02595329,1165010800,서울시,19.8,17.4,서초구,23.0,20.9,10,225.0,0.0,
10,"에피소드강남262(민간임대,도시형)",54B㎡,서울시 서초구 서초동,1165010800,1339-9,서울시 서초구 강남대로 299,37.489687,127.031051,149,149,20,20,918,58,100,디엘건설 주식회사,HT001,54.43,31.42,58,1,1,9,복도식,,,,,,,,,,,,,,,,"3,000/191",,"3,000/191",서울서이초등학교,B100000762,서울특별시 서초구 서초동 1334-2번지(서운로 85),공립,단설,19831203,서울특별시교육청,http://seo2.sen.es.kr,20230531,19.7,30.3,672,753,20230531,6,66,9,8,8,7,8,7,239,266,238,205,252,,0,0,47,1425,2,4,0,0,20230531,0,,0,0.0,20230531,직영,3347,1430,1370646000,37.49120942,127.02595329,1165010800,서울시,19.8,17.4,서초구,23.0,20.9,10,225.0,0.0,
11,"에피소드강남262(민간임대,도시형)",69,서울시 서초구 서초동,1165010800,1339-9,서울시 서초구 강남대로 299,37.489687,127.031051,149,149,20,20,918,58,100,디엘건설 주식회사,HT001,69.11,40.86,59,1,1,9,복도식,,,,,,,,,,,,,,,,,,,서울서이초등학교,B100000762,서울특별시 서초구 서초동 1334-2번지(서운로 85),공립,단설,19831203,서울특별시교육청,http://seo2.sen.es.kr,20230531,19.7,30.3,672,753,20230531,6,66,9,8,8,7,8,7,239,266,238,205,252,,0,0,47,1425,2,4,0,0,20230531,0,,0,0.0,20230531,직영,3347,1430,1370646000,37.49120942,127.02595329,1165010800,서울시,19.8,17.4,서초구,23.0,20.9,10,225.0,0.0,
0,엘리제,83㎡,서울시 서초구 서초동,1165010800,1471-15,서울시 서초구 반포대로3길 41,37.481163,127.010175,10,0,5,5,243,55,12,승보종합건설주식회사,HT001,83.51,76.21,91,3,2,2,계단식,168300,445770,33660,243810,0,0,0,,,,,,,,,,,,서울신중초등학교,B100000768,서울특별시 서초구 서초동 1466-6번지,공립,단설,19360601,서울특별시교육청,http://sinjung.sen.es.kr,20230531,21.0,22.5,455,378,20230531,4,57,5,6,6,6,7,6,130,124,135,138,166,,1,5,36,833,1,3,0,0,20230531,10,,0,0.0,20230531,직영,3385,931,831091000,37.4801795,127.0093516,1165010800,서울시,19.8,17.4,서초구,23.0,20.9,3,135.0,162.0,
1,엘리제,106㎡,서울시 서초구 서초동,1165010800,1471-15,서울시 서초구 반포대로3길 41,37.481163,127.010175,10,0,5,5,243,55,12,승보종합건설주식회사,HT001,106.69,97.36,91,3,2,2,계단식,267300,633870,53460,313110,0,0,0,,,,,,,,,,,,서울신중초등학교,B100000768,서울특별시 서초구 서초동 1466-6번지,공립,단설,19360601,서울특별시교육청,http://sinjung.sen.es.kr,20230531,21.0,22.5,455,378,20230531,4,57,5,6,6,6,7,6,130,124,135,138,166,,1,5,36,833,1,3,0,0,20230531,10,,0,0.0,20230531,직영,3385,931,831091000,37.4801795,127.0093516,1165010800,서울시,19.8,17.4,서초구,23.0,20.9,3,135.0,162.0,
2,엘리제,113,서울시 서초구 서초동,1165010800,1471-15,서울시 서초구 반포대로3길 41,37.481163,127.010175,10,0,5,5,243,55,12,승보종합건설주식회사,HT001,113.33,103.42,91,3,2,6,계단식,290700,678330,58140,329490,0,0,0,,,,,,,,,,,,서울신중초등학교,B100000768,서울특별시 서초구 서초동 1466-6번지,공립,단설,19360601,서울특별시교육청,http://sinjung.sen.es.kr,20230531,21.0,22.5,455,378,20230531,4,57,5,6,6,6,7,6,130,124,135,138,166,,1,5,36,833,1,3,0,0,20230531,10,,0,0.0,20230531,직영,3385,931,831091000,37.4801795,127.0093516,1165010800,서울시,19.8,17.4,서초구,23.0,20.9,3,135.0,162.0,
0,예림,58㎡,서울시 서초구 서초동,1165010800,1531-6,서울시 서초구 효령로47길 18,37.484547,127.009656,16,0,6,5,255,59,17,이앤씨종합건설주식회사,HT001,58.49,50.64,87,2,1,1,계단식,127800,368820,25560,215460,0,0,0,,,,,,,,,,,,서울신중초등학교,B100000768,서울특별시 서초구 서초동 1466-6번지,공립,단설,19360601,서울특별시교육청,http://sinjung.sen.es.kr,20230531,21.0,22.5,455,378,20230531,4,57,5,6,6,6,7,6,130,124,135,138,166,,1,5,36,833,1,3,0,0,20230531,10,,0,0.0,20230531,직영,3385,931,831091000,37.4801795,127.0093516,1165010800,서울시,19.8,17.4,서초구,23.0,20.9,9,135.0,162.0,
1,예림,74A㎡,서울시 서초구 서초동,1165010800,1531-6,서울시 서초구 효령로47길 18,37.484547,127.009656,16,0,6,5,255,59,17,이앤씨종합건설주식회사,HT001,74.84,64.79,87,2,1,1,계단식,167400,444060,33480,243180,0,0,0,,,,,,,,,,,,서울신중초등학교,B100000768,서울특별시 서초구 서초동 1466-6번지,공립,단설,19360601,서울특별시교육청,http://sinjung.sen.es.kr,20230531,21.0,22.5,455,378,20230531,4,57,5,6,6,6,7,6,130,124,135,138,166,,1,5,36,833,1,3,0,0,20230531,10,,0,0.0,20230531,직영,3385,931,831091000,37.4801795,127.0093516,1165010800,서울시,19.8,17.4,서초구,23.0,20.9,9,135.0,162.0,
2,예림,77B㎡,서울시 서초구 서초동,1165010800,1531-6,서울시 서초구 효령로47길 18,37.484547,127.009656,16,0,6,5,255,59,17,이앤씨종합건설주식회사,HT001,77.01,66.67,87,2,1,1,계단식,186300,479970,37260,256410,0,0,0,,,,,,,,,,,,서울신중초등학교,B100000768,서울특별시 서초구 서초동 1466-6번지,공립,단설,19360601,서울특별시교육청,http://sinjung.sen.es.kr,20230531,21.0,22.5,455,378,20230531,4,57,5,6,6,6,7,6,130,124,135,138,166,,1,5,36,833,1,3,0,0,20230531,10,,0,0.0,20230531,직영,3385,931,831091000,37.4801795,127.0093516,1165010800,서울시,19.8,17.4,서초구,23.0,20.9,9,135.0,162.0,
3,예림,77C㎡,서울시 서초구 서초동,1165010800,1531-6,서울시 서초구 효령로47길 18,37.484547,127.009656,16,0,6,5,255,59,17,이앤씨종합건설주식회사,HT001,77.31,66.93,87,2,1,1,계단식,201600,509040,40320,267120,0,0,0,,,,,,,,,,,,서울신중초등학교,B100000768,서울특별시 서초구 서초동 1466-6번지,공립,단설,19360601,서울특별시교육청,http://sinjung.sen.es.kr,20230531,21.0,22.5,455,378,20230531,4,57,5,6,6,6,7,6,130,124,135,138,166,,1,5,36,833,1,3,0,0,20230531,10,,0,0.0,20230531,직영,3385,931,831091000,37.4801795,127.0093516,1165010800,서울시,19.8,17.4,서초구,23.0,20.9,9,135.0,162.0,
4,예림,86㎡,서울시 서초구 서초동,1165010800,1531-6,서울시 서초구 효령로47길 18,37.484547,127.009656,16,0,6,5,255,59,17,이앤씨종합건설주식회사,HT001,86.1,74.54,87,2,1,1,계단식,207000,519300,41400,270900,0,0,0,,,,,,,,,,,,서울신중초등학교,B100000768,서울특별시 서초구 서초동 1466-6번지,공립,단설,19360601,서울특별시교육청,http://sinjung.sen.es.kr,20230531,21.0,22.5,455,378,20230531,4,57,5,6,6,6,7,6,130,124,135,138,166,,1,5,36,833,1,3,0,0,20230531,10,,0,0.0,20230531,직영,3385,931,831091000,37.4801795,127.0093516,1165010800,서울시,19.8,17.4,서초구,23.0,20.9,9,135.0,162.0,
5,예림,91㎡,서울시 서초구 서초동,1165010800,1531-6,서울시 서초구 효령로47길 18,37.484547,127.009656,16,0,6,5,255,59,17,이앤씨종합건설주식회사,HT001,91.53,79.24,87,3,1,1,계단식,227700,558630,45540,285390,0,0,0,,,,,,,,,,,,서울신중초등학교,B100000768,서울특별시 서초구 서초동 1466-6번지,공립,단설,19360601,서울특별시교육청,http://sinjung.sen.es.kr,20230531,21.0,22.5,455,378,20230531,4,57,5,6,6,6,7,6,130,124,135,138,166,,1,5,36,833,1,3,0,0,20230531,10,,0,0.0,20230531,직영,3385,931,831091000,37.4801795,127.0093516,1165010800,서울시,19.8,17.4,서초구,23.0,20.9,9,135.0,162.0,
6,예림,97A㎡,서울시 서초구 서초동,1165010800,1531-6,서울시 서초구 효령로47길 18,37.484547,127.009656,16,0,6,5,255,59,17,이앤씨종합건설주식회사,HT001,97.12,84.08,87,3,2,4,계단식,271800,642420,54360,316260,0,0,0,,,,,,,,,,,,서울신중초등학교,B100000768,서울특별시 서초구 서초동 1466-6번지,공립,단설,19360601,서울특별시교육청,http://sinjung.sen.es.kr,20230531,21.0,22.5,455,378,20230531,4,57,5,6,6,6,7,6,130,124,135,138,166,,1,5,36,833,1,3,0,0,20230531,10,,0,0.0,20230531,직영,3385,931,831091000,37.4801795,127.0093516,1165010800,서울시,19.8,17.4,서초구,23.0,20.9,9,135.0,162.0,
7,예림,97B㎡,서울시 서초구 서초동,1165010800,1531-6,서울시 서초구 효령로47길 18,37.484547,127.009656,16,0,6,5,255,59,17,이앤씨종합건설주식회사,HT001,97.21,84.16,87,3,2,3,계단식,271800,642420,54360,316260,0,0,0,,,,,,,,,,,,서울신중초등학교,B100000768,서울특별시 서초구 서초동 1466-6번지,공립,단설,19360601,서울특별시교육청,http://sinjung.sen.es.kr,20230531,21.0,22.5,455,378,20230531,4,57,5,6,6,6,7,6,130,124,135,138,166,,1,5,36,833,1,3,0,0,20230531,10,,0,0.0,20230531,직영,3385,931,831091000,37.4801795,127.0093516,1165010800,서울시,19.8,17.4,서초구,23.0,20.9,9,135.0,162.0,
8,예림,98,서울시 서초구 서초동,1165010800,1531-6,서울시 서초구 효령로47길 18,37.484547,127.009656,16,0,6,5,255,59,17,이앤씨종합건설주식회사,HT001,98.17,84.99,87,3,2,3,계단식,271800,642420,54360,316260,0,0,0,,,,,,,,,,,,서울신중초등학교,B100000768,서울특별시 서초구 서초동 1466-6번지,공립,단설,19360601,서울특별시교육청,http://sinjung.sen.es.kr,20230531,21.0,22.5,455,378,20230531,4,57,5,6,6,6,7,6,130,124,135,138,166,,1,5,36,833,1,3,0,0,20230531,10,,0,0.0,20230531,직영,3385,931,831091000,37.4801795,127.0093516,1165010800,서울시,19.8,17.4,서초구,23.0,20.9,9,135.0,162.0,
0,옥스포드빌,83㎡,서울시 서초구 서초동,1165010800,1514-6,서울시 서초구 명달로20길 25,37.486188,127.005552,11,0,6,5,257,57,11,제인건설(주),HT001,83.42,72.84,87,3,2,1,계단식,299700,695430,59940,335790,0,0,0,,,,,,,,,,,,서울신중초등학교,B100000768,서울특별시 서초구 서초동 1466-6번지,공립,단설,19360601,서울특별시교육청,http://sinjung.sen.es.kr,20230531,21.0,22.5,455,378,20230531,4,57,5,6,6,6,7,6,130,124,135,138,166,,1,5,36,833,1,3,0,0,20230531,10,,0,0.0,20230531,직영,3385,931,831091000,37.4801795,127.0093516,1165010800,서울시,19.8,17.4,서초구,23.0,20.9,14,135.0,162.0,
1,옥스포드빌,85A㎡,서울시 서초구 서초동,1165010800,1514-6,서울시 서초구 명달로20길 25,37.486188,127.005552,11,0,6,5,257,57,11,제인건설(주),HT001,85.91,75.01,87,3,2,1,계단식,334800,762120,66960,360360,0,0,0,,,,,,,,,,,,서울신중초등학교,B100000768,서울특별시 서초구 서초동 1466-6번지,공립,단설,19360601,서울특별시교육청,http://sinjung.sen.es.kr,20230531,21.0,22.5,455,378,20230531,4,57,5,6,6,6,7,6,130,124,135,138,166,,1,5,36,833,1,3,0,0,20230531,10,,0,0.0,20230531,직영,3385,931,831091000,37.4801795,127.0093516,1165010800,서울시,19.8,17.4,서초구,23.0,20.9,14,135.0,162.0,
2,옥스포드빌,85B㎡,서울시 서초구 서초동,1165010800,1514-6,서울시 서초구 명달로20길 25,37.486188,127.005552,11,0,6,5,257,57,11,제인건설(주),HT001,85.95,75.05,87,3,2,1,계단식,334800,762120,66960,360360,0,0,0,,,,,,,"7억 2,500",,,,,서울신중초등학교,B100000768,서울특별시 서초구 서초동 1466-6번지,공립,단설,19360601,서울특별시교육청,http://sinjung.sen.es.kr,20230531,21.0,22.5,455,378,20230531,4,57,5,6,6,6,7,6,130,124,135,138,166,,1,5,36,833,1,3,0,0,20230531,10,,0,0.0,20230531,직영,3385,931,831091000,37.4801795,127.0093516,1165010800,서울시,19.8,17.4,서초구,23.0,20.9,14,135.0,162.0,
3,옥스포드빌,86C㎡,서울시 서초구 서초동,1165010800,1514-6,서울시 서초구 명달로20길 25,37.486188,127.005552,11,0,6,5,257,57,11,제인건설(주),HT001,86.08,75.16,87,3,2,2,계단식,314100,722790,62820,345870,0,0,0,,,,,,,,,,,,서울신중초등학교,B100000768,서울특별시 서초구 서초동 1466-6번지,공립,단설,19360601,서울특별시교육청,http://sinjung.sen.es.kr,20230531,21.0,22.5,455,378,20230531,4,57,5,6,6,6,7,6,130,124,135,138,166,,1,5,36,833,1,3,0,0,20230531,10,,0,0.0,20230531,직영,3385,931,831091000,37.4801795,127.0093516,1165010800,서울시,19.8,17.4,서초구,23.0,20.9,14,135.0,162.0,
4,옥스포드빌,87D㎡,서울시 서초구 서초동,1165010800,1514-6,서울시 서초구 명달로20길 25,37.486188,127.005552,11,0,6,5,257,57,11,제인건설(주),HT001,87.51,76.41,87,3,2,1,계단식,330300,753570,66060,357210,0,0,0,,,,,,,,,,,,서울신중초등학교,B100000768,서울특별시 서초구 서초동 1466-6번지,공립,단설,19360601,서울특별시교육청,http://sinjung.sen.es.kr,20230531,21.0,22.5,455,378,20230531,4,57,5,6,6,6,7,6,130,124,135,138,166,,1,5,36,833,1,3,0,0,20230531,10,,0,0.0,20230531,직영,3385,931,831091000,37.4801795,127.0093516,1165010800,서울시,19.8,17.4,서초구,23.0,20.9,14,135.0,162.0,
5,옥스포드빌,88㎡,서울시 서초구 서초동,1165010800,1514-6,서울시 서초구 명달로20길 25,37.486188,127.005552,11,0,6,5,257,57,11,제인건설(주),HT001,88.62,77.38,87,3,2,4,계단식,349200,789480,69840,370440,0,0,0,,,,,,,,,,,,서울신중초등학교,B100000768,서울특별시 서초구 서초동 1466-6번지,공립,단설,19360601,서울특별시교육청,http://sinjung.sen.es.kr,20230531,21.0,22.5,455,378,20230531,4,57,5,6,6,6,7,6,130,124,135,138,166,,1,5,36,833,1,3,0,0,20230531,10,,0,0.0,20230531,직영,3385,931,831091000,37.4801795,127.0093516,1165010800,서울시,19.8,17.4,서초구,23.0,20.9,14,135.0,162.0,
6,옥스포드빌,105,서울시 서초구 서초동,1165010800,1514-6,서울시 서초구 명달로20길 25,37.486188,127.005552,11,0,6,5,257,57,11,제인건설(주),HT001,105.67,92.25,87,3,2,1,계단식,355500,801450,71100,374850,0,0,0,,,,,,,,,,,,서울신중초등학교,B100000768,서울특별시 서초구 서초동 1466-6번지,공립,단설,19360601,서울특별시교육청,http://sinjung.sen.es.kr,20230531,21.0,22.5,455,378,20230531,4,57,5,6,6,6,7,6,130,124,135,138,166,,1,5,36,833,1,3,0,0,20230531,10,,0,0.0,20230531,직영,3385,931,831091000,37.4801795,127.0093516,1165010800,서울시,19.8,17.4,서초구,23.0,20.9,14,135.0,162.0,
0,옥스포드빌2차,49㎡,서울시 서초구 서초동,1165010800,1519-5,서울시 서초구 명달로16길 31-6,37.485327,127.005971,7,0,5,4,194,57,7,제인건설(주),HT001,49.51,41.72,84,2,1,1,계단식,146400,340320,29280,164640,0,0,0,,,,,,,,,,,,서울신중초등학교,B100000768,서울특별시 서초구 서초동 1466-6번지,공립,단설,19360601,서울특별시교육청,http://sinjung.sen.es.kr,20230531,21.0,22.5,455,378,20230531,4,57,5,6,6,6,7,6,130,124,135,138,166,,1,5,36,833,1,3,0,0,20230531,10,,0,0.0,20230531,직영,3385,931,831091000,37.4801795,127.0093516,1165010800,서울시,19.8,17.4,서초구,23.0,20.9,14,135.0,162.0,
1,옥스포드빌2차,84A㎡,서울시 서초구 서초동,1165010800,1519-5,서울시 서초구 명달로16길 31-6,37.485327,127.005971,7,0,5,4,194,57,7,제인건설(주),HT001,84.64,71.32,84,3,2,2,계단식,325500,673680,65100,283080,0,0,0,,,,,,,,,,,,서울신중초등학교,B100000768,서울특별시 서초구 서초동 1466-6번지,공립,단설,19360601,서울특별시교육청,http://sinjung.sen.es.kr,20230531,21.0,22.5,455,378,20230531,4,57,5,6,6,6,7,6,130,124,135,138,166,,1,5,36,833,1,3,0,0,20230531,10,,0,0.0,20230531,직영,3385,931,831091000,37.4801795,127.0093516,1165010800,서울시,19.8,17.4,서초구,23.0,20.9,14,135.0,162.0,
2,옥스포드빌2차,85B㎡,서울시 서초구 서초동,1165010800,1519-5,서울시 서초구 명달로16길 31-6,37.485327,127.005971,7,0,5,4,194,57,7,제인건설(주),HT001,85.56,72.09,84,3,2,3,계단식,330000,681600,66000,285600,0,0,0,,,,,"9억 9,000",,,,,,,서울신중초등학교,B100000768,서울특별시 서초구 서초동 1466-6번지,공립,단설,19360601,서울특별시교육청,http://sinjung.sen.es.kr,20230531,21.0,22.5,455,378,20230531,4,57,5,6,6,6,7,6,130,124,135,138,166,,1,5,36,833,1,3,0,0,20230531,10,,0,0.0,20230531,직영,3385,931,831091000,37.4801795,127.0093516,1165010800,서울시,19.8,17.4,서초구,23.0,20.9,14,135.0,162.0,
3,옥스포드빌2차,104,서울시 서초구 서초동,1165010800,1519-5,서울시 서초구 명달로16길 31-6,37.485327,127.005971,7,0,5,4,194,57,7,제인건설(주),HT001,104.13,87.75,84,3,2,1,계단식,421500,842640,84300,336840,0,0,0,,,,,,,,,,,,서울신중초등학교,B100000768,서울특별시 서초구 서초동 1466-6번지,공립,단설,19360601,서울특별시교육청,http://sinjung.sen.es.kr,20230531,21.0,22.5,455,378,20230531,4,57,5,6,6,6,7,6,130,124,135,138,166,,1,5,36,833,1,3,0,0,20230531,10,,0,0.0,20230531,직영,3385,931,831091000,37.4801795,127.0093516,1165010800,서울시,19.8,17.4,서초구,23.0,20.9,14,135.0,162.0,
0,와이에이치빌리지,24㎡,서울시 서초구 서초동,1165010800,1630-2,서울시 서초구 서리풀8길 1,37.489653,127.020145,20,0,5,5,185,56,9,(주)세담종합건설,HT001,24.72,19.31,78,1,1,1,계단식,124800,294240,24960,144480,0,0,0,,,,,,,,,,,,서울서이초등학교,B100000762,서울특별시 서초구 서초동 1334-2번지(서운로 85),공립,단설,19831203,서울특별시교육청,http://seo2.sen.es.kr,20230531,19.7,30.3,672,753,20230531,6,66,9,8,8,7,8,7,239,266,238,205,252,,0,0,47,1425,2,4,0,0,20230531,0,,0,0.0,20230531,직영,3347,1430,1370646000,37.49120942,127.02595329,1165010800,서울시,19.8,17.4,서초구,23.0,20.9,9,225.0,0.0,
1,와이에이치빌리지,26㎡,서울시 서초구 서초동,1165010800,1630-2,서울시 서초구 서리풀8길 1,37.489653,127.020145,20,0,5,5,185,56,9,(주)세담종합건설,HT001,26.12,20.4,78,1,1,1,계단식,134700,315360,26940,153720,0,0,0,,,,,,,,,,,,서울서이초등학교,B100000762,서울특별시 서초구 서초동 1334-2번지(서운로 85),공립,단설,19831203,서울특별시교육청,http://seo2.sen.es.kr,20230531,19.7,30.3,672,753,20230531,6,66,9,8,8,7,8,7,239,266,238,205,252,,0,0,47,1425,2,4,0,0,20230531,0,,0,0.0,20230531,직영,3347,1430,1370646000,37.49120942,127.02595329,1165010800,서울시,19.8,17.4,서초구,23.0,20.9,9,225.0,0.0,
2,와이에이치빌리지,29A㎡,서울시 서초구 서초동,1165010800,1630-2,서울시 서초구 서리풀8길 1,37.489653,127.020145,20,0,5,5,185,56,9,(주)세담종합건설,HT001,29.02,22.67,78,1,1,1,계단식,152700,353760,30540,170520,0,0,0,,,,,,,,,,,,서울서이초등학교,B100000762,서울특별시 서초구 서초동 1334-2번지(서운로 85),공립,단설,19831203,서울특별시교육청,http://seo2.sen.es.kr,20230531,19.7,30.3,672,753,20230531,6,66,9,8,8,7,8,7,239,266,238,205,252,,0,0,47,1425,2,4,0,0,20230531,0,,0,0.0,20230531,직영,3347,1430,1370646000,37.49120942,127.02595329,1165010800,서울시,19.8,17.4,서초구,23.0,20.9,9,225.0,0.0,
3,와이에이치빌리지,29B㎡,서울시 서초구 서초동,1165010800,1630-2,서울시 서초구 서리풀8길 1,37.489653,127.020145,20,0,5,5,185,56,9,(주)세담종합건설,HT001,29.73,23.22,78,1,1,1,계단식,160800,371040,32160,178080,0,0,0,,,,,,,,,,,,서울서이초등학교,B100000762,서울특별시 서초구 서초동 1334-2번지(서운로 85),공립,단설,19831203,서울특별시교육청,http://seo2.sen.es.kr,20230531,19.7,30.3,672,753,20230531,6,66,9,8,8,7,8,7,239,266,238,205,252,,0,0,47,1425,2,4,0,0,20230531,0,,0,0.0,20230531,직영,3347,1430,1370646000,37.49120942,127.02595329,1165010800,서울시,19.8,17.4,서초구,23.0,20.9,9,225.0,0.0,
4,와이에이치빌리지,31A㎡,서울시 서초구 서초동,1165010800,1630-2,서울시 서초구 서리풀8길 1,37.489653,127.020145,20,0,5,5,185,56,9,(주)세담종합건설,HT001,31.88,24.91,78,1,1,3,계단식,175200,401760,35040,191520,0,0,0,,,,,,,,,,,,서울서이초등학교,B100000762,서울특별시 서초구 서초동 1334-2번지(서운로 85),공립,단설,19831203,서울특별시교육청,http://seo2.sen.es.kr,20230531,19.7,30.3,672,753,20230531,6,66,9,8,8,7,8,7,239,266,238,205,252,,0,0,47,1425,2,4,0,0,20230531,0,,0,0.0,20230531,직영,3347,1430,1370646000,37.49120942,127.02595329,1165010800,서울시,19.8,17.4,서초구,23.0,20.9,9,225.0,0.0,
5,와이에이치빌리지,32B㎡,서울시 서초구 서초동,1165010800,1630-2,서울시 서초구 서리풀8길 1,37.489653,127.020145,20,0,5,5,185,56,9,(주)세담종합건설,HT001,32.84,25.65,78,1,1,1,계단식,177000,405600,35400,193200,0,0,0,,,,,,,,,,,,서울서이초등학교,B100000762,서울특별시 서초구 서초동 1334-2번지(서운로 85),공립,단설,19831203,서울특별시교육청,http://seo2.sen.es.kr,20230531,19.7,30.3,672,753,20230531,6,66,9,8,8,7,8,7,239,266,238,205,252,,0,0,47,1425,2,4,0,0,20230531,0,,0,0.0,20230531,직영,3347,1430,1370646000,37.49120942,127.02595329,1165010800,서울시,19.8,17.4,서초구,23.0,20.9,9,225.0,0.0,
6,와이에이치빌리지,33D㎡,서울시 서초구 서초동,1165010800,1630-2,서울시 서초구 서리풀8길 1,37.489653,127.020145,20,0,5,5,185,56,9,(주)세담종합건설,HT001,33.71,26.33,78,1,1,2,계단식,186900,426720,37380,202440,0,0,0,,,,,,,,,,,,서울서이초등학교,B100000762,서울특별시 서초구 서초동 1334-2번지(서운로 85),공립,단설,19831203,서울특별시교육청,http://seo2.sen.es.kr,20230531,19.7,30.3,672,753,20230531,6,66,9,8,8,7,8,7,239,266,238,205,252,,0,0,47,1425,2,4,0,0,20230531,0,,0,0.0,20230531,직영,3347,1430,1370646000,37.49120942,127.02595329,1165010800,서울시,19.8,17.4,서초구,23.0,20.9,9,225.0,0.0,
7,와이에이치빌리지,33C㎡,서울시 서초구 서초동,1165010800,1630-2,서울시 서초구 서리풀8길 1,37.489653,127.020145,20,0,5,5,185,56,9,(주)세담종합건설,HT001,33.31,26.02,78,1,1,1,계단식,185100,422880,37020,200760,0,0,0,,,,,,,,,,,,서울서이초등학교,B100000762,서울특별시 서초구 서초동 1334-2번지(서운로 85),공립,단설,19831203,서울특별시교육청,http://seo2.sen.es.kr,20230531,19.7,30.3,672,753,20230531,6,66,9,8,8,7,8,7,239,266,238,205,252,,0,0,47,1425,2,4,0,0,20230531,0,,0,0.0,20230531,직영,3347,1430,1370646000,37.49120942,127.02595329,1165010800,서울시,19.8,17.4,서초구,23.0,20.9,9,225.0,0.0,
8,와이에이치빌리지,34E㎡,서울시 서초구 서초동,1165010800,1630-2,서울시 서초구 서리풀8길 1,37.489653,127.020145,20,0,5,5,185,56,9,(주)세담종합건설,HT001,34.52,26.97,78,1,1,4,계단식,193200,440160,38640,208320,0,0,0,,,,,,,,,,,,서울서이초등학교,B100000762,서울특별시 서초구 서초동 1334-2번지(서운로 85),공립,단설,19831203,서울특별시교육청,http://seo2.sen.es.kr,20230531,19.7,30.3,672,753,20230531,6,66,9,8,8,7,8,7,239,266,238,205,252,,0,0,47,1425,2,4,0,0,20230531,0,,0,0.0,20230531,직영,3347,1430,1370646000,37.49120942,127.02595329,1165010800,서울시,19.8,17.4,서초구,23.0,20.9,9,225.0,0.0,
9,와이에이치빌리지,35A㎡,서울시 서초구 서초동,1165010800,1630-2,서울시 서초구 서리풀8길 1,37.489653,127.020145,20,0,5,5,185,56,9,(주)세담종합건설,HT001,35.71,27.9,78,1,1,3,계단식,204000,459840,40800,215040,0,0,0,,,,,,,,,,,,서울서이초등학교,B100000762,서울특별시 서초구 서초동 1334-2번지(서운로 85),공립,단설,19831203,서울특별시교육청,http://seo2.sen.es.kr,20230531,19.7,30.3,672,753,20230531,6,66,9,8,8,7,8,7,239,266,238,205,252,,0,0,47,1425,2,4,0,0,20230531,0,,0,0.0,20230531,직영,3347,1430,1370646000,37.49120942,127.02595329,1165010800,서울시,19.8,17.4,서초구,23.0,20.9,9,225.0,0.0,
10,와이에이치빌리지,37B,서울시 서초구 서초동,1165010800,1630-2,서울시 서초구 서리풀8길 1,37.489653,127.020145,20,0,5,5,185,56,9,(주)세담종합건설,HT001,37.74,29.49,78,1,1,2,계단식,225000,496800,45000,226800,0,0,0,,,,,,,,,,,,서울서이초등학교,B100000762,서울특별시 서초구 서초동 1334-2번지(서운로 85),공립,단설,19831203,서울특별시교육청,http://seo2.sen.es.kr,20230531,19.7,30.3,672,753,20230531,6,66,9,8,8,7,8,7,239,266,238,205,252,,0,0,47,1425,2,4,0,0,20230531,0,,0,0.0,20230531,직영,3347,1430,1370646000,37.49120942,127.02595329,1165010800,서울시,19.8,17.4,서초구,23.0,20.9,9,225.0,0.0,
0,우성5차,74㎡,서울시 서초구 서초동,1165010800,1326-17,서울시 서초구 서초대로74길 30,37.494502,127.026894,408,0,23,19,295,18,410,(주)우성건설,HT005,74.48,57.26,77,2,1,20,복도식,1202400,2084220,240480,641340,0,0,0,,270781,164830,,,,"6억 9,000",,,,,서울서이초등학교,B100000762,서울특별시 서초구 서초동 1334-2번지(서운로 85),공립,단설,19831203,서울특별시교육청,http://seo2.sen.es.kr,20230531,19.7,30.3,672,753,20230531,6,66,9,8,8,7,8,7,239,266,238,205,252,,0,0,47,1425,2,4,0,0,20230531,0,,0,0.0,20230531,직영,3347,1430,1370646000,37.49120942,127.02595329,1165010800,서울시,19.8,17.4,서초구,23.0,20.9,7,225.0,0.0,
1,우성5차,79㎡,서울시 서초구 서초동,1165010800,1326-17,서울시 서초구 서초대로74길 30,37.494502,127.026894,408,0,23,19,295,18,410,(주)우성건설,HT005,79.88,59.93,75,2,1,168,복도식,1463400,2488770,292680,732690,190512,158760,31752,,283407,172516,"15억 5,000","16억 5,000","6억 8,000","7억 5,000",,"3억 5,000/160",,"3억 5,000/160",서울서이초등학교,B100000762,서울특별시 서초구 서초동 1334-2번지(서운로 85),공립,단설,19831203,서울특별시교육청,http://seo2.sen.es.kr,20230531,19.7,30.3,672,753,20230531,6,66,9,8,8,7,8,7,239,266,238,205,252,,0,0,47,1425,2,4,0,0,20230531,0,,0,0.0,20230531,직영,3347,1430,1370646000,37.49120942,127.02595329,1165010800,서울시,19.8,17.4,서초구,23.0,20.9,7,225.0,0.0,
2,우성5차,99㎡,서울시 서초구 서초동,1165010800,1326-17,서울시 서초구 서초대로74길 30,37.494502,127.026894,408,0,23,19,295,18,410,(주)우성건설,HT005,99.73,76.67,77,3,1,72,복도식,1852200,3091410,370440,868770,843696,703080,140616,,362570,220704,21억,23억,,,3억/200,6억/120,3억/200,6억/120,서울서이초등학교,B100000762,서울특별시 서초구 서초동 1334-2번지(서운로 85),공립,단설,19831203,서울특별시교육청,http://seo2.sen.es.kr,20230531,19.7,30.3,672,753,20230531,6,66,9,8,8,7,8,7,239,266,238,205,252,,0,0,47,1425,2,4,0,0,20230531,0,,0,0.0,20230531,직영,3347,1430,1370646000,37.49120942,127.02595329,1165010800,서울시,19.8,17.4,서초구,23.0,20.9,7,225.0,0.0,
3,우성5차,110㎡,서울시 서초구 서초동,1165010800,1326-17,서울시 서초구 서초대로74길 30,37.494502,127.026894,408,0,23,19,295,18,410,(주)우성건설,HT005,110.47,84.93,77,3,2,88,복도식,2098800,3473640,419760,955080,1257984,1048320,209664,,401631,244481,21억,23억,"9억 1,000","9억 5,000",,,,,서울서이초등학교,B100000762,서울특별시 서초구 서초동 1334-2번지(서운로 85),공립,단설,19831203,서울특별시교육청,http://seo2.sen.es.kr,20230531,19.7,30.3,672,753,20230531,6,66,9,8,8,7,8,7,239,266,238,205,252,,0,0,47,1425,2,4,0,0,20230531,0,,0,0.0,20230531,직영,3347,1430,1370646000,37.49120942,127.02595329,1165010800,서울시,19.8,17.4,서초구,23.0,20.9,7,225.0,0.0,
4,우성5차,167,서울시 서초구 서초동,1165010800,1326-17,서울시 서초구 서초대로74길 30,37.494502,127.026894,408,0,23,19,295,18,410,(주)우성건설,HT005,167.83,134.91,80,4,2,60,복도식,2592000,4238100,518400,1127700,2360160,1966800,393360,,637985,388355,,30억,,,,,,,서울서이초등학교,B100000762,서울특별시 서초구 서초동 1334-2번지(서운로 85),공립,단설,19831203,서울특별시교육청,http://seo2.sen.es.kr,20230531,19.7,30.3,672,753,20230531,6,66,9,8,8,7,8,7,239,266,238,205,252,,0,0,47,1425,2,4,0,0,20230531,0,,0,0.0,20230531,직영,3347,1430,1370646000,37.49120942,127.02595329,1165010800,서울시,19.8,17.4,서초구,23.0,20.9,7,225.0,0.0,
0,우정에쉐르,32A㎡,서울시 서초구 서초동,1165010800,1355-24,서울시 서초구 서운로3길 29,37.48464,127.028515,77,0,10,8,454,59,92,우정건설주식회사,HT001,32.6,26.9,83,1,1,1,계단식,,,,,,,,,,,,,,,,,,,서울서일초등학교,B100000763,서울특별시 서초구 서초동 1436-8번지,공립,단설,19861016,서울특별시교육청,http://seoulseoil.sen.es.kr,20230531,20.3,20.8,266,232,20230531,4,33,3,4,4,4,4,4,72,79,88,78,93,,1,5,23,498,1,4,0,0,20230531,6,,0,0.0,20230531,직영,3377,558,615924000,37.48478772,127.02260429,1165010800,서울시,19.8,17.4,서초구,23.0,20.9,11,83.0,87.0,
1,우정에쉐르,34B㎡,서울시 서초구 서초동,1165010800,1355-24,서울시 서초구 서운로3길 29,37.48464,127.028515,77,0,10,8,454,59,92,우정건설주식회사,HT001,34.53,28.5,83,1,1,1,계단식,,,,,,,,,,,,,,,,,,,서울서일초등학교,B100000763,서울특별시 서초구 서초동 1436-8번지,공립,단설,19861016,서울특별시교육청,http://seoulseoil.sen.es.kr,20230531,20.3,20.8,266,232,20230531,4,33,3,4,4,4,4,4,72,79,88,78,93,,1,5,23,498,1,4,0,0,20230531,6,,0,0.0,20230531,직영,3377,558,615924000,37.48478772,127.02260429,1165010800,서울시,19.8,17.4,서초구,23.0,20.9,11,83.0,87.0,
2,우정에쉐르,52㎡,서울시 서초구 서초동,1165010800,1355-24,서울시 서초구 서운로3길 29,37.48464,127.028515,77,0,10,8,454,59,92,우정건설주식회사,HT001,52.33,43.19,83,1,1,1,복도식,,,,,,,,,,,,,"4억 8,000","4억 9,000",,,,,서울서일초등학교,B100000763,서울특별시 서초구 서초동 1436-8번지,공립,단설,19861016,서울특별시교육청,http://seoulseoil.sen.es.kr,20230531,20.3,20.8,266,232,20230531,4,33,3,4,4,4,4,4,72,79,88,78,93,,1,5,23,498,1,4,0,0,20230531,6,,0,0.0,20230531,직영,3377,558,615924000,37.48478772,127.02260429,1165010800,서울시,19.8,17.4,서초구,23.0,20.9,11,83.0,87.0,
3,우정에쉐르,54㎡,서울시 서초구 서초동,1165010800,1355-24,서울시 서초구 서운로3길 29,37.48464,127.028515,77,0,10,8,454,59,92,우정건설주식회사,HT001,54.57,45.04,83,2,1,1,계단식,,,,,,,,,,,,,,,,,,,서울서일초등학교,B100000763,서울특별시 서초구 서초동 1436-8번지,공립,단설,19861016,서울특별시교육청,http://seoulseoil.sen.es.kr,20230531,20.3,20.8,266,232,20230531,4,33,3,4,4,4,4,4,72,79,88,78,93,,1,5,23,498,1,4,0,0,20230531,6,,0,0.0,20230531,직영,3377,558,615924000,37.48478772,127.02260429,1165010800,서울시,19.8,17.4,서초구,23.0,20.9,11,83.0,87.0,
4,우정에쉐르,57A㎡,서울시 서초구 서초동,1165010800,1355-24,서울시 서초구 서운로3길 29,37.48464,127.028515,77,0,10,8,454,59,92,우정건설주식회사,HT001,57.84,47.74,83,2,1,1,계단식,,,,,,,,,,,,,,,,,,,서울서일초등학교,B100000763,서울특별시 서초구 서초동 1436-8번지,공립,단설,19861016,서울특별시교육청,http://seoulseoil.sen.es.kr,20230531,20.3,20.8,266,232,20230531,4,33,3,4,4,4,4,4,72,79,88,78,93,,1,5,23,498,1,4,0,0,20230531,6,,0,0.0,20230531,직영,3377,558,615924000,37.48478772,127.02260429,1165010800,서울시,19.8,17.4,서초구,23.0,20.9,11,83.0,87.0,
5,우정에쉐르,60B㎡,서울시 서초구 서초동,1165010800,1355-24,서울시 서초구 서운로3길 29,37.48464,127.028515,77,0,10,8,454,59,92,우정건설주식회사,HT001,60.37,49.82,83,2,1,1,계단식,,,,,,,,,,,,,,,,,,,서울서일초등학교,B100000763,서울특별시 서초구 서초동 1436-8번지,공립,단설,19861016,서울특별시교육청,http://seoulseoil.sen.es.kr,20230531,20.3,20.8,266,232,20230531,4,33,3,4,4,4,4,4,72,79,88,78,93,,1,5,23,498,1,4,0,0,20230531,6,,0,0.0,20230531,직영,3377,558,615924000,37.48478772,127.02260429,1165010800,서울시,19.8,17.4,서초구,23.0,20.9,11,83.0,87.0,
6,우정에쉐르,63A㎡,서울시 서초구 서초동,1165010800,1355-24,서울시 서초구 서운로3길 29,37.48464,127.028515,77,0,10,8,454,59,92,우정건설주식회사,HT001,63.05,52.04,83,2,1,1,계단식,,,,,,,,,,,,,,,,,,,서울서일초등학교,B100000763,서울특별시 서초구 서초동 1436-8번지,공립,단설,19861016,서울특별시교육청,http://seoulseoil.sen.es.kr,20230531,20.3,20.8,266,232,20230531,4,33,3,4,4,4,4,4,72,79,88,78,93,,1,5,23,498,1,4,0,0,20230531,6,,0,0.0,20230531,직영,3377,558,615924000,37.48478772,127.02260429,1165010800,서울시,19.8,17.4,서초구,23.0,20.9,11,83.0,87.0,
7,우정에쉐르,64B㎡,서울시 서초구 서초동,1165010800,1355-24,서울시 서초구 서운로3길 29,37.48464,127.028515,77,0,10,8,454,59,92,우정건설주식회사,HT001,64.22,53,83,2,1,1,계단식,,,,,,,,,,,,,,,,,,,서울서일초등학교,B100000763,서울특별시 서초구 서초동 1436-8번지,공립,단설,19861016,서울특별시교육청,http://seoulseoil.sen.es.kr,20230531,20.3,20.8,266,232,20230531,4,33,3,4,4,4,4,4,72,79,88,78,93,,1,5,23,498,1,4,0,0,20230531,6,,0,0.0,20230531,직영,3377,558,615924000,37.48478772,127.02260429,1165010800,서울시,19.8,17.4,서초구,23.0,20.9,11,83.0,87.0,
8,우정에쉐르,77A㎡,서울시 서초구 서초동,1165010800,1355-24,서울시 서초구 서운로3길 29,37.48464,127.028515,77,0,10,8,454,59,92,우정건설주식회사,HT001,77.03,63.58,83,3,2,6,계단식,,,,,,,,,,,,,,,,,,,서울서일초등학교,B100000763,서울특별시 서초구 서초동 1436-8번지,공립,단설,19861016,서울특별시교육청,http://seoulseoil.sen.es.kr,20230531,20.3,20.8,266,232,20230531,4,33,3,4,4,4,4,4,72,79,88,78,93,,1,5,23,498,1,4,0,0,20230531,6,,0,0.0,20230531,직영,3377,558,615924000,37.48478772,127.02260429,1165010800,서울시,19.8,17.4,서초구,23.0,20.9,11,83.0,87.0,
9,우정에쉐르,78B㎡,서울시 서초구 서초동,1165010800,1355-24,서울시 서초구 서운로3길 29,37.48464,127.028515,77,0,10,8,454,59,92,우정건설주식회사,HT001,78.36,64.67,83,3,2,1,계단식,,,,,,,,,,,,,,,,,,,서울서일초등학교,B100000763,서울특별시 서초구 서초동 1436-8번지,공립,단설,19861016,서울특별시교육청,http://seoulseoil.sen.es.kr,20230531,20.3,20.8,266,232,20230531,4,33,3,4,4,4,4,4,72,79,88,78,93,,1,5,23,498,1,4,0,0,20230531,6,,0,0.0,20230531,직영,3377,558,615924000,37.48478772,127.02260429,1165010800,서울시,19.8,17.4,서초구,23.0,20.9,11,83.0,87.0,
10,우정에쉐르,78C㎡,서울시 서초구 서초동,1165010800,1355-24,서울시 서초구 서운로3길 29,37.48464,127.028515,77,0,10,8,454,59,92,우정건설주식회사,HT001,78.46,64.75,83,3,2,1,계단식,,,,,,,,,,,,,,,,,,,서울서일초등학교,B100000763,서울특별시 서초구 서초동 1436-8번지,공립,단설,19861016,서울특별시교육청,http://seoulseoil.sen.es.kr,20230531,20.3,20.8,266,232,20230531,4,33,3,4,4,4,4,4,72,79,88,78,93,,1,5,23,498,1,4,0,0,20230531,6,,0,0.0,20230531,직영,3377,558,615924000,37.48478772,127.02260429,1165010800,서울시,19.8,17.4,서초구,23.0,20.9,11,83.0,87.0,
11,우정에쉐르,80A㎡,서울시 서초구 서초동,1165010800,1355-24,서울시 서초구 서운로3길 29,37.48464,127.028515,77,0,10,8,454,59,92,우정건설주식회사,HT001,80.79,66.68,83,3,2,1,계단식,,,,,,,,,,,,,,,,,,,서울서일초등학교,B100000763,서울특별시 서초구 서초동 1436-8번지,공립,단설,19861016,서울특별시교육청,http://seoulseoil.sen.es.kr,20230531,20.3,20.8,266,232,20230531,4,33,3,4,4,4,4,4,72,79,88,78,93,,1,5,23,498,1,4,0,0,20230531,6,,0,0.0,20230531,직영,3377,558,615924000,37.48478772,127.02260429,1165010800,서울시,19.8,17.4,서초구,23.0,20.9,11,83.0,87.0,
12,우정에쉐르,83㎡,서울시 서초구 서초동,1165010800,1355-24,서울시 서초구 서운로3길 29,37.48464,127.028515,77,0,10,8,454,59,92,우정건설주식회사,HT001,83.93,69,82,3,2,1,계단식,,,,,,,,,,,,,,,,,,,서울서일초등학교,B100000763,서울특별시 서초구 서초동 1436-8번지,공립,단설,19861016,서울특별시교육청,http://seoulseoil.sen.es.kr,20230531,20.3,20.8,266,232,20230531,4,33,3,4,4,4,4,4,72,79,88,78,93,,1,5,23,498,1,4,0,0,20230531,6,,0,0.0,20230531,직영,3377,558,615924000,37.48478772,127.02260429,1165010800,서울시,19.8,17.4,서초구,23.0,20.9,11,83.0,87.0,
13,우정에쉐르,87㎡,서울시 서초구 서초동,1165010800,1355-24,서울시 서초구 서운로3길 29,37.48464,127.028515,77,0,10,8,454,59,92,우정건설주식회사,HT001,87.76,72.44,83,3,2,10,계단식,,,,,,,,,,,,,,"6억 8,000",,,,,서울서일초등학교,B100000763,서울특별시 서초구 서초동 1436-8번지,공립,단설,19861016,서울특별시교육청,http://seoulseoil.sen.es.kr,20230531,20.3,20.8,266,232,20230531,4,33,3,4,4,4,4,4,72,79,88,78,93,,1,5,23,498,1,4,0,0,20230531,6,,0,0.0,20230531,직영,3377,558,615924000,37.48478772,127.02260429,1165010800,서울시,19.8,17.4,서초구,23.0,20.9,11,83.0,87.0,
14,우정에쉐르,93㎡,서울시 서초구 서초동,1165010800,1355-24,서울시 서초구 서운로3길 29,37.48464,127.028515,77,0,10,8,454,59,92,우정건설주식회사,HT001,93.76,77.39,83,3,2,20,계단식,,,,,,,,,,,,,7억,"7억 5,000",,,,,서울서일초등학교,B100000763,서울특별시 서초구 서초동 1436-8번지,공립,단설,19861016,서울특별시교육청,http://seoulseoil.sen.es.kr,20230531,20.3,20.8,266,232,20230531,4,33,3,4,4,4,4,4,72,79,88,78,93,,1,5,23,498,1,4,0,0,20230531,6,,0,0.0,20230531,직영,3377,558,615924000,37.48478772,127.02260429,1165010800,서울시,19.8,17.4,서초구,23.0,20.9,11,83.0,87.0,
15,우정에쉐르,97㎡,서울시 서초구 서초동,1165010800,1355-24,서울시 서초구 서운로3길 29,37.48464,127.028515,77,0,10,8,454,59,92,우정건설주식회사,HT001,97.37,80.36,83,3,2,1,계단식,,,,,,,,,,,,,,,,,,,서울서일초등학교,B100000763,서울특별시 서초구 서초동 1436-8번지,공립,단설,19861016,서울특별시교육청,http://seoulseoil.sen.es.kr,20230531,20.3,20.8,266,232,20230531,4,33,3,4,4,4,4,4,72,79,88,78,93,,1,5,23,498,1,4,0,0,20230531,6,,0,0.0,20230531,직영,3377,558,615924000,37.48478772,127.02260429,1165010800,서울시,19.8,17.4,서초구,23.0,20.9,11,83.0,87.0,
16,우정에쉐르,99A㎡,서울시 서초구 서초동,1165010800,1355-24,서울시 서초구 서운로3길 29,37.48464,127.028515,77,0,10,8,454,59,92,우정건설주식회사,HT001,99.5,82.13,83,3,2,6,계단식,,,,,,,,,,,,,,,,,,,서울서일초등학교,B100000763,서울특별시 서초구 서초동 1436-8번지,공립,단설,19861016,서울특별시교육청,http://seoulseoil.sen.es.kr,20230531,20.3,20.8,266,232,20230531,4,33,3,4,4,4,4,4,72,79,88,78,93,,1,5,23,498,1,4,0,0,20230531,6,,0,0.0,20230531,직영,3377,558,615924000,37.48478772,127.02260429,1165010800,서울시,19.8,17.4,서초구,23.0,20.9,11,83.0,87.0,
17,우정에쉐르,99B㎡,서울시 서초구 서초동,1165010800,1355-24,서울시 서초구 서운로3길 29,37.48464,127.028515,77,0,10,8,454,59,92,우정건설주식회사,HT001,99.82,82.39,83,3,2,4,계단식,,,,,,,,,,,,,,,,,,,서울서일초등학교,B100000763,서울특별시 서초구 서초동 1436-8번지,공립,단설,19861016,서울특별시교육청,http://seoulseoil.sen.es.kr,20230531,20.3,20.8,266,232,20230531,4,33,3,4,4,4,4,4,72,79,88,78,93,,1,5,23,498,1,4,0,0,20230531,6,,0,0.0,20230531,직영,3377,558,615924000,37.48478772,127.02260429,1165010800,서울시,19.8,17.4,서초구,23.0,20.9,11,83.0,87.0,
18,우정에쉐르,100C㎡,서울시 서초구 서초동,1165010800,1355-24,서울시 서초구 서운로3길 29,37.48464,127.028515,77,0,10,8,454,59,92,우정건설주식회사,HT001,100.02,82.55,83,3,2,1,계단식,,,,,,,,,,,,,,,,,,,서울서일초등학교,B100000763,서울특별시 서초구 서초동 1436-8번지,공립,단설,19861016,서울특별시교육청,http://seoulseoil.sen.es.kr,20230531,20.3,20.8,266,232,20230531,4,33,3,4,4,4,4,4,72,79,88,78,93,,1,5,23,498,1,4,0,0,20230531,6,,0,0.0,20230531,직영,3377,558,615924000,37.48478772,127.02260429,1165010800,서울시,19.8,17.4,서초구,23.0,20.9,11,83.0,87.0,
19,우정에쉐르,102B㎡,서울시 서초구 서초동,1165010800,1355-24,서울시 서초구 서운로3길 29,37.48464,127.028515,77,0,10,8,454,59,92,우정건설주식회사,HT001,102.78,84.84,83,3,2,11,계단식,,,,,,,,,,,14억,"14억 5,000",,,,,,,서울서일초등학교,B100000763,서울특별시 서초구 서초동 1436-8번지,공립,단설,19861016,서울특별시교육청,http://seoulseoil.sen.es.kr,20230531,20.3,20.8,266,232,20230531,4,33,3,4,4,4,4,4,72,79,88,78,93,,1,5,23,498,1,4,0,0,20230531,6,,0,0.0,20230531,직영,3377,558,615924000,37.48478772,127.02260429,1165010800,서울시,19.8,17.4,서초구,23.0,20.9,11,83.0,87.0,
20,우정에쉐르,102A,서울시 서초구 서초동,1165010800,1355-24,서울시 서초구 서운로3길 29,37.48464,127.028515,77,0,10,8,454,59,92,우정건설주식회사,HT001,102.69,84.76,83,3,2,6,계단식,,,,,,,,,,,,,,,,,,,서울서일초등학교,B100000763,서울특별시 서초구 서초동 1436-8번지,공립,단설,19861016,서울특별시교육청,http://seoulseoil.sen.es.kr,20230531,20.3,20.8,266,232,20230531,4,33,3,4,4,4,4,4,72,79,88,78,93,,1,5,23,498,1,4,0,0,20230531,6,,0,0.0,20230531,직영,3377,558,615924000,37.48478772,127.02260429,1165010800,서울시,19.8,17.4,서초구,23.0,20.9,11,83.0,87.0,
0,월드메르디앙(1549-3),159㎡,서울시 서초구 서초동,1165010800,1549-3,서울시 서초구 반포대로26길 20,37.490303,127.010609,44,0,10,5,298,41,116,월드건설(주),HT001,159.41,138.17,87,4,2,2,계단식,1362600,2332530,272520,697410,21168,17640,3528,,,,,,,,,,,,서울신중초등학교,B100000768,서울특별시 서초구 서초동 1466-6번지,공립,단설,19360601,서울특별시교육청,http://sinjung.sen.es.kr,20230531,21.0,22.5,455,378,20230531,4,57,5,6,6,6,7,6,130,124,135,138,166,,1,5,36,833,1,3,0,0,20230531,10,,0,0.0,20230531,직영,3385,931,831091000,37.4801795,127.0093516,1165010800,서울시,19.8,17.4,서초구,23.0,20.9,20,135.0,162.0,
1,월드메르디앙(1549-3),164㎡,서울시 서초구 서초동,1165010800,1549-3,서울시 서초구 반포대로26길 20,37.490303,127.010609,44,0,10,5,298,41,116,월드건설(주),HT001,164.65,142.66,87,4,2,10,계단식,1531800,2594790,306360,756630,305424,254520,50904,,,,,,,,,,,,서울신중초등학교,B100000768,서울특별시 서초구 서초동 1466-6번지,공립,단설,19360601,서울특별시교육청,http://sinjung.sen.es.kr,20230531,21.0,22.5,455,378,20230531,4,57,5,6,6,6,7,6,130,124,135,138,166,,1,5,36,833,1,3,0,0,20230531,10,,0,0.0,20230531,직영,3385,931,831091000,37.4801795,127.0093516,1165010800,서울시,19.8,17.4,서초구,23.0,20.9,20,135.0,162.0,
2,월드메르디앙(1549-3),180㎡,서울시 서초구 서초동,1165010800,1549-3,서울시 서초구 반포대로26길 20,37.490303,127.010609,44,0,10,5,298,41,116,월드건설(주),HT001,180.88,156.98,87,5,2,10,계단식,1728000,2898900,345600,825300,635040,529200,105840,,,,,,,,,6억/270,,6억/270,서울신중초등학교,B100000768,서울특별시 서초구 서초동 1466-6번지,공립,단설,19360601,서울특별시교육청,http://sinjung.sen.es.kr,20230531,21.0,22.5,455,378,20230531,4,57,5,6,6,6,7,6,130,124,135,138,166,,1,5,36,833,1,3,0,0,20230531,10,,0,0.0,20230531,직영,3385,931,831091000,37.4801795,127.0093516,1165010800,서울시,19.8,17.4,서초구,23.0,20.9,20,135.0,162.0,
3,월드메르디앙(1549-3),201㎡,서울시 서초구 서초동,1165010800,1549-3,서울시 서초구 반포대로26길 20,37.490303,127.010609,44,0,10,5,298,41,116,월드건설(주),HT001,201.7,175.65,87,4,2,2,계단식,1683000,2829150,336600,809550,559440,466200,93240,,,,,,,,,,,,서울신중초등학교,B100000768,서울특별시 서초구 서초동 1466-6번지,공립,단설,19360601,서울특별시교육청,http://sinjung.sen.es.kr,20230531,21.0,22.5,455,378,20230531,4,57,5,6,6,6,7,6,130,124,135,138,166,,1,5,36,833,1,3,0,0,20230531,10,,0,0.0,20230531,직영,3385,931,831091000,37.4801795,127.0093516,1165010800,서울시,19.8,17.4,서초구,23.0,20.9,20,135.0,162.0,
4,월드메르디앙(1549-3),204㎡,서울시 서초구 서초동,1165010800,1549-3,서울시 서초구 반포대로26길 20,37.490303,127.010609,44,0,10,5,298,41,116,월드건설(주),HT001,204.55,176.85,86,4,2,4,계단식,1782000,2982600,356400,844200,725760,604800,120960,,,,,37억,,,,,,,서울신중초등학교,B100000768,서울특별시 서초구 서초동 1466-6번지,공립,단설,19360601,서울특별시교육청,http://sinjung.sen.es.kr,20230531,21.0,22.5,455,378,20230531,4,57,5,6,6,6,7,6,130,124,135,138,166,,1,5,36,833,1,3,0,0,20230531,10,,0,0.0,20230531,직영,3385,931,831091000,37.4801795,127.0093516,1165010800,서울시,19.8,17.4,서초구,23.0,20.9,20,135.0,162.0,
5,월드메르디앙(1549-3),225,서울시 서초구 서초동,1165010800,1549-3,서울시 서초구 반포대로26길 20,37.490303,127.010609,44,0,10,5,298,41,116,월드건설(주),HT001,225.43,196.9,87,5,2,16,계단식,1895400,3158370,379080,883890,916272,763560,152712,,,,,29억,,,,,,,서울신중초등학교,B100000768,서울특별시 서초구 서초동 1466-6번지,공립,단설,19360601,서울특별시교육청,http://sinjung.sen.es.kr,20230531,21.0,22.5,455,378,20230531,4,57,5,6,6,6,7,6,130,124,135,138,166,,1,5,36,833,1,3,0,0,20230531,10,,0,0.0,20230531,직영,3385,931,831091000,37.4801795,127.0093516,1165010800,서울시,19.8,17.4,서초구,23.0,20.9,20,135.0,162.0,
0,월드메르디앙(1634-9),152㎡,서울시 서초구 서초동,1165010800,1634-9,서울시 서초구 서초대로64길 83,37.491931,127.022167,37,0,12,8,0,0,78,월드건설(주),HT001,152.81,131.9,86,4,2,18,계단식,1474200,2505510,294840,736470,208656,173880,34776,,,,22억,24억,,,,,,,서울서이초등학교,B100000762,서울특별시 서초구 서초동 1334-2번지(서운로 85),공립,단설,19831203,서울특별시교육청,http://seo2.sen.es.kr,20230531,19.7,30.3,672,753,20230531,6,66,9,8,8,7,8,7,239,266,238,205,252,,0,0,47,1425,2,4,0,0,20230531,0,,0,0.0,20230531,직영,3347,1430,1370646000,37.49120942,127.02595329,1165010800,서울시,19.8,17.4,서초구,23.0,20.9,7,225.0,0.0,
1,월드메르디앙(1634-9),181,서울시 서초구 서초동,1165010800,1634-9,서울시 서초구 서초대로64길 83,37.491931,127.022167,37,0,12,8,0,0,78,월드건설(주),HT001,181.07,160.76,89,4,2,19,계단식,1882800,3138840,376560,879480,895104,745920,149184,,,,,,,,,,,,서울서이초등학교,B100000762,서울특별시 서초구 서초동 1334-2번지(서운로 85),공립,단설,19831203,서울특별시교육청,http://seo2.sen.es.kr,20230531,19.7,30.3,672,753,20230531,6,66,9,8,8,7,8,7,239,266,238,205,252,,0,0,47,1425,2,4,0,0,20230531,0,,0,0.0,20230531,직영,3347,1430,1370646000,37.49120942,127.02595329,1165010800,서울시,19.8,17.4,서초구,23.0,20.9,7,225.0,0.0,
0,월드메르디앙오페라하우스,173A㎡,서울시 서초구 서초동,1165010800,1450-1,서울시 서초구 반포대로4길 24,37.48141,127.01395,47,0,12,12,257,24,125,월드건설(주),HT001,173.8,150.47,87,4,2,12,계단식,1497600,2541780,299520,744660,247968,206640,41328,,,,,22억,,,,,,,서울신중초등학교,B100000768,서울특별시 서초구 서초동 1466-6번지,공립,단설,19360601,서울특별시교육청,http://sinjung.sen.es.kr,20230531,21.0,22.5,455,378,20230531,4,57,5,6,6,6,7,6,130,124,135,138,166,,1,5,36,833,1,3,0,0,20230531,10,,0,0.0,20230531,직영,3385,931,831091000,37.4801795,127.0093516,1165010800,서울시,19.8,17.4,서초구,23.0,20.9,8,135.0,162.0,
1,월드메르디앙오페라하우스,175B㎡,서울시 서초구 서초동,1165010800,1450-1,서울시 서초구 반포대로4길 24,37.48141,127.01395,47,0,12,12,257,24,125,월드건설(주),HT001,175.77,154.02,88,4,2,11,계단식,1679400,2823570,335880,808290,553392,461160,92232,,,,,,,15억,,,,,서울신중초등학교,B100000768,서울특별시 서초구 서초동 1466-6번지,공립,단설,19360601,서울특별시교육청,http://sinjung.sen.es.kr,20230531,21.0,22.5,455,378,20230531,4,57,5,6,6,6,7,6,130,124,135,138,166,,1,5,36,833,1,3,0,0,20230531,10,,0,0.0,20230531,직영,3385,931,831091000,37.4801795,127.0093516,1165010800,서울시,19.8,17.4,서초구,23.0,20.9,8,135.0,162.0,
2,월드메르디앙오페라하우스,208㎡,서울시 서초구 서초동,1165010800,1450-1,서울시 서초구 반포대로4길 24,37.48141,127.01395,47,0,12,12,257,24,125,월드건설(주),HT001,208.31,183.5,88,5,2,12,계단식,1909800,3180690,381960,888930,940464,783720,156744,,,,,,,,,,,,서울신중초등학교,B100000768,서울특별시 서초구 서초동 1466-6번지,공립,단설,19360601,서울특별시교육청,http://sinjung.sen.es.kr,20230531,21.0,22.5,455,378,20230531,4,57,5,6,6,6,7,6,130,124,135,138,166,,1,5,36,833,1,3,0,0,20230531,10,,0,0.0,20230531,직영,3385,931,831091000,37.4801795,127.0093516,1165010800,서울시,19.8,17.4,서초구,23.0,20.9,8,135.0,162.0,
3,월드메르디앙오페라하우스,221,서울시 서초구 서초동,1165010800,1450-1,서울시 서초구 반포대로4길 24,37.48141,127.01395,47,0,12,12,257,24,125,월드건설(주),HT001,221.69,195.48,88,4,2,12,계단식,2196000,3624300,439200,989100,1421280,1184400,236880,,,,25억,"26억 5,000",,"17억 5,000",,10억/200,,10억/200,서울신중초등학교,B100000768,서울특별시 서초구 서초동 1466-6번지,공립,단설,19360601,서울특별시교육청,http://sinjung.sen.es.kr,20230531,21.0,22.5,455,378,20230531,4,57,5,6,6,6,7,6,130,124,135,138,166,,1,5,36,833,1,3,0,0,20230531,10,,0,0.0,20230531,직영,3385,931,831091000,37.4801795,127.0093516,1165010800,서울시,19.8,17.4,서초구,23.0,20.9,8,135.0,162.0,
0,월드빌라트,281A㎡,서울시 서초구 서초동,1165010800,1518-2,서울시 서초구 명달로16길 31-13,37.485665,127.005525,19,0,11,10,174,19,54,,HT001,281.06,244.74,87,5,3,9,계단식,3331800,5384790,666360,1386630,4485744,3738120,747624,,,,,,,,,,,,서울신중초등학교,B100000768,서울특별시 서초구 서초동 1466-6번지,공립,단설,19360601,서울특별시교육청,http://sinjung.sen.es.kr,20230531,21.0,22.5,455,378,20230531,4,57,5,6,6,6,7,6,130,124,135,138,166,,1,5,36,833,1,3,0,0,20230531,10,,0,0.0,20230531,직영,3385,931,831091000,37.4801795,127.0093516,1165010800,서울시,19.8,17.4,서초구,23.0,20.9,14,135.0,162.0,
1,월드빌라트,281B㎡,서울시 서초구 서초동,1165010800,1518-2,서울시 서초구 명달로16길 31-13,37.485665,127.005525,19,0,11,10,174,19,54,,HT001,281.09,244.76,87,5,2,8,계단식,3331800,5384790,666360,1386630,4485744,3738120,747624,,,,,35억,,,,,,,서울신중초등학교,B100000768,서울특별시 서초구 서초동 1466-6번지,공립,단설,19360601,서울특별시교육청,http://sinjung.sen.es.kr,20230531,21.0,22.5,455,378,20230531,4,57,5,6,6,6,7,6,130,124,135,138,166,,1,5,36,833,1,3,0,0,20230531,10,,0,0.0,20230531,직영,3385,931,831091000,37.4801795,127.0093516,1165010800,서울시,19.8,17.4,서초구,23.0,20.9,14,135.0,162.0,
2,월드빌라트,453A㎡,서울시 서초구 서초동,1165010800,1518-2,서울시 서초구 명달로16길 31-13,37.485665,127.005525,19,0,11,10,174,19,54,,HT001,453.68,395.04,87,5,2,1,계단식,4343400,6952770,868680,1740690,8613072,7177560,1435512,,,,,,,,,,,,서울신중초등학교,B100000768,서울특별시 서초구 서초동 1466-6번지,공립,단설,19360601,서울특별시교육청,http://sinjung.sen.es.kr,20230531,21.0,22.5,455,378,20230531,4,57,5,6,6,6,7,6,130,124,135,138,166,,1,5,36,833,1,3,0,0,20230531,10,,0,0.0,20230531,직영,3385,931,831091000,37.4801795,127.0093516,1165010800,서울시,19.8,17.4,서초구,23.0,20.9,14,135.0,162.0,
3,월드빌라트,453B,서울시 서초구 서초동,1165010800,1518-2,서울시 서초구 명달로16길 31-13,37.485665,127.005525,19,0,11,10,174,19,54,,HT001,453.71,395.06,87,5,3,1,계단식,4343400,6952770,868680,1740690,8613072,7177560,1435512,,,,,,,,,,,,서울신중초등학교,B100000768,서울특별시 서초구 서초동 1466-6번지,공립,단설,19360601,서울특별시교육청,http://sinjung.sen.es.kr,20230531,21.0,22.5,455,378,20230531,4,57,5,6,6,6,7,6,130,124,135,138,166,,1,5,36,833,1,3,0,0,20230531,10,,0,0.0,20230531,직영,3385,931,831091000,37.4801795,127.0093516,1165010800,서울시,19.8,17.4,서초구,23.0,20.9,14,135.0,162.0,
0,유원서초,105A㎡,서울시 서초구 서초동,1165010800,1687,서울시 서초구 서초중앙로24길 43,37.496155,127.018584,590,0,18,12,265,18,416,유원건설(주),HT005,105.8,84.82,80,3,2,355,계단식,2190600,3615930,438120,987210,1412208,1176840,235368,,404666,270956,19억,20억,"7억 3,000",9억,5억/120,8억/40,5억/120,8억/40,서울서초초등학교,B100000764,서울특별시 서초구 서초동 1310-6,공립,단설,19801004,서울특별시교육청,http://seocho.sen.es.kr,20230531,25.3,27.8,531,496,20230531,7,52,5,6,6,6,6,7,144,164,172,173,172,,1,5,36,1027,1,2,0,0,20230531,15,,0,0.0,20230531,직영,3385,1084,1057499000,37.49924318,127.02411499,1165010800,서울시,19.8,17.4,서초구,23.0,20.9,14,197.0,166.0,
1,유원서초,105D1㎡,서울시 서초구 서초동,1165010800,1687,서울시 서초구 서초중앙로24길 43,37.496155,127.018584,590,0,18,12,265,18,416,유원건설(주),HT005,105.86,84.87,80,3,2,72,계단식,2190600,3615930,438120,987210,1412208,1176840,235368,,404904,271115,"19억 5,000",20억,7억,"8억 5,000",1억/280,1억/300,1억/280,1억/300,서울서초초등학교,B100000764,서울특별시 서초구 서초동 1310-6,공립,단설,19801004,서울특별시교육청,http://seocho.sen.es.kr,20230531,25.3,27.8,531,496,20230531,7,52,5,6,6,6,6,7,144,164,172,173,172,,1,5,36,1027,1,2,0,0,20230531,15,,0,0.0,20230531,직영,3385,1084,1057499000,37.49924318,127.02411499,1165010800,서울시,19.8,17.4,서초구,23.0,20.9,14,197.0,166.0,
2,유원서초,105A1㎡,서울시 서초구 서초동,1165010800,1687,서울시 서초구 서초중앙로24길 43,37.496155,127.018584,590,0,18,12,265,18,416,유원건설(주),HT005,105.81,84.82,80,3,2,56,계단식,2035800,3375990,407160,933030,1152144,960120,192024,,404666,270956,"18억 9,500","19억 1,000",,,,,,,서울서초초등학교,B100000764,서울특별시 서초구 서초동 1310-6,공립,단설,19801004,서울특별시교육청,http://seocho.sen.es.kr,20230531,25.3,27.8,531,496,20230531,7,52,5,6,6,6,6,7,144,164,172,173,172,,1,5,36,1027,1,2,0,0,20230531,15,,0,0.0,20230531,직영,3385,1084,1057499000,37.49924318,127.02411499,1165010800,서울시,19.8,17.4,서초구,23.0,20.9,14,197.0,166.0,
3,유원서초,105D㎡,서울시 서초구 서초동,1165010800,1687,서울시 서초구 서초중앙로24길 43,37.496155,127.018584,590,0,18,12,265,18,416,유원건설(주),HT005,105.86,84.87,80,3,2,54,계단식,2035800,3375990,407160,933030,1152144,960120,192024,,404904,271115,,,,8억,,5억/120,,5억/120,서울서초초등학교,B100000764,서울특별시 서초구 서초동 1310-6,공립,단설,19801004,서울특별시교육청,http://seocho.sen.es.kr,20230531,25.3,27.8,531,496,20230531,7,52,5,6,6,6,6,7,144,164,172,173,172,,1,5,36,1027,1,2,0,0,20230531,15,,0,0.0,20230531,직영,3385,1084,1057499000,37.49924318,127.02411499,1165010800,서울시,19.8,17.4,서초구,23.0,20.9,14,197.0,166.0,
4,유원서초,105C㎡,서울시 서초구 서초동,1165010800,1687,서울시 서초구 서초중앙로24길 43,37.496155,127.018584,590,0,18,12,265,18,416,유원건설(주),HT005,105.8,84.82,80,3,2,18,계단식,2035800,3375990,407160,933030,1152144,960120,192024,,404666,270956,,,,,,,,,서울서초초등학교,B100000764,서울특별시 서초구 서초동 1310-6,공립,단설,19801004,서울특별시교육청,http://seocho.sen.es.kr,20230531,25.3,27.8,531,496,20230531,7,52,5,6,6,6,6,7,144,164,172,173,172,,1,5,36,1027,1,2,0,0,20230531,15,,0,0.0,20230531,직영,3385,1084,1057499000,37.49924318,127.02411499,1165010800,서울시,19.8,17.4,서초구,23.0,20.9,14,197.0,166.0,
5,유원서초,105E㎡,서울시 서초구 서초동,1165010800,1687,서울시 서초구 서초중앙로24길 43,37.496155,127.018584,590,0,18,12,265,18,416,유원건설(주),HT005,105.86,84.87,80,3,2,18,계단식,2035800,3375990,407160,933030,1152144,960120,192024,,404904,271115,,"19억 7,000","8억 5,000","8억 6,000",,,,,서울서초초등학교,B100000764,서울특별시 서초구 서초동 1310-6,공립,단설,19801004,서울특별시교육청,http://seocho.sen.es.kr,20230531,25.3,27.8,531,496,20230531,7,52,5,6,6,6,6,7,144,164,172,173,172,,1,5,36,1027,1,2,0,0,20230531,15,,0,0.0,20230531,직영,3385,1084,1057499000,37.49924318,127.02411499,1165010800,서울시,19.8,17.4,서초구,23.0,20.9,14,197.0,166.0,
6,유원서초,105B,서울시 서초구 서초동,1165010800,1687,서울시 서초구 서초중앙로24길 43,37.496155,127.018584,590,0,18,12,265,18,416,유원건설(주),HT005,105.8,84.82,80,3,2,17,계단식,2190600,3615930,438120,987210,1412208,1176840,235368,,404666,270956,,,,,,,,,서울서초초등학교,B100000764,서울특별시 서초구 서초동 1310-6,공립,단설,19801004,서울특별시교육청,http://seocho.sen.es.kr,20230531,25.3,27.8,531,496,20230531,7,52,5,6,6,6,6,7,144,164,172,173,172,,1,5,36,1027,1,2,0,0,20230531,15,,0,0.0,20230531,직영,3385,1084,1057499000,37.49924318,127.02411499,1165010800,서울시,19.8,17.4,서초구,23.0,20.9,14,197.0,166.0,
0,장미,75㎡,서울시 서초구 서초동,1165010800,1364-51,서울시 서초구 남부순환로347길 21-7,37.485159,127.031358,18,0,7,7,260,50,24,남북건설(주),HT001,75.44,66.46,88,3,1,2,계단식,187200,481680,37440,257040,0,0,0,,,,,,,,,,,,서울서일초등학교,B100000763,서울특별시 서초구 서초동 1436-8번지,공립,단설,19861016,서울특별시교육청,http://seoulseoil.sen.es.kr,20230531,20.3,20.8,266,232,20230531,4,33,3,4,4,4,4,4,72,79,88,78,93,,1,5,23,498,1,4,0,0,20230531,6,,0,0.0,20230531,직영,3377,558,615924000,37.48478772,127.02260429,1165010800,서울시,19.8,17.4,서초구,23.0,20.9,15,83.0,87.0,
1,장미,94A㎡,서울시 서초구 서초동,1165010800,1364-51,서울시 서초구 남부순환로347길 21-7,37.485159,127.031358,18,0,7,7,260,50,24,남북건설(주),HT001,94.57,83.32,88,3,2,2,계단식,370800,830520,74160,385560,0,0,0,,,,,,,,,,,,서울서일초등학교,B100000763,서울특별시 서초구 서초동 1436-8번지,공립,단설,19861016,서울특별시교육청,http://seoulseoil.sen.es.kr,20230531,20.3,20.8,266,232,20230531,4,33,3,4,4,4,4,4,72,79,88,78,93,,1,5,23,498,1,4,0,0,20230531,6,,0,0.0,20230531,직영,3377,558,615924000,37.48478772,127.02260429,1165010800,서울시,19.8,17.4,서초구,23.0,20.9,15,83.0,87.0,
2,장미,96B㎡,서울시 서초구 서초동,1165010800,1364-51,서울시 서초구 남부순환로347길 21-7,37.485159,127.031358,18,0,7,7,260,50,24,남북건설(주),HT001,96.44,84.96,88,3,2,6,계단식,370800,830520,74160,385560,0,0,0,,,,,,,,,,,,서울서일초등학교,B100000763,서울특별시 서초구 서초동 1436-8번지,공립,단설,19861016,서울특별시교육청,http://seoulseoil.sen.es.kr,20230531,20.3,20.8,266,232,20230531,4,33,3,4,4,4,4,4,72,79,88,78,93,,1,5,23,498,1,4,0,0,20230531,6,,0,0.0,20230531,직영,3377,558,615924000,37.48478772,127.02260429,1165010800,서울시,19.8,17.4,서초구,23.0,20.9,15,83.0,87.0,
3,장미,111㎡,서울시 서초구 서초동,1165010800,1364-51,서울시 서초구 남부순환로347길 21-7,37.485159,127.031358,18,0,7,7,260,50,24,남북건설(주),HT001,111.56,98.28,88,3,2,2,계단식,447300,967680,89460,430920,0,0,0,,,,,,,,,,,,서울서일초등학교,B100000763,서울특별시 서초구 서초동 1436-8번지,공립,단설,19861016,서울특별시교육청,http://seoulseoil.sen.es.kr,20230531,20.3,20.8,266,232,20230531,4,33,3,4,4,4,4,4,72,79,88,78,93,,1,5,23,498,1,4,0,0,20230531,6,,0,0.0,20230531,직영,3377,558,615924000,37.48478772,127.02260429,1165010800,서울시,19.8,17.4,서초구,23.0,20.9,15,83.0,87.0,
4,장미,127㎡,서울시 서초구 서초동,1165010800,1364-51,서울시 서초구 남부순환로347길 21-7,37.485159,127.031358,18,0,7,7,260,50,24,남북건설(주),HT001,127.03,111.92,88,3,2,2,계단식,576450,1174320,115290,482580,0,0,0,,,,,,,,,,,,서울서일초등학교,B100000763,서울특별시 서초구 서초동 1436-8번지,공립,단설,19861016,서울특별시교육청,http://seoulseoil.sen.es.kr,20230531,20.3,20.8,266,232,20230531,4,33,3,4,4,4,4,4,72,79,88,78,93,,1,5,23,498,1,4,0,0,20230531,6,,0,0.0,20230531,직영,3377,558,615924000,37.48478772,127.02260429,1165010800,서울시,19.8,17.4,서초구,23.0,20.9,15,83.0,87.0,
5,장미,140,서울시 서초구 서초동,1165010800,1364-51,서울시 서초구 남부순환로347길 21-7,37.485159,127.031358,18,0,7,7,260,50,24,남북건설(주),HT001,140.21,123.53,88,3,2,4,계단식,576450,1174320,115290,482580,0,0,0,,,,,,,,,,,,서울서일초등학교,B100000763,서울특별시 서초구 서초동 1436-8번지,공립,단설,19861016,서울특별시교육청,http://seoulseoil.sen.es.kr,20230531,20.3,20.8,266,232,20230531,4,33,3,4,4,4,4,4,72,79,88,78,93,,1,5,23,498,1,4,0,0,20230531,6,,0,0.0,20230531,직영,3377,558,615924000,37.48478772,127.02260429,1165010800,서울시,19.8,17.4,서초구,23.0,20.9,15,83.0,87.0,
0,장복엘리트타운,156㎡,서울시 서초구 서초동,1165010800,1517-1,서울시 서초구 명달로20길 14,37.485924,127.004882,18,0,7,6,242,39,23,,HT001,156.72,143.95,92,4,2,10,계단식,768600,1481760,153720,559440,0,0,0,,,,,,10억,11억,,7억/100,,7억/100,서울신중초등학교,B100000768,서울특별시 서초구 서초동 1466-6번지,공립,단설,19360601,서울특별시교육청,http://sinjung.sen.es.kr,20230531,21.0,22.5,455,378,20230531,4,57,5,6,6,6,7,6,130,124,135,138,166,,1,5,36,833,1,3,0,0,20230531,10,,0,0.0,20230531,직영,3385,931,831091000,37.4801795,127.0093516,1165010800,서울시,19.8,17.4,서초구,23.0,20.9,15,135.0,162.0,
1,장복엘리트타운,165㎡,서울시 서초구 서초동,1165010800,1517-1,서울시 서초구 명달로20길 14,37.485924,127.004882,18,0,7,6,242,39,23,,HT001,165.79,142.51,86,4,2,5,계단식,768600,1481760,153720,559440,0,0,0,,,,,,,,,,,,서울신중초등학교,B100000768,서울특별시 서초구 서초동 1466-6번지,공립,단설,19360601,서울특별시교육청,http://sinjung.sen.es.kr,20230531,21.0,22.5,455,378,20230531,4,57,5,6,6,6,7,6,130,124,135,138,166,,1,5,36,833,1,3,0,0,20230531,10,,0,0.0,20230531,직영,3385,931,831091000,37.4801795,127.0093516,1165010800,서울시,19.8,17.4,서초구,23.0,20.9,15,135.0,162.0,
2,장복엘리트타운,241㎡,서울시 서초구 서초동,1165010800,1517-1,서울시 서초구 명달로20길 14,37.485924,127.004882,18,0,7,6,242,39,23,,HT001,241.11,227.27,94,5,3,1,계단식,1517400,2572470,303480,751590,281232,234360,46872,,,,,,,,,,,,서울신중초등학교,B100000768,서울특별시 서초구 서초동 1466-6번지,공립,단설,19360601,서울특별시교육청,http://sinjung.sen.es.kr,20230531,21.0,22.5,455,378,20230531,4,57,5,6,6,6,7,6,130,124,135,138,166,,1,5,36,833,1,3,0,0,20230531,10,,0,0.0,20230531,직영,3385,931,831091000,37.4801795,127.0093516,1165010800,서울시,19.8,17.4,서초구,23.0,20.9,15,135.0,162.0,
3,장복엘리트타운,247B㎡,서울시 서초구 서초동,1165010800,1517-1,서울시 서초구 명달로20길 14,37.485924,127.004882,18,0,7,6,242,39,23,,HT001,247.82,233.88,94,5,2,1,계단식,1517400,2572470,303480,751590,281232,234360,46872,,,,,,,,,,,,서울신중초등학교,B100000768,서울특별시 서초구 서초동 1466-6번지,공립,단설,19360601,서울특별시교육청,http://sinjung.sen.es.kr,20230531,21.0,22.5,455,378,20230531,4,57,5,6,6,6,7,6,130,124,135,138,166,,1,5,36,833,1,3,0,0,20230531,10,,0,0.0,20230531,직영,3385,931,831091000,37.4801795,127.0093516,1165010800,서울시,19.8,17.4,서초구,23.0,20.9,15,135.0,162.0,
4,장복엘리트타운,249A,서울시 서초구 서초동,1165010800,1517-1,서울시 서초구 명달로20길 14,37.485924,127.004882,18,0,7,6,242,39,23,,HT001,249.47,225.11,90,5,3,1,계단식,1517400,2572470,303480,751590,281232,234360,46872,,,,,,,,,,,,서울신중초등학교,B100000768,서울특별시 서초구 서초동 1466-6번지,공립,단설,19360601,서울특별시교육청,http://sinjung.sen.es.kr,20230531,21.0,22.5,455,378,20230531,4,57,5,6,6,6,7,6,130,124,135,138,166,,1,5,36,833,1,3,0,0,20230531,10,,0,0.0,20230531,직영,3385,931,831091000,37.4801795,127.0093516,1165010800,서울시,19.8,17.4,서초구,23.0,20.9,15,135.0,162.0,
0,지웰홈스서초(주상복합),22A㎡,서울시 서초구 서초동,1165010800,1575-1,서울시 서초구 반포대로28길 94,37.491985,127.013372,154,0,19,18,628,59,81,신영건설주식회사,HT002,22.65,14.1,62,1,1,96,계단식,48750,168750,9750,110250,0,0,0,,,,,,,,"1,000/84","1,500/102","1,000/84","1,500/102",서울신중초등학교,B100000768,서울특별시 서초구 서초동 1466-6번지,공립,단설,19360601,서울특별시교육청,http://sinjung.sen.es.kr,20230531,21.0,22.5,455,378,20230531,4,57,5,6,6,6,7,6,130,124,135,138,166,,1,5,36,833,1,3,0,0,20230531,10,,0,0.0,20230531,직영,3385,931,831091000,37.4801795,127.0093516,1165010800,서울시,19.8,17.4,서초구,23.0,20.9,25,135.0,162.0,
1,지웰홈스서초(주상복합),25E㎡,서울시 서초구 서초동,1165010800,1575-1,서울시 서초구 반포대로28길 94,37.491985,127.013372,154,0,19,18,628,59,81,신영건설주식회사,HT002,25.01,15.64,63,1,1,6,계단식,50550,173430,10110,112770,0,0,0,,,,,,,,,,,,서울신중초등학교,B100000768,서울특별시 서초구 서초동 1466-6번지,공립,단설,19360601,서울특별시교육청,http://sinjung.sen.es.kr,20230531,21.0,22.5,455,378,20230531,4,57,5,6,6,6,7,6,130,124,135,138,166,,1,5,36,833,1,3,0,0,20230531,10,,0,0.0,20230531,직영,3385,931,831091000,37.4801795,127.0093516,1165010800,서울시,19.8,17.4,서초구,23.0,20.9,25,135.0,162.0,
2,지웰홈스서초(주상복합),28B㎡,서울시 서초구 서초동,1165010800,1575-1,서울시 서초구 반포대로28길 94,37.491985,127.013372,154,0,19,18,628,59,81,신영건설주식회사,HT002,28.49,17.9,63,1,1,7,계단식,57750,192150,11550,122850,0,0,0,,,,,,,,,"2,000/145",,"2,000/145",서울신중초등학교,B100000768,서울특별시 서초구 서초동 1466-6번지,공립,단설,19360601,서울특별시교육청,http://sinjung.sen.es.kr,20230531,21.0,22.5,455,378,20230531,4,57,5,6,6,6,7,6,130,124,135,138,166,,1,5,36,833,1,3,0,0,20230531,10,,0,0.0,20230531,직영,3385,931,831091000,37.4801795,127.0093516,1165010800,서울시,19.8,17.4,서초구,23.0,20.9,25,135.0,162.0,
3,지웰홈스서초(주상복합),29C㎡,서울시 서초구 서초동,1165010800,1575-1,서울시 서초구 반포대로28길 94,37.491985,127.013372,154,0,19,18,628,59,81,신영건설주식회사,HT002,29.72,18.25,61,1,1,13,계단식,55950,187470,11190,120330,0,0,0,,,,,,,,,,,,서울신중초등학교,B100000768,서울특별시 서초구 서초동 1466-6번지,공립,단설,19360601,서울특별시교육청,http://sinjung.sen.es.kr,20230531,21.0,22.5,455,378,20230531,4,57,5,6,6,6,7,6,130,124,135,138,166,,1,5,36,833,1,3,0,0,20230531,10,,0,0.0,20230531,직영,3385,931,831091000,37.4801795,127.0093516,1165010800,서울시,19.8,17.4,서초구,23.0,20.9,25,135.0,162.0,
4,지웰홈스서초(주상복합),31F㎡,서울시 서초구 서초동,1165010800,1575-1,서울시 서초구 반포대로28길 94,37.491985,127.013372,154,0,19,18,628,59,81,신영건설주식회사,HT002,31.09,19.59,63,1,1,6,계단식,65850,213210,13170,134190,0,0,0,,,,,,,,,,,,서울신중초등학교,B100000768,서울특별시 서초구 서초동 1466-6번지,공립,단설,19360601,서울특별시교육청,http://sinjung.sen.es.kr,20230531,21.0,22.5,455,378,20230531,4,57,5,6,6,6,7,6,130,124,135,138,166,,1,5,36,833,1,3,0,0,20230531,10,,0,0.0,20230531,직영,3385,931,831091000,37.4801795,127.0093516,1165010800,서울시,19.8,17.4,서초구,23.0,20.9,25,135.0,162.0,
5,지웰홈스서초(주상복합),33D㎡,서울시 서초구 서초동,1165010800,1575-1,서울시 서초구 반포대로28길 94,37.491985,127.013372,154,0,19,18,628,59,81,신영건설주식회사,HT002,33.97,21.22,62,1,1,13,계단식,71250,227250,14250,141750,0,0,0,,,,,,,,"2,000/132","2,400/165","2,000/132","2,400/165",서울신중초등학교,B100000768,서울특별시 서초구 서초동 1466-6번지,공립,단설,19360601,서울특별시교육청,http://sinjung.sen.es.kr,20230531,21.0,22.5,455,378,20230531,4,57,5,6,6,6,7,6,130,124,135,138,166,,1,5,36,833,1,3,0,0,20230531,10,,0,0.0,20230531,직영,3385,931,831091000,37.4801795,127.0093516,1165010800,서울시,19.8,17.4,서초구,23.0,20.9,25,135.0,162.0,
6,지웰홈스서초(주상복합),33G,서울시 서초구 서초동,1165010800,1575-1,서울시 서초구 반포대로28길 94,37.491985,127.013372,154,0,19,18,628,59,81,신영건설주식회사,HT002,33.63,21.12,63,1,1,13,계단식,69000,221400,13800,138600,0,0,0,,,,,,,,,,,,서울신중초등학교,B100000768,서울특별시 서초구 서초동 1466-6번지,공립,단설,19360601,서울특별시교육청,http://sinjung.sen.es.kr,20230531,21.0,22.5,455,378,20230531,4,57,5,6,6,6,7,6,130,124,135,138,166,,1,5,36,833,1,3,0,0,20230531,10,,0,0.0,20230531,직영,3385,931,831091000,37.4801795,127.0093516,1165010800,서울시,19.8,17.4,서초구,23.0,20.9,25,135.0,162.0,
0,진성그린,38㎡,서울시 서초구 서초동,1165010800,1469-4,서울시 서초구 명달로4길 40,37.480487,127.008002,12,0,6,6,294,59,12,진성그린건설(주),HT001,38.01,32.42,85,2,1,1,계단식,74400,235440,14880,146160,0,0,0,,,,,,,,,,,,서울신중초등학교,B100000768,서울특별시 서초구 서초동 1466-6번지,공립,단설,19360601,서울특별시교육청,http://sinjung.sen.es.kr,20230531,21.0,22.5,455,378,20230531,4,57,5,6,6,6,7,6,130,124,135,138,166,,1,5,36,833,1,3,0,0,20230531,10,,0,0.0,20230531,직영,3385,931,831091000,37.4801795,127.0093516,1165010800,서울시,19.8,17.4,서초구,23.0,20.9,3,135.0,162.0,
1,진성그린,47㎡,서울시 서초구 서초동,1165010800,1469-4,서울시 서초구 명달로4길 40,37.480487,127.008002,12,0,6,6,294,59,12,진성그린건설(주),HT001,47.35,41.76,88,2,1,1,계단식,87900,270540,17580,165060,0,0,0,,,,,,,,,,,,서울신중초등학교,B100000768,서울특별시 서초구 서초동 1466-6번지,공립,단설,19360601,서울특별시교육청,http://sinjung.sen.es.kr,20230531,21.0,22.5,455,378,20230531,4,57,5,6,6,6,7,6,130,124,135,138,166,,1,5,36,833,1,3,0,0,20230531,10,,0,0.0,20230531,직영,3385,931,831091000,37.4801795,127.0093516,1165010800,서울시,19.8,17.4,서초구,23.0,20.9,3,135.0,162.0,
2,진성그린,59㎡,서울시 서초구 서초동,1165010800,1469-4,서울시 서초구 명달로4길 40,37.480487,127.008002,12,0,6,6,294,59,12,진성그린건설(주),HT001,59.31,53.26,90,2,1,1,계단식,109050,325530,21810,194670,0,0,0,,,,,,,,,,,,서울신중초등학교,B100000768,서울특별시 서초구 서초동 1466-6번지,공립,단설,19360601,서울특별시교육청,http://sinjung.sen.es.kr,20230531,21.0,22.5,455,378,20230531,4,57,5,6,6,6,7,6,130,124,135,138,166,,1,5,36,833,1,3,0,0,20230531,10,,0,0.0,20230531,직영,3385,931,831091000,37.4801795,127.0093516,1165010800,서울시,19.8,17.4,서초구,23.0,20.9,3,135.0,162.0,
3,진성그린,75㎡,서울시 서초구 서초동,1165010800,1469-4,서울시 서초구 명달로4길 40,37.480487,127.008002,12,0,6,6,294,59,12,진성그린건설(주),HT001,75.99,69.94,92,3,2,1,계단식,124200,361980,24840,212940,0,0,0,,,,,,,,,,,,서울신중초등학교,B100000768,서울특별시 서초구 서초동 1466-6번지,공립,단설,19360601,서울특별시교육청,http://sinjung.sen.es.kr,20230531,21.0,22.5,455,378,20230531,4,57,5,6,6,6,7,6,130,124,135,138,166,,1,5,36,833,1,3,0,0,20230531,10,,0,0.0,20230531,직영,3385,931,831091000,37.4801795,127.0093516,1165010800,서울시,19.8,17.4,서초구,23.0,20.9,3,135.0,162.0,
4,진성그린,88㎡,서울시 서초구 서초동,1165010800,1469-4,서울시 서초구 명달로4길 40,37.480487,127.008002,12,0,6,6,294,59,12,진성그린건설(주),HT001,88.4,82.1,93,3,2,1,계단식,156600,423540,31320,235620,0,0,0,,,,,,,,,,,,서울신중초등학교,B100000768,서울특별시 서초구 서초동 1466-6번지,공립,단설,19360601,서울특별시교육청,http://sinjung.sen.es.kr,20230531,21.0,22.5,455,378,20230531,4,57,5,6,6,6,7,6,130,124,135,138,166,,1,5,36,833,1,3,0,0,20230531,10,,0,0.0,20230531,직영,3385,931,831091000,37.4801795,127.0093516,1165010800,서울시,19.8,17.4,서초구,23.0,20.9,3,135.0,162.0,
5,진성그린,103㎡,서울시 서초구 서초동,1165010800,1469-4,서울시 서초구 명달로4길 40,37.480487,127.008002,12,0,6,6,294,59,12,진성그린건설(주),HT001,103.36,97.06,94,3,2,1,계단식,194400,495360,38880,262080,0,0,0,,,,,,,,,,,,서울신중초등학교,B100000768,서울특별시 서초구 서초동 1466-6번지,공립,단설,19360601,서울특별시교육청,http://sinjung.sen.es.kr,20230531,21.0,22.5,455,378,20230531,4,57,5,6,6,6,7,6,130,124,135,138,166,,1,5,36,833,1,3,0,0,20230531,10,,0,0.0,20230531,직영,3385,931,831091000,37.4801795,127.0093516,1165010800,서울시,19.8,17.4,서초구,23.0,20.9,3,135.0,162.0,
6,진성그린,107,서울시 서초구 서초동,1165010800,1469-4,서울시 서초구 명달로4길 40,37.480487,127.008002,12,0,6,6,294,59,12,진성그린건설(주),HT001,107.16,100.86,94,3,2,6,계단식,207000,519300,41400,270900,0,0,0,,,,,,,,,,,,서울신중초등학교,B100000768,서울특별시 서초구 서초동 1466-6번지,공립,단설,19360601,서울특별시교육청,http://sinjung.sen.es.kr,20230531,21.0,22.5,455,378,20230531,4,57,5,6,6,6,7,6,130,124,135,138,166,,1,5,36,833,1,3,0,0,20230531,10,,0,0.0,20230531,직영,3385,931,831091000,37.4801795,127.0093516,1165010800,서울시,19.8,17.4,서초구,23.0,20.9,3,135.0,162.0,
0,초원현대,87㎡,서울시 서초구 서초동,1165010800,1444-3,서울시 서초구 효령로68길 105,37.485078,127.019384,48,0,12,12,220,22,58,현대건설(주),HT001,87.93,59.76,68,3,2,24,계단식,543375,1121400,108675,469350,0,0,0,,,,13억,"13억 5,000",,,,,,,서울서일초등학교,B100000763,서울특별시 서초구 서초동 1436-8번지,공립,단설,19861016,서울특별시교육청,http://seoulseoil.sen.es.kr,20230531,20.3,20.8,266,232,20230531,4,33,3,4,4,4,4,4,72,79,88,78,93,,1,5,23,498,1,4,0,0,20230531,6,,0,0.0,20230531,직영,3377,558,615924000,37.48478772,127.02260429,1165010800,서울시,19.8,17.4,서초구,23.0,20.9,5,83.0,87.0,
1,초원현대,124,서울시 서초구 서초동,1165010800,1444-3,서울시 서초구 효령로68길 105,37.485078,127.019384,48,0,12,12,220,22,58,현대건설(주),HT001,124.63,99.63,80,3,2,24,계단식,757575,1464120,151515,555030,0,0,0,,,,,,,,,,,,서울서일초등학교,B100000763,서울특별시 서초구 서초동 1436-8번지,공립,단설,19861016,서울특별시교육청,http://seoulseoil.sen.es.kr,20230531,20.3,20.8,266,232,20230531,4,33,3,4,4,4,4,4,72,79,88,78,93,,1,5,23,498,1,4,0,0,20230531,6,,0,0.0,20230531,직영,3377,558,615924000,37.48478772,127.02260429,1165010800,서울시,19.8,17.4,서초구,23.0,20.9,5,83.0,87.0,
0,칼리아빌,93㎡,서울시 서초구 서초동,1165010800,1617-21,서울시 서초구 서리풀길 14,37.487624,127.020991,10,0,6,5,270,59,15,한글종합건설(주),HT001,93.41,82.34,88,3,2,2,계단식,241200,584280,48240,294840,0,0,0,,,,,,,,,,,,서울서일초등학교,B100000763,서울특별시 서초구 서초동 1436-8번지,공립,단설,19861016,서울특별시교육청,http://seoulseoil.sen.es.kr,20230531,20.3,20.8,266,232,20230531,4,33,3,4,4,4,4,4,72,79,88,78,93,,1,5,23,498,1,4,0,0,20230531,6,,0,0.0,20230531,직영,3377,558,615924000,37.48478772,127.02260429,1165010800,서울시,19.8,17.4,서초구,23.0,20.9,11,83.0,87.0,
1,칼리아빌,116㎡,서울시 서초구 서초동,1165010800,1617-21,서울시 서초구 서리풀길 14,37.487624,127.020991,10,0,6,5,270,59,15,한글종합건설(주),HT001,116.84,102.99,88,3,2,2,계단식,350100,791190,70020,371070,0,0,0,,,,13억,14억,,,,,,,서울서일초등학교,B100000763,서울특별시 서초구 서초동 1436-8번지,공립,단설,19861016,서울특별시교육청,http://seoulseoil.sen.es.kr,20230531,20.3,20.8,266,232,20230531,4,33,3,4,4,4,4,4,72,79,88,78,93,,1,5,23,498,1,4,0,0,20230531,6,,0,0.0,20230531,직영,3377,558,615924000,37.48478772,127.02260429,1165010800,서울시,19.8,17.4,서초구,23.0,20.9,11,83.0,87.0,
2,칼리아빌,121㎡,서울시 서초구 서초동,1165010800,1617-21,서울시 서초구 서리풀길 14,37.487624,127.020991,10,0,6,5,270,59,15,한글종합건설(주),HT001,121.13,106.77,88,3,2,1,계단식,326700,746730,65340,354690,0,0,0,,,,,,,,,,,,서울서일초등학교,B100000763,서울특별시 서초구 서초동 1436-8번지,공립,단설,19861016,서울특별시교육청,http://seoulseoil.sen.es.kr,20230531,20.3,20.8,266,232,20230531,4,33,3,4,4,4,4,4,72,79,88,78,93,,1,5,23,498,1,4,0,0,20230531,6,,0,0.0,20230531,직영,3377,558,615924000,37.48478772,127.02260429,1165010800,서울시,19.8,17.4,서초구,23.0,20.9,11,83.0,87.0,
3,칼리아빌,126㎡,서울시 서초구 서초동,1165010800,1617-21,서울시 서초구 서리풀길 14,37.487624,127.020991,10,0,6,5,270,59,15,한글종합건설(주),HT001,126.11,111.16,88,3,2,4,계단식,411300,907470,82260,413910,0,0,0,,,,"11억 7,000","15억 5,000",,,,,,,서울서일초등학교,B100000763,서울특별시 서초구 서초동 1436-8번지,공립,단설,19861016,서울특별시교육청,http://seoulseoil.sen.es.kr,20230531,20.3,20.8,266,232,20230531,4,33,3,4,4,4,4,4,72,79,88,78,93,,1,5,23,498,1,4,0,0,20230531,6,,0,0.0,20230531,직영,3377,558,615924000,37.48478772,127.02260429,1165010800,서울시,19.8,17.4,서초구,23.0,20.9,11,83.0,87.0,
4,칼리아빌,135,서울시 서초구 서초동,1165010800,1617-21,서울시 서초구 서리풀길 14,37.487624,127.020991,10,0,6,5,270,59,15,한글종합건설(주),HT001,135.03,119.02,88,4,2,1,계단식,339300,770670,67860,363510,0,0,0,,,,,,,,,,,,서울서일초등학교,B100000763,서울특별시 서초구 서초동 1436-8번지,공립,단설,19861016,서울특별시교육청,http://seoulseoil.sen.es.kr,20230531,20.3,20.8,266,232,20230531,4,33,3,4,4,4,4,4,72,79,88,78,93,,1,5,23,498,1,4,0,0,20230531,6,,0,0.0,20230531,직영,3377,558,615924000,37.48478772,127.02260429,1165010800,서울시,19.8,17.4,서초구,23.0,20.9,11,83.0,87.0,
0,트라움하우스2차,293A㎡,서울시 서초구 서초동,1165010800,1495-2,서울시 서초구 명달로17길 32,37.485852,127.00204,19,0,13,8,221,53,53,현대건설(주),HT001,293.26,266.52,91,5,3,12,계단식,3099600,5024880,619920,1305360,3619008,3015840,603168,,,,,,,,,,,,서울신중초등학교,B100000768,서울특별시 서초구 서초동 1466-6번지,공립,단설,19360601,서울특별시교육청,http://sinjung.sen.es.kr,20230531,21.0,22.5,455,378,20230531,4,57,5,6,6,6,7,6,130,124,135,138,166,,1,5,36,833,1,3,0,0,20230531,10,,0,0.0,20230531,직영,3385,931,831091000,37.4801795,127.0093516,1165010800,서울시,19.8,17.4,서초구,23.0,20.9,19,135.0,162.0,
1,트라움하우스2차,293B,서울시 서초구 서초동,1165010800,1495-2,서울시 서초구 명달로17길 32,37.485852,127.00204,19,0,13,8,221,53,53,현대건설(주),HT001,293.88,267.08,91,6,3,7,계단식,3139200,5086260,627840,1319220,3717216,3097680,619536,,,,,,,,,,,,서울신중초등학교,B100000768,서울특별시 서초구 서초동 1466-6번지,공립,단설,19360601,서울특별시교육청,http://sinjung.sen.es.kr,20230531,21.0,22.5,455,378,20230531,4,57,5,6,6,6,7,6,130,124,135,138,166,,1,5,36,833,1,3,0,0,20230531,10,,0,0.0,20230531,직영,3385,931,831091000,37.4801795,127.0093516,1165010800,서울시,19.8,17.4,서초구,23.0,20.9,19,135.0,162.0,
0,트라움하우스3차,345㎡,서울시 서초구 서초동,1165010800,1496-24,서울시 서초구 명달로 97-14,37.486192,127.00277,19,0,12,11,287,40,107,두산건설,HT001,345.03,243.76,71,5,3,2,계단식,6973200,11028960,1394640,2661120,22579776,18816480,3763296,,,,,,,,,,,,서울신중초등학교,B100000768,서울특별시 서초구 서초동 1466-6번지,공립,단설,19360601,서울특별시교육청,http://sinjung.sen.es.kr,20230531,21.0,22.5,455,378,20230531,4,57,5,6,6,6,7,6,130,124,135,138,166,,1,5,36,833,1,3,0,0,20230531,10,,0,0.0,20230531,직영,3385,931,831091000,37.4801795,127.0093516,1165010800,서울시,19.8,17.4,서초구,23.0,20.9,18,135.0,162.0,
1,트라움하우스3차,377㎡,서울시 서초구 서초동,1165010800,1496-24,서울시 서초구 명달로 97-14,37.486192,127.00277,19,0,12,11,287,40,107,두산건설,HT001,377.81,273.86,72,6,3,14,계단식,7866000,12412800,1573200,2973600,27650880,23042400,4608480,,,,,,,,,,,,서울신중초등학교,B100000768,서울특별시 서초구 서초동 1466-6번지,공립,단설,19360601,서울특별시교육청,http://sinjung.sen.es.kr,20230531,21.0,22.5,455,378,20230531,4,57,5,6,6,6,7,6,130,124,135,138,166,,1,5,36,833,1,3,0,0,20230531,10,,0,0.0,20230531,직영,3385,931,831091000,37.4801795,127.0093516,1165010800,서울시,19.8,17.4,서초구,23.0,20.9,18,135.0,162.0,
2,트라움하우스3차,383㎡,서울시 서초구 서초동,1165010800,1496-24,서울시 서초구 명달로 97-14,37.486192,127.00277,19,0,12,11,287,40,107,두산건설,HT001,383.29,273.77,71,6,3,2,계단식,7866000,12412800,1573200,2973600,27650880,23042400,4608480,,,,,,,,,,,,서울신중초등학교,B100000768,서울특별시 서초구 서초동 1466-6번지,공립,단설,19360601,서울특별시교육청,http://sinjung.sen.es.kr,20230531,21.0,22.5,455,378,20230531,4,57,5,6,6,6,7,6,130,124,135,138,166,,1,5,36,833,1,3,0,0,20230531,10,,0,0.0,20230531,직영,3385,931,831091000,37.4801795,127.0093516,1165010800,서울시,19.8,17.4,서초구,23.0,20.9,18,135.0,162.0,
3,트라움하우스3차,393,서울시 서초구 서초동,1165010800,1496-24,서울시 서초구 명달로 97-14,37.486192,127.00277,19,0,12,11,287,40,107,두산건설,HT001,393.61,273.81,70,5,3,1,계단식,8076600,12739230,1615320,3047310,28847088,24039240,4807848,,,,,,,,,,,,서울신중초등학교,B100000768,서울특별시 서초구 서초동 1466-6번지,공립,단설,19360601,서울특별시교육청,http://sinjung.sen.es.kr,20230531,21.0,22.5,455,378,20230531,4,57,5,6,6,6,7,6,130,124,135,138,166,,1,5,36,833,1,3,0,0,20230531,10,,0,0.0,20230531,직영,3385,931,831091000,37.4801795,127.0093516,1165010800,서울시,19.8,17.4,서초구,23.0,20.9,18,135.0,162.0,
0,트라움하우스5차,322㎡,서울시 서초구 서초동,1165010800,1496-26,서울시 서초구 명달로 97-12,37.486484,127.003219,18,0,4,4,141,42,110,(주)트라움하우스,HT001,322.53,226.35,70,5,3,1,계단식,10525200,16534560,2105040,3904320,38314944,31929120,6385824,,,,,,,,,,,,서울신중초등학교,B100000768,서울특별시 서초구 서초동 1466-6번지,공립,단설,19360601,서울특별시교육청,http://sinjung.sen.es.kr,20230531,21.0,22.5,455,378,20230531,4,57,5,6,6,6,7,6,130,124,135,138,166,,1,5,36,833,1,3,0,0,20230531,10,,0,0.0,20230531,직영,3385,931,831091000,37.4801795,127.0093516,1165010800,서울시,19.8,17.4,서초구,23.0,20.9,17,135.0,162.0,
1,트라움하우스5차,331㎡,서울시 서초구 서초동,1165010800,1496-26,서울시 서초구 명달로 97-12,37.486484,127.003219,18,0,4,4,141,42,110,(주)트라움하우스,HT001,331.51,273.85,83,6,3,4,계단식,14192400,22218720,2838480,5187840,57457728,47881440,9576288,,,,,,,,,,,,서울신중초등학교,B100000768,서울특별시 서초구 서초동 1466-6번지,공립,단설,19360601,서울특별시교육청,http://sinjung.sen.es.kr,20230531,21.0,22.5,455,378,20230531,4,57,5,6,6,6,7,6,130,124,135,138,166,,1,5,36,833,1,3,0,0,20230531,10,,0,0.0,20230531,직영,3385,931,831091000,37.4801795,127.0093516,1165010800,서울시,19.8,17.4,서초구,23.0,20.9,17,135.0,162.0,
2,트라움하우스5차,344㎡,서울시 서초구 서초동,1165010800,1496-26,서울시 서초구 명달로 97-12,37.486484,127.003219,18,0,4,4,141,42,110,(주)트라움하우스,HT001,344.39,244.05,71,5,3,1,계단식,11408400,17903520,2281680,4213440,42925248,35771040,7154208,,,,,65억,,,,,,,서울신중초등학교,B100000768,서울특별시 서초구 서초동 1466-6번지,공립,단설,19360601,서울특별시교육청,http://sinjung.sen.es.kr,20230531,21.0,22.5,455,378,20230531,4,57,5,6,6,6,7,6,130,124,135,138,166,,1,5,36,833,1,3,0,0,20230531,10,,0,0.0,20230531,직영,3385,931,831091000,37.4801795,127.0093516,1165010800,서울시,19.8,17.4,서초구,23.0,20.9,17,135.0,162.0,
3,트라움하우스5차,386㎡,서울시 서초구 서초동,1165010800,1496-26,서울시 서초구 명달로 97-12,37.486484,127.003219,18,0,4,4,141,42,110,(주)트라움하우스,HT001,386.64,273.58,71,6,3,1,계단식,11466000,17992800,2293200,4233600,43225920,36021600,7204320,,,,,,,,,,,,서울신중초등학교,B100000768,서울특별시 서초구 서초동 1466-6번지,공립,단설,19360601,서울특별시교육청,http://sinjung.sen.es.kr,20230531,21.0,22.5,455,378,20230531,4,57,5,6,6,6,7,6,130,124,135,138,166,,1,5,36,833,1,3,0,0,20230531,10,,0,0.0,20230531,직영,3385,931,831091000,37.4801795,127.0093516,1165010800,서울시,19.8,17.4,서초구,23.0,20.9,17,135.0,162.0,
4,트라움하우스5차,390㎡,서울시 서초구 서초동,1165010800,1496-26,서울시 서초구 명달로 97-12,37.486484,127.003219,18,0,4,4,141,42,110,(주)트라움하우스,HT001,390.02,273.88,70,6,3,1,계단식,11466000,17992800,2293200,4233600,43225920,36021600,7204320,,,,,,,,,,,,서울신중초등학교,B100000768,서울특별시 서초구 서초동 1466-6번지,공립,단설,19360601,서울특별시교육청,http://sinjung.sen.es.kr,20230531,21.0,22.5,455,378,20230531,4,57,5,6,6,6,7,6,130,124,135,138,166,,1,5,36,833,1,3,0,0,20230531,10,,0,0.0,20230531,직영,3385,931,831091000,37.4801795,127.0093516,1165010800,서울시,19.8,17.4,서초구,23.0,20.9,17,135.0,162.0,
5,트라움하우스5차,397㎡,서울시 서초구 서초동,1165010800,1496-26,서울시 서초구 명달로 97-12,37.486484,127.003219,18,0,4,4,141,42,110,(주)트라움하우스,HT001,397.48,273.74,69,6,3,1,계단식,13136400,20581920,2627280,4818240,51945408,43287840,8657568,,,,,,,,,,,,서울신중초등학교,B100000768,서울특별시 서초구 서초동 1466-6번지,공립,단설,19360601,서울특별시교육청,http://sinjung.sen.es.kr,20230531,21.0,22.5,455,378,20230531,4,57,5,6,6,6,7,6,130,124,135,138,166,,1,5,36,833,1,3,0,0,20230531,10,,0,0.0,20230531,직영,3385,931,831091000,37.4801795,127.0093516,1165010800,서울시,19.8,17.4,서초구,23.0,20.9,17,135.0,162.0,
6,트라움하우스5차,401㎡,서울시 서초구 서초동,1165010800,1496-26,서울시 서초구 명달로 97-12,37.486484,127.003219,18,0,4,4,141,42,110,(주)트라움하우스,HT001,401.02,273.75,68,6,3,1,계단식,13136400,20581920,2627280,4818240,51945408,43287840,8657568,,,,,,,,,,,,서울신중초등학교,B100000768,서울특별시 서초구 서초동 1466-6번지,공립,단설,19360601,서울특별시교육청,http://sinjung.sen.es.kr,20230531,21.0,22.5,455,378,20230531,4,57,5,6,6,6,7,6,130,124,135,138,166,,1,5,36,833,1,3,0,0,20230531,10,,0,0.0,20230531,직영,3385,931,831091000,37.4801795,127.0093516,1165010800,서울시,19.8,17.4,서초구,23.0,20.9,17,135.0,162.0,
7,트라움하우스5차,414㎡,서울시 서초구 서초동,1165010800,1496-26,서울시 서초구 명달로 97-12,37.486484,127.003219,18,0,4,4,141,42,110,(주)트라움하우스,HT001,414.75,273.83,66,6,3,4,계단식,14192400,22218720,2838480,5187840,57457728,47881440,9576288,,,,,,,,,,,,서울신중초등학교,B100000768,서울특별시 서초구 서초동 1466-6번지,공립,단설,19360601,서울특별시교육청,http://sinjung.sen.es.kr,20230531,21.0,22.5,455,378,20230531,4,57,5,6,6,6,7,6,130,124,135,138,166,,1,5,36,833,1,3,0,0,20230531,10,,0,0.0,20230531,직영,3385,931,831091000,37.4801795,127.0093516,1165010800,서울시,19.8,17.4,서초구,23.0,20.9,17,135.0,162.0,
8,트라움하우스5차,466,서울시 서초구 서초동,1165010800,1496-26,서울시 서초구 명달로 97-12,37.486484,127.003219,18,0,4,4,141,42,110,(주)트라움하우스,HT001,466.67,273.64,59,6,3,4,계단식,16150800,25254240,3230160,5873280,71156736,59297280,11859456,,,,,,,,,,,,서울신중초등학교,B100000768,서울특별시 서초구 서초동 1466-6번지,공립,단설,19360601,서울특별시교육청,http://sinjung.sen.es.kr,20230531,21.0,22.5,455,378,20230531,4,57,5,6,6,6,7,6,130,124,135,138,166,,1,5,36,833,1,3,0,0,20230531,10,,0,0.0,20230531,직영,3385,931,831091000,37.4801795,127.0093516,1165010800,서울시,19.8,17.4,서초구,23.0,20.9,17,135.0,162.0,
0,파크힐스1,40㎡,서울시 서초구 서초동,1165010800,1496-29,서울시 서초구 명달로 97-7,37.48601,127.003649,16,0,5,5,153,58,13,(주)남경산업개발,HT001,40.03,35.14,88,1,1,8,계단식,,,,,,,,,,,,,,,,,,,서울신중초등학교,B100000768,서울특별시 서초구 서초동 1466-6번지,공립,단설,19360601,서울특별시교육청,http://sinjung.sen.es.kr,20230531,21.0,22.5,455,378,20230531,4,57,5,6,6,6,7,6,130,124,135,138,166,,1,5,36,833,1,3,0,0,20230531,10,,0,0.0,20230531,직영,3385,931,831091000,37.4801795,127.0093516,1165010800,서울시,19.8,17.4,서초구,23.0,20.9,17,135.0,162.0,
1,파크힐스1,42A㎡,서울시 서초구 서초동,1165010800,1496-29,서울시 서초구 명달로 97-7,37.48601,127.003649,16,0,5,5,153,58,13,(주)남경산업개발,HT001,42.15,37.01,88,1,1,4,계단식,,,,,,,,,,,,,,,,,,,서울신중초등학교,B100000768,서울특별시 서초구 서초동 1466-6번지,공립,단설,19360601,서울특별시교육청,http://sinjung.sen.es.kr,20230531,21.0,22.5,455,378,20230531,4,57,5,6,6,6,7,6,130,124,135,138,166,,1,5,36,833,1,3,0,0,20230531,10,,0,0.0,20230531,직영,3385,931,831091000,37.4801795,127.0093516,1165010800,서울시,19.8,17.4,서초구,23.0,20.9,17,135.0,162.0,
2,파크힐스1,42B,서울시 서초구 서초동,1165010800,1496-29,서울시 서초구 명달로 97-7,37.48601,127.003649,16,0,5,5,153,58,13,(주)남경산업개발,HT001,42.75,37.53,88,1,1,4,계단식,,,,,,,,,,,,,,,,,,,서울신중초등학교,B100000768,서울특별시 서초구 서초동 1466-6번지,공립,단설,19360601,서울특별시교육청,http://sinjung.sen.es.kr,20230531,21.0,22.5,455,378,20230531,4,57,5,6,6,6,7,6,130,124,135,138,166,,1,5,36,833,1,3,0,0,20230531,10,,0,0.0,20230531,직영,3385,931,831091000,37.4801795,127.0093516,1165010800,서울시,19.8,17.4,서초구,23.0,20.9,17,135.0,162.0,
0,파크힐스2,40㎡,서울시 서초구 서초동,1165010800,1496-9,서울시 서초구 명달로 97-9,37.486037,127.003477,16,0,5,5,153,58,13,,HT001,40.03,35.14,88,1,1,8,계단식,,,,,,,,,,,,,,,,,,,서울신중초등학교,B100000768,서울특별시 서초구 서초동 1466-6번지,공립,단설,19360601,서울특별시교육청,http://sinjung.sen.es.kr,20230531,21.0,22.5,455,378,20230531,4,57,5,6,6,6,7,6,130,124,135,138,166,,1,5,36,833,1,3,0,0,20230531,10,,0,0.0,20230531,직영,3385,931,831091000,37.4801795,127.0093516,1165010800,서울시,19.8,17.4,서초구,23.0,20.9,17,135.0,162.0,
1,파크힐스2,42A㎡,서울시 서초구 서초동,1165010800,1496-9,서울시 서초구 명달로 97-9,37.486037,127.003477,16,0,5,5,153,58,13,,HT001,42.15,37.01,88,1,1,4,계단식,,,,,,,,,,,,,,,,,,,서울신중초등학교,B100000768,서울특별시 서초구 서초동 1466-6번지,공립,단설,19360601,서울특별시교육청,http://sinjung.sen.es.kr,20230531,21.0,22.5,455,378,20230531,4,57,5,6,6,6,7,6,130,124,135,138,166,,1,5,36,833,1,3,0,0,20230531,10,,0,0.0,20230531,직영,3385,931,831091000,37.4801795,127.0093516,1165010800,서울시,19.8,17.4,서초구,23.0,20.9,17,135.0,162.0,
2,파크힐스2,42B,서울시 서초구 서초동,1165010800,1496-9,서울시 서초구 명달로 97-9,37.486037,127.003477,16,0,5,5,153,58,13,,HT001,42.75,37.53,88,1,1,4,계단식,,,,,,,,,,,,,,,,,,,서울신중초등학교,B100000768,서울특별시 서초구 서초동 1466-6번지,공립,단설,19360601,서울특별시교육청,http://sinjung.sen.es.kr,20230531,21.0,22.5,455,378,20230531,4,57,5,6,6,6,7,6,130,124,135,138,166,,1,5,36,833,1,3,0,0,20230531,10,,0,0.0,20230531,직영,3385,931,831091000,37.4801795,127.0093516,1165010800,서울시,19.8,17.4,서초구,23.0,20.9,17,135.0,162.0,
0,풍림아이원플러스(주상복합),37㎡,서울시 서초구 서초동,1165010800,1338-1,서울시 서초구 효령로77길 14,37.490473,127.029932,200,0,15,13,648,59,101,풍림산업(주),HT001,37.54,27.64,74,1,1,24,복도식,60450,199170,12090,126630,0,0,0,,118906,124145,"2억 9,000","2억 9,500",,"2억 4,000",,,,,서울서이초등학교,B100000762,서울특별시 서초구 서초동 1334-2번지(서운로 85),공립,단설,19831203,서울특별시교육청,http://seo2.sen.es.kr,20230531,19.7,30.3,672,753,20230531,6,66,9,8,8,7,8,7,239,266,238,205,252,,0,0,47,1425,2,4,0,0,20230531,0,,0,0.0,20230531,직영,3347,1430,1370646000,37.49120942,127.02595329,1165010800,서울시,19.8,17.4,서초구,23.0,20.9,8,225.0,0.0,
1,풍림아이원플러스(주상복합),38㎡,서울시 서초구 서초동,1165010800,1338-1,서울시 서초구 효령로77길 14,37.490473,127.029932,200,0,15,13,648,59,101,풍림산업(주),HT001,38.93,28.66,74,1,1,12,복도식,64050,208530,12810,131670,0,0,0,,123307,128740,,"3억 1,000",,,,,,,서울서이초등학교,B100000762,서울특별시 서초구 서초동 1334-2번지(서운로 85),공립,단설,19831203,서울특별시교육청,http://seo2.sen.es.kr,20230531,19.7,30.3,672,753,20230531,6,66,9,8,8,7,8,7,239,266,238,205,252,,0,0,47,1425,2,4,0,0,20230531,0,,0,0.0,20230531,직영,3347,1430,1370646000,37.49120942,127.02595329,1165010800,서울시,19.8,17.4,서초구,23.0,20.9,8,225.0,0.0,
2,풍림아이원플러스(주상복합),46㎡,서울시 서초구 서초동,1165010800,1338-1,서울시 서초구 효령로77길 14,37.490473,127.029932,200,0,15,13,648,59,101,풍림산업(주),HT001,46.75,34.42,74,1,1,32,복도식,83850,260010,16770,159390,0,0,0,,148073,154598,"3억 2,000","3억 6,000",,,,,,,서울서이초등학교,B100000762,서울특별시 서초구 서초동 1334-2번지(서운로 85),공립,단설,19831203,서울특별시교육청,http://seo2.sen.es.kr,20230531,19.7,30.3,672,753,20230531,6,66,9,8,8,7,8,7,239,266,238,205,252,,0,0,47,1425,2,4,0,0,20230531,0,,0,0.0,20230531,직영,3347,1430,1370646000,37.49120942,127.02595329,1165010800,서울시,19.8,17.4,서초구,23.0,20.9,8,225.0,0.0,
3,풍림아이원플러스(주상복합),48㎡,서울시 서초구 서초동,1165010800,1338-1,서울시 서초구 효령로77길 14,37.490473,127.029932,200,0,15,13,648,59,101,풍림산업(주),HT001,48.76,35.9,74,1,1,120,복도식,89250,274050,17850,166950,0,0,0,,154436,161241,"3억 6,000","3억 6,500",,,"1,000/140","3,500/95","1,000/140","3,500/95",서울서이초등학교,B100000762,서울특별시 서초구 서초동 1334-2번지(서운로 85),공립,단설,19831203,서울특별시교육청,http://seo2.sen.es.kr,20230531,19.7,30.3,672,753,20230531,6,66,9,8,8,7,8,7,239,266,238,205,252,,0,0,47,1425,2,4,0,0,20230531,0,,0,0.0,20230531,직영,3347,1430,1370646000,37.49120942,127.02595329,1165010800,서울시,19.8,17.4,서초구,23.0,20.9,8,225.0,0.0,
4,풍림아이원플러스(주상복합),55,서울시 서초구 서초동,1165010800,1338-1,서울시 서초구 효령로77길 14,37.490473,127.029932,200,0,15,13,648,59,101,풍림산업(주),HT001,55.79,41.07,74,1,1,12,복도식,109050,325530,21810,194670,0,0,0,,176688,184473,,"6억 5,000",,,,,,,서울서이초등학교,B100000762,서울특별시 서초구 서초동 1334-2번지(서운로 85),공립,단설,19831203,서울특별시교육청,http://seo2.sen.es.kr,20230531,19.7,30.3,672,753,20230531,6,66,9,8,8,7,8,7,239,266,238,205,252,,0,0,47,1425,2,4,0,0,20230531,0,,0,0.0,20230531,직영,3347,1430,1370646000,37.49120942,127.02595329,1165010800,서울시,19.8,17.4,서초구,23.0,20.9,8,225.0,0.0,
0,한라비발디스튜디오193(도시형),32B㎡,서울시 서초구 서초동,1165010800,1363-25,서울시 서초구 강남대로39길 15-10,37.485768,127.032051,149,0,12,11,557,59,66,한라건설(주),HT001,32.02,19.99,62,1,1,103,복도식,50100,172260,10020,112140,0,0,0,,,,"2억 5,000","2억 7,000","2억 3,500","2억 6,000",,2억/25,,2억/25,서울서일초등학교,B100000763,서울특별시 서초구 서초동 1436-8번지,공립,단설,19861016,서울특별시교육청,http://seoulseoil.sen.es.kr,20230531,20.3,20.8,266,232,20230531,4,33,3,4,4,4,4,4,72,79,88,78,93,,1,5,23,498,1,4,0,0,20230531,6,,0,0.0,20230531,직영,3377,558,615924000,37.48478772,127.02260429,1165010800,서울시,19.8,17.4,서초구,23.0,20.9,17,83.0,87.0,
1,한라비발디스튜디오193(도시형),32A㎡,서울시 서초구 서초동,1165010800,1363-25,서울시 서초구 강남대로39길 15-10,37.485768,127.032051,149,0,12,11,557,59,66,한라건설(주),HT001,32.02,19.99,62,1,1,7,복도식,50100,172260,10020,112140,0,0,0,,,,,"2억 6,500",,"2억 5,000",2억/20,2억/25,2억/20,2억/25,서울서일초등학교,B100000763,서울특별시 서초구 서초동 1436-8번지,공립,단설,19861016,서울특별시교육청,http://seoulseoil.sen.es.kr,20230531,20.3,20.8,266,232,20230531,4,33,3,4,4,4,4,4,72,79,88,78,93,,1,5,23,498,1,4,0,0,20230531,6,,0,0.0,20230531,직영,3377,558,615924000,37.48478772,127.02260429,1165010800,서울시,19.8,17.4,서초구,23.0,20.9,17,83.0,87.0,
2,한라비발디스튜디오193(도시형),32C㎡,서울시 서초구 서초동,1165010800,1363-25,서울시 서초구 강남대로39길 15-10,37.485768,127.032051,149,0,12,11,557,59,66,한라건설(주),HT001,32.56,19.8,61,1,1,7,복도식,50100,172260,10020,112140,0,0,0,,,,,,,,,"1,000/95",,"1,000/95",서울서일초등학교,B100000763,서울특별시 서초구 서초동 1436-8번지,공립,단설,19861016,서울특별시교육청,http://seoulseoil.sen.es.kr,20230531,20.3,20.8,266,232,20230531,4,33,3,4,4,4,4,4,72,79,88,78,93,,1,5,23,498,1,4,0,0,20230531,6,,0,0.0,20230531,직영,3377,558,615924000,37.48478772,127.02260429,1165010800,서울시,19.8,17.4,서초구,23.0,20.9,17,83.0,87.0,
3,한라비발디스튜디오193(도시형),36D㎡,서울시 서초구 서초동,1165010800,1363-25,서울시 서초구 강남대로39길 15-10,37.485768,127.032051,149,0,12,11,557,59,66,한라건설(주),HT001,36.72,22.72,62,1,1,6,복도식,62700,205020,12540,129780,0,0,0,,,,,,,,,,,,서울서일초등학교,B100000763,서울특별시 서초구 서초동 1436-8번지,공립,단설,19861016,서울특별시교육청,http://seoulseoil.sen.es.kr,20230531,20.3,20.8,266,232,20230531,4,33,3,4,4,4,4,4,72,79,88,78,93,,1,5,23,498,1,4,0,0,20230531,6,,0,0.0,20230531,직영,3377,558,615924000,37.48478772,127.02260429,1165010800,서울시,19.8,17.4,서초구,23.0,20.9,17,83.0,87.0,
4,한라비발디스튜디오193(도시형),42E㎡,서울시 서초구 서초동,1165010800,1363-25,서울시 서초구 강남대로39길 15-10,37.485768,127.032051,149,0,12,11,557,59,66,한라건설(주),HT001,42.43,25.75,61,1,1,6,복도식,70800,226080,14160,141120,0,0,0,,,,,,,,,,,,서울서일초등학교,B100000763,서울특별시 서초구 서초동 1436-8번지,공립,단설,19861016,서울특별시교육청,http://seoulseoil.sen.es.kr,20230531,20.3,20.8,266,232,20230531,4,33,3,4,4,4,4,4,72,79,88,78,93,,1,5,23,498,1,4,0,0,20230531,6,,0,0.0,20230531,직영,3377,558,615924000,37.48478772,127.02260429,1165010800,서울시,19.8,17.4,서초구,23.0,20.9,17,83.0,87.0,
5,한라비발디스튜디오193(도시형),47F㎡,서울시 서초구 서초동,1165010800,1363-25,서울시 서초구 강남대로39길 15-10,37.485768,127.032051,149,0,12,11,557,59,66,한라건설(주),HT001,47.03,29.32,62,1,1,6,복도식,80250,250650,16050,154350,0,0,0,,,,,,,,,,,,서울서일초등학교,B100000763,서울특별시 서초구 서초동 1436-8번지,공립,단설,19861016,서울특별시교육청,http://seoulseoil.sen.es.kr,20230531,20.3,20.8,266,232,20230531,4,33,3,4,4,4,4,4,72,79,88,78,93,,1,5,23,498,1,4,0,0,20230531,6,,0,0.0,20230531,직영,3377,558,615924000,37.48478772,127.02260429,1165010800,서울시,19.8,17.4,서초구,23.0,20.9,17,83.0,87.0,
6,한라비발디스튜디오193(도시형),52G㎡,서울시 서초구 서초동,1165010800,1363-25,서울시 서초구 강남대로39길 15-10,37.485768,127.032051,149,0,12,11,557,59,66,한라건설(주),HT001,52.8,32.98,62,1,1,6,복도식,87900,270540,17580,165060,0,0,0,,,,,,,,,,,,서울서일초등학교,B100000763,서울특별시 서초구 서초동 1436-8번지,공립,단설,19861016,서울특별시교육청,http://seoulseoil.sen.es.kr,20230531,20.3,20.8,266,232,20230531,4,33,3,4,4,4,4,4,72,79,88,78,93,,1,5,23,498,1,4,0,0,20230531,6,,0,0.0,20230531,직영,3377,558,615924000,37.48478772,127.02260429,1165010800,서울시,19.8,17.4,서초구,23.0,20.9,17,83.0,87.0,
7,한라비발디스튜디오193(도시형),57H㎡,서울시 서초구 서초동,1165010800,1363-25,서울시 서초구 강남대로39길 15-10,37.485768,127.032051,149,0,12,11,557,59,66,한라건설(주),HT001,57.7,35.91,62,1,1,7,복도식,92850,283410,18570,171990,0,0,0,,,,,,,,,,,,서울서일초등학교,B100000763,서울특별시 서초구 서초동 1436-8번지,공립,단설,19861016,서울특별시교육청,http://seoulseoil.sen.es.kr,20230531,20.3,20.8,266,232,20230531,4,33,3,4,4,4,4,4,72,79,88,78,93,,1,5,23,498,1,4,0,0,20230531,6,,0,0.0,20230531,직영,3377,558,615924000,37.48478772,127.02260429,1165010800,서울시,19.8,17.4,서초구,23.0,20.9,17,83.0,87.0,
8,한라비발디스튜디오193(도시형),63I,서울시 서초구 서초동,1165010800,1363-25,서울시 서초구 강남대로39길 15-10,37.485768,127.032051,149,0,12,11,557,59,66,한라건설(주),HT001,63.86,40.19,63,1,1,1,복도식,101850,306810,20370,184590,0,0,0,,,,,,,,,,,,서울서일초등학교,B100000763,서울특별시 서초구 서초동 1436-8번지,공립,단설,19861016,서울특별시교육청,http://seoulseoil.sen.es.kr,20230531,20.3,20.8,266,232,20230531,4,33,3,4,4,4,4,4,72,79,88,78,93,,1,5,23,498,1,4,0,0,20230531,6,,0,0.0,20230531,직영,3377,558,615924000,37.48478772,127.02260429,1165010800,서울시,19.8,17.4,서초구,23.0,20.9,17,83.0,87.0,
0,한성,112㎡,서울시 서초구 서초동,1165010800,1511-9,서울시 서초구 반포대로21길 46,37.486784,127.007817,19,0,7,6,234,37,27,건덕산업개발(주),HT001,112.99,94.27,83,3,2,5,복합식,360000,810000,72000,378000,0,0,0,,,,,"14억 5,000",,,,,,,서울신중초등학교,B100000768,서울특별시 서초구 서초동 1466-6번지,공립,단설,19360601,서울특별시교육청,http://sinjung.sen.es.kr,20230531,21.0,22.5,455,378,20230531,4,57,5,6,6,6,7,6,130,124,135,138,166,,1,5,36,833,1,3,0,0,20230531,10,,0,0.0,20230531,직영,3385,931,831091000,37.4801795,127.0093516,1165010800,서울시,19.8,17.4,서초구,23.0,20.9,14,135.0,162.0,
1,한성,118A㎡,서울시 서초구 서초동,1165010800,1511-9,서울시 서초구 반포대로21길 46,37.486784,127.007817,19,0,7,6,234,37,27,건덕산업개발(주),HT001,118.7,98.48,83,3,2,5,복합식,400500,886950,80100,406350,0,0,0,,,,,,,,,,,,서울신중초등학교,B100000768,서울특별시 서초구 서초동 1466-6번지,공립,단설,19360601,서울특별시교육청,http://sinjung.sen.es.kr,20230531,21.0,22.5,455,378,20230531,4,57,5,6,6,6,7,6,130,124,135,138,166,,1,5,36,833,1,3,0,0,20230531,10,,0,0.0,20230531,직영,3385,931,831091000,37.4801795,127.0093516,1165010800,서울시,19.8,17.4,서초구,23.0,20.9,14,135.0,162.0,
2,한성,120B㎡,서울시 서초구 서초동,1165010800,1511-9,서울시 서초구 반포대로21길 46,37.486784,127.007817,19,0,7,6,234,37,27,건덕산업개발(주),HT001,120.52,100.01,83,3,2,1,계단식,351900,794610,70380,372330,0,0,0,,,,,,,,,,,,서울신중초등학교,B100000768,서울특별시 서초구 서초동 1466-6번지,공립,단설,19360601,서울특별시교육청,http://sinjung.sen.es.kr,20230531,21.0,22.5,455,378,20230531,4,57,5,6,6,6,7,6,130,124,135,138,166,,1,5,36,833,1,3,0,0,20230531,10,,0,0.0,20230531,직영,3385,931,831091000,37.4801795,127.0093516,1165010800,서울시,19.8,17.4,서초구,23.0,20.9,14,135.0,162.0,
3,한성,122㎡,서울시 서초구 서초동,1165010800,1511-9,서울시 서초구 반포대로21길 46,37.486784,127.007817,19,0,7,6,234,37,27,건덕산업개발(주),HT001,122.77,102.1,83,3,2,6,복합식,429975,939960,85995,423990,0,0,0,,,,,,,9억,1억/400,5억/220,1억/400,5억/220,서울신중초등학교,B100000768,서울특별시 서초구 서초동 1466-6번지,공립,단설,19360601,서울특별시교육청,http://sinjung.sen.es.kr,20230531,21.0,22.5,455,378,20230531,4,57,5,6,6,6,7,6,130,124,135,138,166,,1,5,36,833,1,3,0,0,20230531,10,,0,0.0,20230531,직영,3385,931,831091000,37.4801795,127.0093516,1165010800,서울시,19.8,17.4,서초구,23.0,20.9,14,135.0,162.0,
4,한성,129㎡,서울시 서초구 서초동,1165010800,1511-9,서울시 서초구 반포대로21길 46,37.486784,127.007817,19,0,7,6,234,37,27,건덕산업개발(주),HT001,129.56,107.12,83,3,2,1,복합식,431550,942480,86310,424620,0,0,0,,,,,,,,,,,,서울신중초등학교,B100000768,서울특별시 서초구 서초동 1466-6번지,공립,단설,19360601,서울특별시교육청,http://sinjung.sen.es.kr,20230531,21.0,22.5,455,378,20230531,4,57,5,6,6,6,7,6,130,124,135,138,166,,1,5,36,833,1,3,0,0,20230531,10,,0,0.0,20230531,직영,3385,931,831091000,37.4801795,127.0093516,1165010800,서울시,19.8,17.4,서초구,23.0,20.9,14,135.0,162.0,
5,한성,141,서울시 서초구 서초동,1165010800,1511-9,서울시 서초구 반포대로21길 46,37.486784,127.007817,19,0,7,6,234,37,27,건덕산업개발(주),HT001,141.36,118.12,84,3,2,1,계단식,544950,1123920,108990,469980,0,0,0,,,,,,,,,,,,서울신중초등학교,B100000768,서울특별시 서초구 서초동 1466-6번지,공립,단설,19360601,서울특별시교육청,http://sinjung.sen.es.kr,20230531,21.0,22.5,455,378,20230531,4,57,5,6,6,6,7,6,130,124,135,138,166,,1,5,36,833,1,3,0,0,20230531,10,,0,0.0,20230531,직영,3385,931,831091000,37.4801795,127.0093516,1165010800,서울시,19.8,17.4,서초구,23.0,20.9,14,135.0,162.0,
0,한승미메이드,92㎡,서울시 서초구 서초동,1165010800,1427-7,서울시 서초구 남부순환로333길 15-5,37.483658,127.019793,18,0,6,5,195,42,24,(주)한승종합건설,HT001,92.63,84.44,91,3,2,3,계단식,327600,748440,65520,355320,0,0,0,,,,,,,,,,,,서울서일초등학교,B100000763,서울특별시 서초구 서초동 1436-8번지,공립,단설,19861016,서울특별시교육청,http://seoulseoil.sen.es.kr,20230531,20.3,20.8,266,232,20230531,4,33,3,4,4,4,4,4,72,79,88,78,93,,1,5,23,498,1,4,0,0,20230531,6,,0,0.0,20230531,직영,3377,558,615924000,37.48478772,127.02260429,1165010800,서울시,19.8,17.4,서초구,23.0,20.9,4,83.0,87.0,
1,한승미메이드,96㎡,서울시 서초구 서초동,1165010800,1427-7,서울시 서초구 남부순환로333길 15-5,37.483658,127.019793,18,0,6,5,195,42,24,(주)한승종합건설,HT001,96.18,87.68,91,3,2,3,계단식,327600,748440,65520,355320,0,0,0,,,,,,,,,,,,서울서일초등학교,B100000763,서울특별시 서초구 서초동 1436-8번지,공립,단설,19861016,서울특별시교육청,http://seoulseoil.sen.es.kr,20230531,20.3,20.8,266,232,20230531,4,33,3,4,4,4,4,4,72,79,88,78,93,,1,5,23,498,1,4,0,0,20230531,6,,0,0.0,20230531,직영,3377,558,615924000,37.48478772,127.02260429,1165010800,서울시,19.8,17.4,서초구,23.0,20.9,4,83.0,87.0,
2,한승미메이드,116A㎡,서울시 서초구 서초동,1165010800,1427-7,서울시 서초구 남부순환로333길 15-5,37.483658,127.019793,18,0,6,5,195,42,24,(주)한승종합건설,HT001,116.41,106.12,91,4,2,4,계단식,390600,868140,78120,399420,0,0,0,,,,,,,,,,,,서울서일초등학교,B100000763,서울특별시 서초구 서초동 1436-8번지,공립,단설,19861016,서울특별시교육청,http://seoulseoil.sen.es.kr,20230531,20.3,20.8,266,232,20230531,4,33,3,4,4,4,4,4,72,79,88,78,93,,1,5,23,498,1,4,0,0,20230531,6,,0,0.0,20230531,직영,3377,558,615924000,37.48478772,127.02260429,1165010800,서울시,19.8,17.4,서초구,23.0,20.9,4,83.0,87.0,
3,한승미메이드,117B㎡,서울시 서초구 서초동,1165010800,1427-7,서울시 서초구 남부순환로333길 15-5,37.483658,127.019793,18,0,6,5,195,42,24,(주)한승종합건설,HT001,117.96,107.53,91,4,2,1,계단식,383400,854460,76680,394380,0,0,0,,,,,17억,,,,,,,서울서일초등학교,B100000763,서울특별시 서초구 서초동 1436-8번지,공립,단설,19861016,서울특별시교육청,http://seoulseoil.sen.es.kr,20230531,20.3,20.8,266,232,20230531,4,33,3,4,4,4,4,4,72,79,88,78,93,,1,5,23,498,1,4,0,0,20230531,6,,0,0.0,20230531,직영,3377,558,615924000,37.48478772,127.02260429,1165010800,서울시,19.8,17.4,서초구,23.0,20.9,4,83.0,87.0,
4,한승미메이드,119㎡,서울시 서초구 서초동,1165010800,1427-7,서울시 서초구 남부순환로333길 15-5,37.483658,127.019793,18,0,6,5,195,42,24,(주)한승종합건설,HT001,119.55,108.98,91,4,2,4,계단식,464625,995400,92925,437850,0,0,0,,,,,,,,,3억/200,,3억/200,서울서일초등학교,B100000763,서울특별시 서초구 서초동 1436-8번지,공립,단설,19861016,서울특별시교육청,http://seoulseoil.sen.es.kr,20230531,20.3,20.8,266,232,20230531,4,33,3,4,4,4,4,4,72,79,88,78,93,,1,5,23,498,1,4,0,0,20230531,6,,0,0.0,20230531,직영,3377,558,615924000,37.48478772,127.02260429,1165010800,서울시,19.8,17.4,서초구,23.0,20.9,4,83.0,87.0,
5,한승미메이드,126A㎡,서울시 서초구 서초동,1165010800,1427-7,서울시 서초구 남부순환로333길 15-5,37.483658,127.019793,18,0,6,5,195,42,24,(주)한승종합건설,HT001,126.84,115.63,91,4,3,1,계단식,387900,863010,77580,397530,0,0,0,,,,,,,,,,,,서울서일초등학교,B100000763,서울특별시 서초구 서초동 1436-8번지,공립,단설,19861016,서울특별시교육청,http://seoulseoil.sen.es.kr,20230531,20.3,20.8,266,232,20230531,4,33,3,4,4,4,4,4,72,79,88,78,93,,1,5,23,498,1,4,0,0,20230531,6,,0,0.0,20230531,직영,3377,558,615924000,37.48478772,127.02260429,1165010800,서울시,19.8,17.4,서초구,23.0,20.9,4,83.0,87.0,
6,한승미메이드,140㎡,서울시 서초구 서초동,1165010800,1427-7,서울시 서초구 남부순환로333길 15-5,37.483658,127.019793,18,0,6,5,195,42,24,(주)한승종합건설,HT001,140.77,128.33,91,4,2,1,계단식,450450,972720,90090,432180,0,0,0,,,,,,,,,,,,서울서일초등학교,B100000763,서울특별시 서초구 서초동 1436-8번지,공립,단설,19861016,서울특별시교육청,http://seoulseoil.sen.es.kr,20230531,20.3,20.8,266,232,20230531,4,33,3,4,4,4,4,4,72,79,88,78,93,,1,5,23,498,1,4,0,0,20230531,6,,0,0.0,20230531,직영,3377,558,615924000,37.48478772,127.02260429,1165010800,서울시,19.8,17.4,서초구,23.0,20.9,4,83.0,87.0,
7,한승미메이드,142B,서울시 서초구 서초동,1165010800,1427-7,서울시 서초구 남부순환로333길 15-5,37.483658,127.019793,18,0,6,5,195,42,24,(주)한승종합건설,HT001,142.36,129.77,91,4,3,1,계단식,450450,972720,90090,432180,0,0,0,,,,,,,,,,,,서울서일초등학교,B100000763,서울특별시 서초구 서초동 1436-8번지,공립,단설,19861016,서울특별시교육청,http://seoulseoil.sen.es.kr,20230531,20.3,20.8,266,232,20230531,4,33,3,4,4,4,4,4,72,79,88,78,93,,1,5,23,498,1,4,0,0,20230531,6,,0,0.0,20230531,직영,3377,558,615924000,37.48478772,127.02260429,1165010800,서울시,19.8,17.4,서초구,23.0,20.9,4,83.0,87.0,
0,해오름빌(도시형),23A㎡,서울시 서초구 서초동,1165010800,1506-57,서울시 서초구 명달로28길 21,37.4879,127.005729,12,0,5,2,197,58,5,(주)아크건설,HT001,23.04,18.23,79,1,1,1,계단식,,,,,,,,,,,,,,,,,,,서울신중초등학교,B100000768,서울특별시 서초구 서초동 1466-6번지,공립,단설,19360601,서울특별시교육청,http://sinjung.sen.es.kr,20230531,21.0,22.5,455,378,20230531,4,57,5,6,6,6,7,6,130,124,135,138,166,,1,5,36,833,1,3,0,0,20230531,10,,0,0.0,20230531,직영,3385,931,831091000,37.4801795,127.0093516,1165010800,서울시,19.8,17.4,서초구,23.0,20.9,19,135.0,162.0,
1,해오름빌(도시형),23B㎡,서울시 서초구 서초동,1165010800,1506-57,서울시 서초구 명달로28길 21,37.4879,127.005729,12,0,5,2,197,58,5,(주)아크건설,HT001,23.1,18.28,79,1,1,1,계단식,,,,,,,,,,,,,,,,,,,서울신중초등학교,B100000768,서울특별시 서초구 서초동 1466-6번지,공립,단설,19360601,서울특별시교육청,http://sinjung.sen.es.kr,20230531,21.0,22.5,455,378,20230531,4,57,5,6,6,6,7,6,130,124,135,138,166,,1,5,36,833,1,3,0,0,20230531,10,,0,0.0,20230531,직영,3385,931,831091000,37.4801795,127.0093516,1165010800,서울시,19.8,17.4,서초구,23.0,20.9,19,135.0,162.0,
2,해오름빌(도시형),24C㎡,서울시 서초구 서초동,1165010800,1506-57,서울시 서초구 명달로28길 21,37.4879,127.005729,12,0,5,2,197,58,5,(주)아크건설,HT001,24.42,19.32,79,1,1,1,계단식,,,,,,,,,,,,,,,,,,,서울신중초등학교,B100000768,서울특별시 서초구 서초동 1466-6번지,공립,단설,19360601,서울특별시교육청,http://sinjung.sen.es.kr,20230531,21.0,22.5,455,378,20230531,4,57,5,6,6,6,7,6,130,124,135,138,166,,1,5,36,833,1,3,0,0,20230531,10,,0,0.0,20230531,직영,3385,931,831091000,37.4801795,127.0093516,1165010800,서울시,19.8,17.4,서초구,23.0,20.9,19,135.0,162.0,
3,해오름빌(도시형),24D㎡,서울시 서초구 서초동,1165010800,1506-57,서울시 서초구 명달로28길 21,37.4879,127.005729,12,0,5,2,197,58,5,(주)아크건설,HT001,24.48,19.37,79,1,1,1,계단식,,,,,,,,,,,,,,,,,,,서울신중초등학교,B100000768,서울특별시 서초구 서초동 1466-6번지,공립,단설,19360601,서울특별시교육청,http://sinjung.sen.es.kr,20230531,21.0,22.5,455,378,20230531,4,57,5,6,6,6,7,6,130,124,135,138,166,,1,5,36,833,1,3,0,0,20230531,10,,0,0.0,20230531,직영,3385,931,831091000,37.4801795,127.0093516,1165010800,서울시,19.8,17.4,서초구,23.0,20.9,19,135.0,162.0,
4,해오름빌(도시형),26A㎡,서울시 서초구 서초동,1165010800,1506-57,서울시 서초구 명달로28길 21,37.4879,127.005729,12,0,5,2,197,58,5,(주)아크건설,HT001,26.44,20.92,79,1,1,1,계단식,,,,,,,,,,,,,,,,,,,서울신중초등학교,B100000768,서울특별시 서초구 서초동 1466-6번지,공립,단설,19360601,서울특별시교육청,http://sinjung.sen.es.kr,20230531,21.0,22.5,455,378,20230531,4,57,5,6,6,6,7,6,130,124,135,138,166,,1,5,36,833,1,3,0,0,20230531,10,,0,0.0,20230531,직영,3385,931,831091000,37.4801795,127.0093516,1165010800,서울시,19.8,17.4,서초구,23.0,20.9,19,135.0,162.0,
5,해오름빌(도시형),26B㎡,서울시 서초구 서초동,1165010800,1506-57,서울시 서초구 명달로28길 21,37.4879,127.005729,12,0,5,2,197,58,5,(주)아크건설,HT001,26.71,21.13,79,1,1,1,계단식,,,,,,,,,,,,,,,,,,,서울신중초등학교,B100000768,서울특별시 서초구 서초동 1466-6번지,공립,단설,19360601,서울특별시교육청,http://sinjung.sen.es.kr,20230531,21.0,22.5,455,378,20230531,4,57,5,6,6,6,7,6,130,124,135,138,166,,1,5,36,833,1,3,0,0,20230531,10,,0,0.0,20230531,직영,3385,931,831091000,37.4801795,127.0093516,1165010800,서울시,19.8,17.4,서초구,23.0,20.9,19,135.0,162.0,
6,해오름빌(도시형),27C㎡,서울시 서초구 서초동,1165010800,1506-57,서울시 서초구 명달로28길 21,37.4879,127.005729,12,0,5,2,197,58,5,(주)아크건설,HT001,27.6,21.84,79,1,1,1,계단식,,,,,,,,,,,,,,,,,,,서울신중초등학교,B100000768,서울특별시 서초구 서초동 1466-6번지,공립,단설,19360601,서울특별시교육청,http://sinjung.sen.es.kr,20230531,21.0,22.5,455,378,20230531,4,57,5,6,6,6,7,6,130,124,135,138,166,,1,5,36,833,1,3,0,0,20230531,10,,0,0.0,20230531,직영,3385,931,831091000,37.4801795,127.0093516,1165010800,서울시,19.8,17.4,서초구,23.0,20.9,19,135.0,162.0,
7,해오름빌(도시형),28A㎡,서울시 서초구 서초동,1165010800,1506-57,서울시 서초구 명달로28길 21,37.4879,127.005729,12,0,5,2,197,58,5,(주)아크건설,HT001,28.48,22.53,79,1,1,2,계단식,,,,,,,,,,,,,,,,,,,서울신중초등학교,B100000768,서울특별시 서초구 서초동 1466-6번지,공립,단설,19360601,서울특별시교육청,http://sinjung.sen.es.kr,20230531,21.0,22.5,455,378,20230531,4,57,5,6,6,6,7,6,130,124,135,138,166,,1,5,36,833,1,3,0,0,20230531,10,,0,0.0,20230531,직영,3385,931,831091000,37.4801795,127.0093516,1165010800,서울시,19.8,17.4,서초구,23.0,20.9,19,135.0,162.0,
8,해오름빌(도시형),29B㎡,서울시 서초구 서초동,1165010800,1506-57,서울시 서초구 명달로28길 21,37.4879,127.005729,12,0,5,2,197,58,5,(주)아크건설,HT001,29.36,23.23,79,1,1,1,계단식,,,,,,,,,,,,,,,,,,,서울신중초등학교,B100000768,서울특별시 서초구 서초동 1466-6번지,공립,단설,19360601,서울특별시교육청,http://sinjung.sen.es.kr,20230531,21.0,22.5,455,378,20230531,4,57,5,6,6,6,7,6,130,124,135,138,166,,1,5,36,833,1,3,0,0,20230531,10,,0,0.0,20230531,직영,3385,931,831091000,37.4801795,127.0093516,1165010800,서울시,19.8,17.4,서초구,23.0,20.9,19,135.0,162.0,
9,해오름빌(도시형),30C㎡,서울시 서초구 서초동,1165010800,1506-57,서울시 서초구 명달로28길 21,37.4879,127.005729,12,0,5,2,197,58,5,(주)아크건설,HT001,30.5,24.13,79,1,1,1,계단식,,,,,,,,,,,,,,,,,,,서울신중초등학교,B100000768,서울특별시 서초구 서초동 1466-6번지,공립,단설,19360601,서울특별시교육청,http://sinjung.sen.es.kr,20230531,21.0,22.5,455,378,20230531,4,57,5,6,6,6,7,6,130,124,135,138,166,,1,5,36,833,1,3,0,0,20230531,10,,0,0.0,20230531,직영,3385,931,831091000,37.4801795,127.0093516,1165010800,서울시,19.8,17.4,서초구,23.0,20.9,19,135.0,162.0,
10,해오름빌(도시형),85,서울시 서초구 서초동,1165010800,1506-57,서울시 서초구 명달로28길 21,37.4879,127.005729,12,0,5,2,197,58,5,(주)아크건설,HT001,85.27,67.47,79,3,2,1,계단식,,,,,,,,,,,,,,,,,,,서울신중초등학교,B100000768,서울특별시 서초구 서초동 1466-6번지,공립,단설,19360601,서울특별시교육청,http://sinjung.sen.es.kr,20230531,21.0,22.5,455,378,20230531,4,57,5,6,6,6,7,6,130,124,135,138,166,,1,5,36,833,1,3,0,0,20230531,10,,0,0.0,20230531,직영,3385,931,831091000,37.4801795,127.0093516,1165010800,서울시,19.8,17.4,서초구,23.0,20.9,19,135.0,162.0,
0,햄튼코트,164A㎡,서울시 서초구 서초동,1165010800,1428-1,서울시 서초구 서초중앙로2길 48,37.483985,127.020111,19,0,7,6,259,59,37,(주)파라다이스건설산업,HT001,164.34,149.1,91,3,2,6,계단식,1423800,2427390,284760,718830,123984,103320,20664,,,,,,,,,,,,서울서일초등학교,B100000763,서울특별시 서초구 서초동 1436-8번지,공립,단설,19861016,서울특별시교육청,http://seoulseoil.sen.es.kr,20230531,20.3,20.8,266,232,20230531,4,33,3,4,4,4,4,4,72,79,88,78,93,,1,5,23,498,1,4,0,0,20230531,6,,0,0.0,20230531,직영,3377,558,615924000,37.48478772,127.02260429,1165010800,서울시,19.8,17.4,서초구,23.0,20.9,4,83.0,87.0,
1,햄튼코트,164C㎡,서울시 서초구 서초동,1165010800,1428-1,서울시 서초구 서초중앙로2길 48,37.483985,127.020111,19,0,7,6,259,59,37,(주)파라다이스건설산업,HT001,164.38,149.14,91,3,2,6,계단식,1423800,2427390,284760,718830,123984,103320,20664,,,,,,,,,,,,서울서일초등학교,B100000763,서울특별시 서초구 서초동 1436-8번지,공립,단설,19861016,서울특별시교육청,http://seoulseoil.sen.es.kr,20230531,20.3,20.8,266,232,20230531,4,33,3,4,4,4,4,4,72,79,88,78,93,,1,5,23,498,1,4,0,0,20230531,6,,0,0.0,20230531,직영,3377,558,615924000,37.48478772,127.02260429,1165010800,서울시,19.8,17.4,서초구,23.0,20.9,4,83.0,87.0,
2,햄튼코트,164B㎡,서울시 서초구 서초동,1165010800,1428-1,서울시 서초구 서초중앙로2길 48,37.483985,127.020111,19,0,7,6,259,59,37,(주)파라다이스건설산업,HT001,164.35,149.11,91,3,2,5,계단식,1423800,2427390,284760,718830,123984,103320,20664,,,,,,,,,,,,서울서일초등학교,B100000763,서울특별시 서초구 서초동 1436-8번지,공립,단설,19861016,서울특별시교육청,http://seoulseoil.sen.es.kr,20230531,20.3,20.8,266,232,20230531,4,33,3,4,4,4,4,4,72,79,88,78,93,,1,5,23,498,1,4,0,0,20230531,6,,0,0.0,20230531,직영,3377,558,615924000,37.48478772,127.02260429,1165010800,서울시,19.8,17.4,서초구,23.0,20.9,4,83.0,87.0,
3,햄튼코트,181㎡,서울시 서초구 서초동,1165010800,1428-1,서울시 서초구 서초중앙로2길 48,37.483985,127.020111,19,0,7,6,259,59,37,(주)파라다이스건설산업,HT001,181.16,164.35,91,4,2,1,계단식,1436400,2446920,287280,723240,145152,120960,24192,,,,,,,,,,,,서울서일초등학교,B100000763,서울특별시 서초구 서초동 1436-8번지,공립,단설,19861016,서울특별시교육청,http://seoulseoil.sen.es.kr,20230531,20.3,20.8,266,232,20230531,4,33,3,4,4,4,4,4,72,79,88,78,93,,1,5,23,498,1,4,0,0,20230531,6,,0,0.0,20230531,직영,3377,558,615924000,37.48478772,127.02260429,1165010800,서울시,19.8,17.4,서초구,23.0,20.9,4,83.0,87.0,
4,햄튼코트,205,서울시 서초구 서초동,1165010800,1428-1,서울시 서초구 서초중앙로2길 48,37.483985,127.020111,19,0,7,6,259,59,37,(주)파라다이스건설산업,HT001,205.33,186.28,91,5,2,1,계단식,1602000,2703600,320400,781200,423360,352800,70560,,,,,,,,,,,,서울서일초등학교,B100000763,서울특별시 서초구 서초동 1436-8번지,공립,단설,19861016,서울특별시교육청,http://seoulseoil.sen.es.kr,20230531,20.3,20.8,266,232,20230531,4,33,3,4,4,4,4,4,72,79,88,78,93,,1,5,23,498,1,4,0,0,20230531,6,,0,0.0,20230531,직영,3377,558,615924000,37.48478772,127.02260429,1165010800,서울시,19.8,17.4,서초구,23.0,20.9,4,83.0,87.0,
0,헤센파크힐,32A㎡,서울시 서초구 서초동,1165010800,1633-4,서울시 서초구 사임당로 115,37.491174,127.022487,102,0,7,7,239,56,86,신한종합건설(주),HT001,32.22,18.34,57,1,1,19,계단식,83850,260010,16770,159390,0,0,0,,,,,,,"3억 3,500",,,,,서울서이초등학교,B100000762,서울특별시 서초구 서초동 1334-2번지(서운로 85),공립,단설,19831203,서울특별시교육청,http://seo2.sen.es.kr,20230531,19.7,30.3,672,753,20230531,6,66,9,8,8,7,8,7,239,266,238,205,252,,0,0,47,1425,2,4,0,0,20230531,0,,0,0.0,20230531,직영,3347,1430,1370646000,37.49120942,127.02595329,1165010800,서울시,19.8,17.4,서초구,23.0,20.9,5,225.0,0.0,
1,헤센파크힐,34B㎡,서울시 서초구 서초동,1165010800,1633-4,서울시 서초구 사임당로 115,37.491174,127.022487,102,0,7,7,239,56,86,신한종합건설(주),HT001,34.34,19.27,56,1,1,6,계단식,85650,264690,17130,161910,0,0,0,,,,,,,"3억 3,000",,,,,서울서이초등학교,B100000762,서울특별시 서초구 서초동 1334-2번지(서운로 85),공립,단설,19831203,서울특별시교육청,http://seo2.sen.es.kr,20230531,19.7,30.3,672,753,20230531,6,66,9,8,8,7,8,7,239,266,238,205,252,,0,0,47,1425,2,4,0,0,20230531,0,,0,0.0,20230531,직영,3347,1430,1370646000,37.49120942,127.02595329,1165010800,서울시,19.8,17.4,서초구,23.0,20.9,5,225.0,0.0,
2,헤센파크힐,35A㎡,서울시 서초구 서초동,1165010800,1633-4,서울시 서초구 사임당로 115,37.491174,127.022487,102,0,7,7,239,56,86,신한종합건설(주),HT001,35.73,20.66,58,1,1,30,계단식,92400,282240,18480,171360,0,0,0,,,,,,"3억 3,500","3억 6,000",,,,,서울서이초등학교,B100000762,서울특별시 서초구 서초동 1334-2번지(서운로 85),공립,단설,19831203,서울특별시교육청,http://seo2.sen.es.kr,20230531,19.7,30.3,672,753,20230531,6,66,9,8,8,7,8,7,239,266,238,205,252,,0,0,47,1425,2,4,0,0,20230531,0,,0,0.0,20230531,직영,3347,1430,1370646000,37.49120942,127.02595329,1165010800,서울시,19.8,17.4,서초구,23.0,20.9,5,225.0,0.0,
3,헤센파크힐,36C㎡,서울시 서초구 서초동,1165010800,1633-4,서울시 서초구 사임당로 115,37.491174,127.022487,102,0,7,7,239,56,86,신한종합건설(주),HT001,36.96,21.19,57,1,1,6,계단식,95550,290430,19110,175770,0,0,0,,,,,,,,,,,,서울서이초등학교,B100000762,서울특별시 서초구 서초동 1334-2번지(서운로 85),공립,단설,19831203,서울특별시교육청,http://seo2.sen.es.kr,20230531,19.7,30.3,672,753,20230531,6,66,9,8,8,7,8,7,239,266,238,205,252,,0,0,47,1425,2,4,0,0,20230531,0,,0,0.0,20230531,직영,3347,1430,1370646000,37.49120942,127.02595329,1165010800,서울시,19.8,17.4,서초구,23.0,20.9,5,225.0,0.0,
4,헤센파크힐,37D㎡,서울시 서초구 서초동,1165010800,1633-4,서울시 서초구 사임당로 115,37.491174,127.022487,102,0,7,7,239,56,86,신한종합건설(주),HT001,37.36,21.49,58,1,1,4,계단식,96900,293940,19380,177660,0,0,0,,,,,,,,,,,,서울서이초등학교,B100000762,서울특별시 서초구 서초동 1334-2번지(서운로 85),공립,단설,19831203,서울특별시교육청,http://seo2.sen.es.kr,20230531,19.7,30.3,672,753,20230531,6,66,9,8,8,7,8,7,239,266,238,205,252,,0,0,47,1425,2,4,0,0,20230531,0,,0,0.0,20230531,직영,3347,1430,1370646000,37.49120942,127.02595329,1165010800,서울시,19.8,17.4,서초구,23.0,20.9,5,225.0,0.0,
5,헤센파크힐,37B㎡,서울시 서초구 서초동,1165010800,1633-4,서울시 서초구 사임당로 115,37.491174,127.022487,102,0,7,7,239,56,86,신한종합건설(주),HT001,37.19,21.01,56,1,1,1,계단식,93750,285750,18750,173250,0,0,0,,,,,,,"3억 5,000",,,,,서울서이초등학교,B100000762,서울특별시 서초구 서초동 1334-2번지(서운로 85),공립,단설,19831203,서울특별시교육청,http://seo2.sen.es.kr,20230531,19.7,30.3,672,753,20230531,6,66,9,8,8,7,8,7,239,266,238,205,252,,0,0,47,1425,2,4,0,0,20230531,0,,0,0.0,20230531,직영,3347,1430,1370646000,37.49120942,127.02595329,1165010800,서울시,19.8,17.4,서초구,23.0,20.9,5,225.0,0.0,
6,헤센파크힐,43㎡,서울시 서초구 서초동,1165010800,1633-4,서울시 서초구 사임당로 115,37.491174,127.022487,102,0,7,7,239,56,86,신한종합건설(주),HT001,43.14,26.11,61,1,1,6,계단식,122400,358560,24480,211680,0,0,0,,,,,,,"3억 9,900",,,,,서울서이초등학교,B100000762,서울특별시 서초구 서초동 1334-2번지(서운로 85),공립,단설,19831203,서울특별시교육청,http://seo2.sen.es.kr,20230531,19.7,30.3,672,753,20230531,6,66,9,8,8,7,8,7,239,266,238,205,252,,0,0,47,1425,2,4,0,0,20230531,0,,0,0.0,20230531,직영,3347,1430,1370646000,37.49120942,127.02595329,1165010800,서울시,19.8,17.4,서초구,23.0,20.9,5,225.0,0.0,
7,헤센파크힐,44㎡,서울시 서초구 서초동,1165010800,1633-4,서울시 서초구 사임당로 115,37.491174,127.022487,102,0,7,7,239,56,86,신한종합건설(주),HT001,44.65,26.04,58,1,1,6,계단식,121500,356850,24300,211050,0,0,0,,,,,,,,,,,,서울서이초등학교,B100000762,서울특별시 서초구 서초동 1334-2번지(서운로 85),공립,단설,19831203,서울특별시교육청,http://seo2.sen.es.kr,20230531,19.7,30.3,672,753,20230531,6,66,9,8,8,7,8,7,239,266,238,205,252,,0,0,47,1425,2,4,0,0,20230531,0,,0,0.0,20230531,직영,3347,1430,1370646000,37.49120942,127.02595329,1165010800,서울시,19.8,17.4,서초구,23.0,20.9,5,225.0,0.0,
8,헤센파크힐,54A㎡,서울시 서초구 서초동,1165010800,1633-4,서울시 서초구 사임당로 115,37.491174,127.022487,102,0,7,7,239,56,86,신한종합건설(주),HT001,54.58,32.1,59,2,1,16,계단식,184500,476550,36900,255150,0,0,0,,,,,,,"4억 9,600",,,,,서울서이초등학교,B100000762,서울특별시 서초구 서초동 1334-2번지(서운로 85),공립,단설,19831203,서울특별시교육청,http://seo2.sen.es.kr,20230531,19.7,30.3,672,753,20230531,6,66,9,8,8,7,8,7,239,266,238,205,252,,0,0,47,1425,2,4,0,0,20230531,0,,0,0.0,20230531,직영,3347,1430,1370646000,37.49120942,127.02595329,1165010800,서울시,19.8,17.4,서초구,23.0,20.9,5,225.0,0.0,
9,헤센파크힐,54㎡,서울시 서초구 서초동,1165010800,1633-4,서울시 서초구 사임당로 115,37.491174,127.022487,102,0,7,7,239,56,86,신한종합건설(주),HT001,54.23,31.62,58,2,1,6,계단식,179100,466290,35820,251370,0,0,0,,,,,,,,,,,,서울서이초등학교,B100000762,서울특별시 서초구 서초동 1334-2번지(서운로 85),공립,단설,19831203,서울특별시교육청,http://seo2.sen.es.kr,20230531,19.7,30.3,672,753,20230531,6,66,9,8,8,7,8,7,239,266,238,205,252,,0,0,47,1425,2,4,0,0,20230531,0,,0,0.0,20230531,직영,3347,1430,1370646000,37.49120942,127.02595329,1165010800,서울시,19.8,17.4,서초구,23.0,20.9,5,225.0,0.0,
10,헤센파크힐,54B,서울시 서초구 서초동,1165010800,1633-4,서울시 서초구 사임당로 115,37.491174,127.022487,102,0,7,7,239,56,86,신한종합건설(주),HT001,54.58,32.58,60,2,1,2,계단식,190800,488520,38160,259560,0,0,0,,,,,,,,,,,,서울서이초등학교,B100000762,서울특별시 서초구 서초동 1334-2번지(서운로 85),공립,단설,19831203,서울특별시교육청,http://seo2.sen.es.kr,20230531,19.7,30.3,672,753,20230531,6,66,9,8,8,7,8,7,239,266,238,205,252,,0,0,47,1425,2,4,0,0,20230531,0,,0,0.0,20230531,직영,3347,1430,1370646000,37.49120942,127.02595329,1165010800,서울시,19.8,17.4,서초구,23.0,20.9,5,225.0,0.0,
0,현대,91A㎡,서울시 서초구 서초동,1165010800,1346,서울시 서초구 효령로72길 14,37.485942,127.023523,412,0,15,3,196,17,413,현대산업개발,HT005,91.52,62.05,68,3,1,57,복도식,1342800,2301840,268560,690480,0,0,0,,322740,207321,"16억 5,000","19억 5,000",,,"5,000/240",1억/200,"5,000/240",1억/200,서울서일초등학교,B100000763,서울특별시 서초구 서초동 1436-8번지,공립,단설,19861016,서울특별시교육청,http://seoulseoil.sen.es.kr,20230531,20.3,20.8,266,232,20230531,4,33,3,4,4,4,4,4,72,79,88,78,93,,1,5,23,498,1,4,0,0,20230531,6,,0,0.0,20230531,직영,3377,558,615924000,37.48478772,127.02260429,1165010800,서울시,19.8,17.4,서초구,23.0,20.9,8,83.0,87.0,
1,현대,92B㎡,서울시 서초구 서초동,1165010800,1346,서울시 서초구 효령로72길 14,37.485942,127.023523,412,0,15,3,196,17,413,현대산업개발,HT005,92.42,74.13,80,3,1,12,계단식,,,,,,,,,385571,247683,,,,,,,,,서울서일초등학교,B100000763,서울특별시 서초구 서초동 1436-8번지,공립,단설,19861016,서울특별시교육청,http://seoulseoil.sen.es.kr,20230531,20.3,20.8,266,232,20230531,4,33,3,4,4,4,4,4,72,79,88,78,93,,1,5,23,498,1,4,0,0,20230531,6,,0,0.0,20230531,직영,3377,558,615924000,37.48478772,127.02260429,1165010800,서울시,19.8,17.4,서초구,23.0,20.9,8,83.0,87.0,
2,현대,102S㎡,서울시 서초구 서초동,1165010800,1346,서울시 서초구 효령로72길 14,37.485942,127.023523,412,0,15,3,196,17,413,현대산업개발,HT005,102.93,84.33,82,3,1,1,계단식,1627200,2742660,325440,790020,465696,388080,77616,,438651,281779,,,,,,,,,서울서일초등학교,B100000763,서울특별시 서초구 서초동 1436-8번지,공립,단설,19861016,서울특별시교육청,http://seoulseoil.sen.es.kr,20230531,20.3,20.8,266,232,20230531,4,33,3,4,4,4,4,4,72,79,88,78,93,,1,5,23,498,1,4,0,0,20230531,6,,0,0.0,20230531,직영,3377,558,615924000,37.48478772,127.02260429,1165010800,서울시,19.8,17.4,서초구,23.0,20.9,8,83.0,87.0,
3,현대,103㎡,서울시 서초구 서초동,1165010800,1346,서울시 서초구 효령로72길 14,37.485942,127.023523,412,0,15,3,196,17,413,현대산업개발,HT005,103.53,84.33,81,3,1,149,계단식,1782000,2982600,356400,844200,725760,604800,120960,,438625,281763,"18억 1,000","20억 5,000","7억 4,000","7억 5,000",1억/240,5억/100,1억/240,5억/100,서울서일초등학교,B100000763,서울특별시 서초구 서초동 1436-8번지,공립,단설,19861016,서울특별시교육청,http://seoulseoil.sen.es.kr,20230531,20.3,20.8,266,232,20230531,4,33,3,4,4,4,4,4,72,79,88,78,93,,1,5,23,498,1,4,0,0,20230531,6,,0,0.0,20230531,직영,3377,558,615924000,37.48478772,127.02260429,1165010800,서울시,19.8,17.4,서초구,23.0,20.9,8,83.0,87.0,
4,현대,103R㎡,서울시 서초구 서초동,1165010800,1346,서울시 서초구 효령로72길 14,37.485942,127.023523,412,0,15,3,196,17,413,현대산업개발,HT005,103.45,84.79,82,3,1,30,계단식,1735200,2910060,347040,827820,647136,539280,107856,,441017,283300,,,,"7억 4,000",,,,,서울서일초등학교,B100000763,서울특별시 서초구 서초동 1436-8번지,공립,단설,19861016,서울특별시교육청,http://seoulseoil.sen.es.kr,20230531,20.3,20.8,266,232,20230531,4,33,3,4,4,4,4,4,72,79,88,78,93,,1,5,23,498,1,4,0,0,20230531,6,,0,0.0,20230531,직영,3377,558,615924000,37.48478772,127.02260429,1165010800,서울시,19.8,17.4,서초구,23.0,20.9,8,83.0,87.0,
5,현대,103L㎡,서울시 서초구 서초동,1165010800,1346,서울시 서초구 효령로72길 14,37.485942,127.023523,412,0,15,3,196,17,413,현대산업개발,HT005,103.46,84.8,82,3,1,15,계단식,1735200,2910060,347040,827820,647136,539280,107856,,441069,283333,,20억,,,,,,,서울서일초등학교,B100000763,서울특별시 서초구 서초동 1436-8번지,공립,단설,19861016,서울특별시교육청,http://seoulseoil.sen.es.kr,20230531,20.3,20.8,266,232,20230531,4,33,3,4,4,4,4,4,72,79,88,78,93,,1,5,23,498,1,4,0,0,20230531,6,,0,0.0,20230531,직영,3377,558,615924000,37.48478772,127.02260429,1165010800,서울시,19.8,17.4,서초구,23.0,20.9,8,83.0,87.0,
6,현대,109,서울시 서초구 서초동,1165010800,1346,서울시 서초구 효령로72길 14,37.485942,127.023523,412,0,15,3,196,17,413,현대산업개발,HT005,109.27,84.34,77,3,1,148,계단식,1782000,2982600,356400,844200,725760,604800,120960,,438677,281796,18억,22억,"7억 1,000","7억 4,000",,,,,서울서일초등학교,B100000763,서울특별시 서초구 서초동 1436-8번지,공립,단설,19861016,서울특별시교육청,http://seoulseoil.sen.es.kr,20230531,20.3,20.8,266,232,20230531,4,33,3,4,4,4,4,4,72,79,88,78,93,,1,5,23,498,1,4,0,0,20230531,6,,0,0.0,20230531,직영,3377,558,615924000,37.48478772,127.02260429,1165010800,서울시,19.8,17.4,서초구,23.0,20.9,8,83.0,87.0,
0,현대ESA(주상복합),131㎡,서울시 서초구 서초동,1165010800,1338,서울시 서초구 효령로77길 20,37.490982,127.029439,122,0,18,12,713,58,215,현대건설(주),HT002,131.58,100.06,76,3,2,4,계단식,1018800,1799640,203760,577080,0,0,0,,,,,,,,,,,,서울서이초등학교,B100000762,서울특별시 서초구 서초동 1334-2번지(서운로 85),공립,단설,19831203,서울특별시교육청,http://seo2.sen.es.kr,20230531,19.7,30.3,672,753,20230531,6,66,9,8,8,7,8,7,239,266,238,205,252,,0,0,47,1425,2,4,0,0,20230531,0,,0,0.0,20230531,직영,3347,1430,1370646000,37.49120942,127.02595329,1165010800,서울시,19.8,17.4,서초구,23.0,20.9,7,225.0,0.0,
1,현대ESA(주상복합),145㎡,서울시 서초구 서초동,1165010800,1338,서울시 서초구 효령로77길 20,37.490982,127.029439,122,0,18,12,713,58,215,현대건설(주),HT002,145.33,110.52,76,3,2,4,계단식,1044000,1838700,208800,585900,0,0,0,,,,,,,,,,,,서울서이초등학교,B100000762,서울특별시 서초구 서초동 1334-2번지(서운로 85),공립,단설,19831203,서울특별시교육청,http://seo2.sen.es.kr,20230531,19.7,30.3,672,753,20230531,6,66,9,8,8,7,8,7,239,266,238,205,252,,0,0,47,1425,2,4,0,0,20230531,0,,0,0.0,20230531,직영,3347,1430,1370646000,37.49120942,127.02595329,1165010800,서울시,19.8,17.4,서초구,23.0,20.9,7,225.0,0.0,
2,현대ESA(주상복합),152㎡,서울시 서초구 서초동,1165010800,1338,서울시 서초구 효령로77길 20,37.490982,127.029439,122,0,18,12,713,58,215,현대건설(주),HT002,152.61,116.04,76,3,2,36,계단식,1159200,2017260,231840,626220,0,0,0,,,,,15억,,,,,,,서울서이초등학교,B100000762,서울특별시 서초구 서초동 1334-2번지(서운로 85),공립,단설,19831203,서울특별시교육청,http://seo2.sen.es.kr,20230531,19.7,30.3,672,753,20230531,6,66,9,8,8,7,8,7,239,266,238,205,252,,0,0,47,1425,2,4,0,0,20230531,0,,0,0.0,20230531,직영,3347,1430,1370646000,37.49120942,127.02595329,1165010800,서울시,19.8,17.4,서초구,23.0,20.9,7,225.0,0.0,
3,현대ESA(주상복합),189㎡,서울시 서초구 서초동,1165010800,1338,서울시 서초구 효령로77길 20,37.490982,127.029439,122,0,18,12,713,58,215,현대건설(주),HT002,189.71,144.26,76,4,2,4,계단식,1285200,2212560,257040,670320,0,0,0,,,,,18억,,,,,,,서울서이초등학교,B100000762,서울특별시 서초구 서초동 1334-2번지(서운로 85),공립,단설,19831203,서울특별시교육청,http://seo2.sen.es.kr,20230531,19.7,30.3,672,753,20230531,6,66,9,8,8,7,8,7,239,266,238,205,252,,0,0,47,1425,2,4,0,0,20230531,0,,0,0.0,20230531,직영,3347,1430,1370646000,37.49120942,127.02595329,1165010800,서울시,19.8,17.4,서초구,23.0,20.9,7,225.0,0.0,
4,현대ESA(주상복합),206㎡,서울시 서초구 서초동,1165010800,1338,서울시 서초구 효령로77길 20,37.490982,127.029439,122,0,18,12,713,58,215,현대건설(주),HT002,206.14,156.75,76,4,2,4,계단식,1366200,2338110,273240,698670,27216,22680,4536,,,,,,,,,,,,서울서이초등학교,B100000762,서울특별시 서초구 서초동 1334-2번지(서운로 85),공립,단설,19831203,서울특별시교육청,http://seo2.sen.es.kr,20230531,19.7,30.3,672,753,20230531,6,66,9,8,8,7,8,7,239,266,238,205,252,,0,0,47,1425,2,4,0,0,20230531,0,,0,0.0,20230531,직영,3347,1430,1370646000,37.49120942,127.02595329,1165010800,서울시,19.8,17.4,서초구,23.0,20.9,7,225.0,0.0,
5,현대ESA(주상복합),215,서울시 서초구 서초동,1165010800,1338,서울시 서초구 효령로77길 20,37.490982,127.029439,122,0,18,12,713,58,215,현대건설(주),HT002,215.62,163.95,76,4,2,70,계단식,1391400,2377170,278280,707490,69552,57960,11592,,,,17억,24억,,,,,,,서울서이초등학교,B100000762,서울특별시 서초구 서초동 1334-2번지(서운로 85),공립,단설,19831203,서울특별시교육청,http://seo2.sen.es.kr,20230531,19.7,30.3,672,753,20230531,6,66,9,8,8,7,8,7,239,266,238,205,252,,0,0,47,1425,2,4,0,0,20230531,0,,0,0.0,20230531,직영,3347,1430,1370646000,37.49120942,127.02595329,1165010800,서울시,19.8,17.4,서초구,23.0,20.9,7,225.0,0.0,
0,현대ESA2(주상복합),156,서울시 서초구 서초동,1165010800,1542-6,서울시 서초구 반포대로 122,37.491084,127.008524,174,0,25,25,1106,58,351,현대건설,HT002,156.01,136.25,87,4,2,174,계단식,1810800,3027240,362160,854280,774144,645120,129024,,736614,636836,20억,21억,,12억,10억/100,11억/50,10억/100,11억/50,서울신중초등학교,B100000768,서울특별시 서초구 서초동 1466-6번지,공립,단설,19360601,서울특별시교육청,http://sinjung.sen.es.kr,20230531,21.0,22.5,455,378,20230531,4,57,5,6,6,6,7,6,130,124,135,138,166,,1,5,36,833,1,3,0,0,20230531,10,,0,0.0,20230531,직영,3385,931,831091000,37.4801795,127.0093516,1165010800,서울시,19.8,17.4,서초구,23.0,20.9,20,135.0,162.0,
0,현대빌리지,132㎡,서울시 서초구 서초동,1165010800,1642-4,서울시 서초구 사임당로17길 56,37.491547,127.017117,13,0,7,6,249,42,25,성건종합건설(주),HT001,132.29,123.1,93,3,2,1,계단식,570150,1164240,114030,480060,0,0,0,,,,,,,,,,,,서울서초초등학교,B100000764,서울특별시 서초구 서초동 1310-6,공립,단설,19801004,서울특별시교육청,http://seocho.sen.es.kr,20230531,25.3,27.8,531,496,20230531,7,52,5,6,6,6,6,7,144,164,172,173,172,,1,5,36,1027,1,2,0,0,20230531,15,,0,0.0,20230531,직영,3385,1084,1057499000,37.49924318,127.02411499,1165010800,서울시,19.8,17.4,서초구,23.0,20.9,20,197.0,166.0,
1,현대빌리지,133㎡,서울시 서초구 서초동,1165010800,1642-4,서울시 서초구 사임당로17길 56,37.491547,127.017117,13,0,7,6,249,42,25,성건종합건설(주),HT001,133.91,124.61,93,3,2,1,계단식,598500,1209600,119700,491400,0,0,0,,,,,,,,,,,,서울서초초등학교,B100000764,서울특별시 서초구 서초동 1310-6,공립,단설,19801004,서울특별시교육청,http://seocho.sen.es.kr,20230531,25.3,27.8,531,496,20230531,7,52,5,6,6,6,6,7,144,164,172,173,172,,1,5,36,1027,1,2,0,0,20230531,15,,0,0.0,20230531,직영,3385,1084,1057499000,37.49924318,127.02411499,1165010800,서울시,19.8,17.4,서초구,23.0,20.9,20,197.0,166.0,
2,현대빌리지,139㎡,서울시 서초구 서초동,1165010800,1642-4,서울시 서초구 사임당로17길 56,37.491547,127.017117,13,0,7,6,249,42,25,성건종합건설(주),HT001,139.74,130.03,93,3,2,1,계단식,544950,1123920,108990,469980,0,0,0,,,,,,,,,,,,서울서초초등학교,B100000764,서울특별시 서초구 서초동 1310-6,공립,단설,19801004,서울특별시교육청,http://seocho.sen.es.kr,20230531,25.3,27.8,531,496,20230531,7,52,5,6,6,6,6,7,144,164,172,173,172,,1,5,36,1027,1,2,0,0,20230531,15,,0,0.0,20230531,직영,3385,1084,1057499000,37.49924318,127.02411499,1165010800,서울시,19.8,17.4,서초구,23.0,20.9,20,197.0,166.0,
3,현대빌리지,153㎡,서울시 서초구 서초동,1165010800,1642-4,서울시 서초구 사임당로17길 56,37.491547,127.017117,13,0,7,6,249,42,25,성건종합건설(주),HT001,153.08,142.44,93,3,2,1,계단식,716625,1398600,143325,538650,0,0,0,,,,,24억,,,,,,,서울서초초등학교,B100000764,서울특별시 서초구 서초동 1310-6,공립,단설,19801004,서울특별시교육청,http://seocho.sen.es.kr,20230531,25.3,27.8,531,496,20230531,7,52,5,6,6,6,6,7,144,164,172,173,172,,1,5,36,1027,1,2,0,0,20230531,15,,0,0.0,20230531,직영,3385,1084,1057499000,37.49924318,127.02411499,1165010800,서울시,19.8,17.4,서초구,23.0,20.9,20,197.0,166.0,
4,현대빌리지,156B㎡,서울시 서초구 서초동,1165010800,1642-4,서울시 서초구 사임당로17길 56,37.491547,127.017117,13,0,7,6,249,42,25,성건종합건설(주),HT001,156.66,145.78,93,3,2,5,계단식,785925,1509480,157185,566370,0,0,0,,,,19억,20억,,,,,,,서울서초초등학교,B100000764,서울특별시 서초구 서초동 1310-6,공립,단설,19801004,서울특별시교육청,http://seocho.sen.es.kr,20230531,25.3,27.8,531,496,20230531,7,52,5,6,6,6,6,7,144,164,172,173,172,,1,5,36,1027,1,2,0,0,20230531,15,,0,0.0,20230531,직영,3385,1084,1057499000,37.49924318,127.02411499,1165010800,서울시,19.8,17.4,서초구,23.0,20.9,20,197.0,166.0,
5,현대빌리지,156A,서울시 서초구 서초동,1165010800,1642-4,서울시 서초구 사임당로17길 56,37.491547,127.017117,13,0,7,6,249,42,25,성건종합건설(주),HT001,156.18,145.33,93,3,2,4,계단식,785925,1509480,157185,566370,0,0,0,,,,,,,,,,,,서울서초초등학교,B100000764,서울특별시 서초구 서초동 1310-6,공립,단설,19801004,서울특별시교육청,http://seocho.sen.es.kr,20230531,25.3,27.8,531,496,20230531,7,52,5,6,6,6,6,7,144,164,172,173,172,,1,5,36,1027,1,2,0,0,20230531,15,,0,0.0,20230531,직영,3385,1084,1057499000,37.49924318,127.02411499,1165010800,서울시,19.8,17.4,서초구,23.0,20.9,20,197.0,166.0,
0,현대서초빌라트(1495-1),195㎡,서울시 서초구 서초동,1165010800,1495-1,서울시 서초구 명달로17길 40,37.48558,127.001783,19,0,10,9,191,24,36,현대건설(주),HT001,195.69,164.83,84,5,2,18,계단식,2284200,3761010,456840,1019970,1596816,1330680,266136,,,,,,,,,,,,서울신중초등학교,B100000768,서울특별시 서초구 서초동 1466-6번지,공립,단설,19360601,서울특별시교육청,http://sinjung.sen.es.kr,20230531,21.0,22.5,455,378,20230531,4,57,5,6,6,6,7,6,130,124,135,138,166,,1,5,36,833,1,3,0,0,20230531,10,,0,0.0,20230531,직영,3385,931,831091000,37.4801795,127.0093516,1165010800,서울시,19.8,17.4,서초구,23.0,20.9,18,135.0,162.0,
1,현대서초빌라트(1495-1),255,서울시 서초구 서초동,1165010800,1495-1,서울시 서초구 명달로17길 40,37.48558,127.001783,19,0,10,9,191,24,36,현대건설(주),HT001,255.7,217.16,85,5,3,1,계단식,2514600,4118130,502920,1100610,2168208,1806840,361368,,,,,,,,,,,,서울신중초등학교,B100000768,서울특별시 서초구 서초동 1466-6번지,공립,단설,19360601,서울특별시교육청,http://sinjung.sen.es.kr,20230531,21.0,22.5,455,378,20230531,4,57,5,6,6,6,7,6,130,124,135,138,166,,1,5,36,833,1,3,0,0,20230531,10,,0,0.0,20230531,직영,3385,931,831091000,37.4801795,127.0093516,1165010800,서울시,19.8,17.4,서초구,23.0,20.9,18,135.0,162.0,
0,현대서초빌라트(1497-18),289A㎡,서울시 서초구 서초동,1165010800,1497-18,서울시 서초구 명달로 97-10,37.486315,127.003549,11,0,12,11,255,27,25,현대산업개발(주),HT001,289.31,242.58,84,3,2,1,계단식,2127600,3518280,425520,965160,1306368,1088640,217728,,,,,32억,,,,,,,서울신중초등학교,B100000768,서울특별시 서초구 서초동 1466-6번지,공립,단설,19360601,서울특별시교육청,http://sinjung.sen.es.kr,20230531,21.0,22.5,455,378,20230531,4,57,5,6,6,6,7,6,130,124,135,138,166,,1,5,36,833,1,3,0,0,20230531,10,,0,0.0,20230531,직영,3385,931,831091000,37.4801795,127.0093516,1165010800,서울시,19.8,17.4,서초구,23.0,20.9,17,135.0,162.0,
1,현대서초빌라트(1497-18),290B㎡,서울시 서초구 서초동,1165010800,1497-18,서울시 서초구 명달로 97-10,37.486315,127.003549,11,0,12,11,255,27,25,현대산업개발(주),HT001,290.05,243.24,84,3,2,9,계단식,2127600,3518280,425520,965160,1306368,1088640,217728,,,,,32억,,,,,,,서울신중초등학교,B100000768,서울특별시 서초구 서초동 1466-6번지,공립,단설,19360601,서울특별시교육청,http://sinjung.sen.es.kr,20230531,21.0,22.5,455,378,20230531,4,57,5,6,6,6,7,6,130,124,135,138,166,,1,5,36,833,1,3,0,0,20230531,10,,0,0.0,20230531,직영,3385,931,831091000,37.4801795,127.0093516,1165010800,서울시,19.8,17.4,서초구,23.0,20.9,17,135.0,162.0,
2,현대서초빌라트(1497-18),291C,서울시 서초구 서초동,1165010800,1497-18,서울시 서초구 명달로 97-10,37.486315,127.003549,11,0,12,11,255,27,25,현대산업개발(주),HT001,291.84,244.74,84,3,2,1,계단식,2043000,3387150,408600,935550,1164240,970200,194040,,,,,,,,,,,,서울신중초등학교,B100000768,서울특별시 서초구 서초동 1466-6번지,공립,단설,19360601,서울특별시교육청,http://sinjung.sen.es.kr,20230531,21.0,22.5,455,378,20230531,4,57,5,6,6,6,7,6,130,124,135,138,166,,1,5,36,833,1,3,0,0,20230531,10,,0,0.0,20230531,직영,3385,931,831091000,37.4801795,127.0093516,1165010800,서울시,19.8,17.4,서초구,23.0,20.9,17,135.0,162.0,
0,현대성우(주상복합),156㎡,서울시 서초구 서초동,1165010800,1316-15,서울시 서초구 강남대로61길 23,37.498107,127.024443,138,0,23,6,969,67,354,성우종합건설(주),HT005,156.17,133.48,85,4,2,4,계단식,1011600,1788480,202320,574560,0,0,0,,,,,,,,,,,,서울서초초등학교,B100000764,서울특별시 서초구 서초동 1310-6,공립,단설,19801004,서울특별시교육청,http://seocho.sen.es.kr,20230531,25.3,27.8,531,496,20230531,7,52,5,6,6,6,6,7,144,164,172,173,172,,1,5,36,1027,1,2,0,0,20230531,15,,0,0.0,20230531,직영,3385,1084,1057499000,37.49924318,127.02411499,1165010800,서울시,19.8,17.4,서초구,23.0,20.9,2,197.0,166.0,
1,현대성우(주상복합),176B㎡,서울시 서초구 서초동,1165010800,1316-15,서울시 서초구 강남대로61길 23,37.498107,127.024443,138,0,23,6,969,67,354,성우종합건설(주),HT005,176.6,150.95,85,5,3,18,계단식,1875600,3127680,375120,876960,883008,735840,147168,,,,,,,11억,,,,,서울서초초등학교,B100000764,서울특별시 서초구 서초동 1310-6,공립,단설,19801004,서울특별시교육청,http://seocho.sen.es.kr,20230531,25.3,27.8,531,496,20230531,7,52,5,6,6,6,6,7,144,164,172,173,172,,1,5,36,1027,1,2,0,0,20230531,15,,0,0.0,20230531,직영,3385,1084,1057499000,37.49924318,127.02411499,1165010800,서울시,19.8,17.4,서초구,23.0,20.9,2,197.0,166.0,
2,현대성우(주상복합),176A㎡,서울시 서초구 서초동,1165010800,1316-15,서울시 서초구 강남대로61길 23,37.498107,127.024443,138,0,23,6,969,67,354,성우종합건설(주),HT005,176.49,150.85,85,4,2,4,계단식,1386000,2368800,277200,705600,60480,50400,10080,,,,,,,,,,,,서울서초초등학교,B100000764,서울특별시 서초구 서초동 1310-6,공립,단설,19801004,서울특별시교육청,http://seocho.sen.es.kr,20230531,25.3,27.8,531,496,20230531,7,52,5,6,6,6,6,7,144,164,172,173,172,,1,5,36,1027,1,2,0,0,20230531,15,,0,0.0,20230531,직영,3385,1084,1057499000,37.49924318,127.02411499,1165010800,서울시,19.8,17.4,서초구,23.0,20.9,2,197.0,166.0,
3,현대성우(주상복합),176C㎡,서울시 서초구 서초동,1165010800,1316-15,서울시 서초구 강남대로61길 23,37.498107,127.024443,138,0,23,6,969,67,354,성우종합건설(주),HT005,176.85,151.16,85,4,2,4,계단식,1366200,2338110,273240,698670,27216,22680,4536,,,,,,,,,,,,서울서초초등학교,B100000764,서울특별시 서초구 서초동 1310-6,공립,단설,19801004,서울특별시교육청,http://seocho.sen.es.kr,20230531,25.3,27.8,531,496,20230531,7,52,5,6,6,6,6,7,144,164,172,173,172,,1,5,36,1027,1,2,0,0,20230531,15,,0,0.0,20230531,직영,3385,1084,1057499000,37.49924318,127.02411499,1165010800,서울시,19.8,17.4,서초구,23.0,20.9,2,197.0,166.0,
4,현대성우(주상복합),181㎡,서울시 서초구 서초동,1165010800,1316-15,서울시 서초구 강남대로61길 23,37.498107,127.024443,138,0,23,6,969,67,354,성우종합건설(주),HT005,181.23,154.9,85,4,2,4,계단식,1418400,2419020,283680,716940,114912,95760,19152,,,,,,,,,,,,서울서초초등학교,B100000764,서울특별시 서초구 서초동 1310-6,공립,단설,19801004,서울특별시교육청,http://seocho.sen.es.kr,20230531,25.3,27.8,531,496,20230531,7,52,5,6,6,6,6,7,144,164,172,173,172,,1,5,36,1027,1,2,0,0,20230531,15,,0,0.0,20230531,직영,3385,1084,1057499000,37.49924318,127.02411499,1165010800,서울시,19.8,17.4,서초구,23.0,20.9,2,197.0,166.0,
5,현대성우(주상복합),189㎡,서울시 서초구 서초동,1165010800,1316-15,서울시 서초구 강남대로61길 23,37.498107,127.024443,138,0,23,6,969,67,354,성우종합건설(주),HT005,189.43,161.91,85,4,2,78,계단식,1983600,3295080,396720,914760,1064448,887040,177408,,,,,20억,,"10억 5,000",,,,,서울서초초등학교,B100000764,서울특별시 서초구 서초동 1310-6,공립,단설,19801004,서울특별시교육청,http://seocho.sen.es.kr,20230531,25.3,27.8,531,496,20230531,7,52,5,6,6,6,6,7,144,164,172,173,172,,1,5,36,1027,1,2,0,0,20230531,15,,0,0.0,20230531,직영,3385,1084,1057499000,37.49924318,127.02411499,1165010800,서울시,19.8,17.4,서초구,23.0,20.9,2,197.0,166.0,
6,현대성우(주상복합),191㎡,서울시 서초구 서초동,1165010800,1316-15,서울시 서초구 강남대로61길 23,37.498107,127.024443,138,0,23,6,969,67,354,성우종합건설(주),HT005,191.5,163.68,85,4,2,4,계단식,1526400,2586420,305280,754740,296352,246960,49392,,,,,,,,,,,,서울서초초등학교,B100000764,서울특별시 서초구 서초동 1310-6,공립,단설,19801004,서울특별시교육청,http://seocho.sen.es.kr,20230531,25.3,27.8,531,496,20230531,7,52,5,6,6,6,6,7,144,164,172,173,172,,1,5,36,1027,1,2,0,0,20230531,15,,0,0.0,20230531,직영,3385,1084,1057499000,37.49924318,127.02411499,1165010800,서울시,19.8,17.4,서초구,23.0,20.9,2,197.0,166.0,
7,현대성우(주상복합),193㎡,서울시 서초구 서초동,1165010800,1316-15,서울시 서초구 강남대로61길 23,37.498107,127.024443,138,0,23,6,969,67,354,성우종합건설(주),HT005,193.5,165.39,85,4,2,4,계단식,1519200,2575260,303840,752220,284256,236880,47376,,,,,,,,,,,,서울서초초등학교,B100000764,서울특별시 서초구 서초동 1310-6,공립,단설,19801004,서울특별시교육청,http://seocho.sen.es.kr,20230531,25.3,27.8,531,496,20230531,7,52,5,6,6,6,6,7,144,164,172,173,172,,1,5,36,1027,1,2,0,0,20230531,15,,0,0.0,20230531,직영,3385,1084,1057499000,37.49924318,127.02411499,1165010800,서울시,19.8,17.4,서초구,23.0,20.9,2,197.0,166.0,
8,현대성우(주상복합),198A㎡,서울시 서초구 서초동,1165010800,1316-15,서울시 서초구 강남대로61길 23,37.498107,127.024443,138,0,23,6,969,67,354,성우종합건설(주),HT005,198.1,169.32,85,4,2,4,계단식,1519200,2575260,303840,752220,284256,236880,47376,,,,,,,,,,,,서울서초초등학교,B100000764,서울특별시 서초구 서초동 1310-6,공립,단설,19801004,서울특별시교육청,http://seocho.sen.es.kr,20230531,25.3,27.8,531,496,20230531,7,52,5,6,6,6,6,7,144,164,172,173,172,,1,5,36,1027,1,2,0,0,20230531,15,,0,0.0,20230531,직영,3385,1084,1057499000,37.49924318,127.02411499,1165010800,서울시,19.8,17.4,서초구,23.0,20.9,2,197.0,166.0,
9,현대성우(주상복합),198B㎡,서울시 서초구 서초동,1165010800,1316-15,서울시 서초구 강남대로61길 23,37.498107,127.024443,138,0,23,6,969,67,354,성우종합건설(주),HT005,198.18,169.39,85,4,2,4,계단식,1519200,2575260,303840,752220,284256,236880,47376,,,,,,,,,,,,서울서초초등학교,B100000764,서울특별시 서초구 서초동 1310-6,공립,단설,19801004,서울특별시교육청,http://seocho.sen.es.kr,20230531,25.3,27.8,531,496,20230531,7,52,5,6,6,6,6,7,144,164,172,173,172,,1,5,36,1027,1,2,0,0,20230531,15,,0,0.0,20230531,직영,3385,1084,1057499000,37.49924318,127.02411499,1165010800,서울시,19.8,17.4,서초구,23.0,20.9,2,197.0,166.0,
10,현대성우(주상복합),203A㎡,서울시 서초구 서초동,1165010800,1316-15,서울시 서초구 강남대로61길 23,37.498107,127.024443,138,0,23,6,969,67,354,성우종합건설(주),HT005,203.97,174.34,85,4,2,4,계단식,1524600,2583630,304920,754110,293328,244440,48888,,,,,,,13억,,,,,서울서초초등학교,B100000764,서울특별시 서초구 서초동 1310-6,공립,단설,19801004,서울특별시교육청,http://seocho.sen.es.kr,20230531,25.3,27.8,531,496,20230531,7,52,5,6,6,6,6,7,144,164,172,173,172,,1,5,36,1027,1,2,0,0,20230531,15,,0,0.0,20230531,직영,3385,1084,1057499000,37.49924318,127.02411499,1165010800,서울시,19.8,17.4,서초구,23.0,20.9,2,197.0,166.0,
11,현대성우(주상복합),206B㎡,서울시 서초구 서초동,1165010800,1316-15,서울시 서초구 강남대로61길 23,37.498107,127.024443,138,0,23,6,969,67,354,성우종합건설(주),HT005,206.6,176.59,85,4,2,4,계단식,1524600,2583630,304920,754110,293328,244440,48888,,,,,,,,,,,,서울서초초등학교,B100000764,서울특별시 서초구 서초동 1310-6,공립,단설,19801004,서울특별시교육청,http://seocho.sen.es.kr,20230531,25.3,27.8,531,496,20230531,7,52,5,6,6,6,6,7,144,164,172,173,172,,1,5,36,1027,1,2,0,0,20230531,15,,0,0.0,20230531,직영,3385,1084,1057499000,37.49924318,127.02411499,1165010800,서울시,19.8,17.4,서초구,23.0,20.9,2,197.0,166.0,
12,현대성우(주상복합),285,서울시 서초구 서초동,1165010800,1316-15,서울시 서초구 강남대로61길 23,37.498107,127.024443,138,0,23,6,969,67,354,성우종합건설(주),HT005,285.61,244.14,85,5,3,2,계단식,3772800,6068340,754560,1540980,6285024,5237520,1047504,,,,,,,,,,,,서울서초초등학교,B100000764,서울특별시 서초구 서초동 1310-6,공립,단설,19801004,서울특별시교육청,http://seocho.sen.es.kr,20230531,25.3,27.8,531,496,20230531,7,52,5,6,6,6,6,7,144,164,172,173,172,,1,5,36,1027,1,2,0,0,20230531,15,,0,0.0,20230531,직영,3385,1084,1057499000,37.49924318,127.02411499,1165010800,서울시,19.8,17.4,서초구,23.0,20.9,2,197.0,166.0,
0,현대슈퍼빌(주상복합),204㎡,서울시 서초구 서초동,1165010800,1446-11,서울시 서초구 서초중앙로 15,37.482825,127.016089,645,0,46,22,584,25,1531,현대건설(주),HT005,204.96,147.86,72,4,2,88,계단식,2498400,4093020,499680,1094940,2128032,1773360,354672,,752733,629689,25억,27억,,16억,,,,,서울서일초등학교,B100000763,서울특별시 서초구 서초동 1436-8번지,공립,단설,19861016,서울특별시교육청,http://seoulseoil.sen.es.kr,20230531,20.3,20.8,266,232,20230531,4,33,3,4,4,4,4,4,72,79,88,78,93,,1,5,23,498,1,4,0,0,20230531,6,,0,0.0,20230531,직영,3377,558,615924000,37.48478772,127.02260429,1165010800,서울시,19.8,17.4,서초구,23.0,20.9,9,83.0,87.0,
1,현대슈퍼빌(주상복합),211㎡,서울시 서초구 서초동,1165010800,1446-11,서울시 서초구 서초중앙로 15,37.482825,127.016089,645,0,46,22,584,25,1531,현대건설(주),HT005,211.57,153.93,73,4,2,88,계단식,2658600,4341330,531720,1151010,2525328,2104440,420888,,783634,655539,26억,27억,16억,"16억 5,000",6억/420,7억/380,6억/420,7억/380,서울서일초등학교,B100000763,서울특별시 서초구 서초동 1436-8번지,공립,단설,19861016,서울특별시교육청,http://seoulseoil.sen.es.kr,20230531,20.3,20.8,266,232,20230531,4,33,3,4,4,4,4,4,72,79,88,78,93,,1,5,23,498,1,4,0,0,20230531,6,,0,0.0,20230531,직영,3377,558,615924000,37.48478772,127.02260429,1165010800,서울시,19.8,17.4,서초구,23.0,20.9,9,83.0,87.0,
2,현대슈퍼빌(주상복합),228㎡,서울시 서초구 서초동,1165010800,1446-11,서울시 서초구 서초중앙로 15,37.482825,127.016089,645,0,46,22,584,25,1531,현대건설(주),HT005,228.1,164.87,72,4,2,142,계단식,3031200,4918860,606240,1281420,3449376,2874480,574896,,839328,702129,26억,"29억 5,000",,18억,"7억 5,000/300",10억/250,"7억 5,000/300",10억/250,서울서일초등학교,B100000763,서울특별시 서초구 서초동 1436-8번지,공립,단설,19861016,서울특별시교육청,http://seoulseoil.sen.es.kr,20230531,20.3,20.8,266,232,20230531,4,33,3,4,4,4,4,4,72,79,88,78,93,,1,5,23,498,1,4,0,0,20230531,6,,0,0.0,20230531,직영,3377,558,615924000,37.48478772,127.02260429,1165010800,서울시,19.8,17.4,서초구,23.0,20.9,9,83.0,87.0,
3,현대슈퍼빌(주상복합),254㎡,서울시 서초구 서초동,1165010800,1446-11,서울시 서초구 서초중앙로 15,37.482825,127.016089,645,0,46,22,584,25,1531,현대건설(주),HT005,254.55,185.02,73,4,2,88,계단식,2921400,4748670,584280,1242990,3177072,2647560,529512,,941908,787941,29억,35억,,18억,,2억/600,,2억/600,서울서일초등학교,B100000763,서울특별시 서초구 서초동 1436-8번지,공립,단설,19861016,서울특별시교육청,http://seoulseoil.sen.es.kr,20230531,20.3,20.8,266,232,20230531,4,33,3,4,4,4,4,4,72,79,88,78,93,,1,5,23,498,1,4,0,0,20230531,6,,0,0.0,20230531,직영,3377,558,615924000,37.48478772,127.02260429,1165010800,서울시,19.8,17.4,서초구,23.0,20.9,9,83.0,87.0,
4,현대슈퍼빌(주상복합),284㎡,서울시 서초구 서초동,1165010800,1446-11,서울시 서초구 서초중앙로 15,37.482825,127.016089,645,0,46,22,584,25,1531,현대건설(주),HT005,284.3,205.67,72,4,3,56,계단식,3380400,5460120,676080,1403640,4684032,3903360,780672,,1047034,875883,,32억,"17억 5,000",18억,,,,,서울서일초등학교,B100000763,서울특별시 서초구 서초동 1436-8번지,공립,단설,19861016,서울특별시교육청,http://seoulseoil.sen.es.kr,20230531,20.3,20.8,266,232,20230531,4,33,3,4,4,4,4,4,72,79,88,78,93,,1,5,23,498,1,4,0,0,20230531,6,,0,0.0,20230531,직영,3377,558,615924000,37.48478772,127.02260429,1165010800,서울시,19.8,17.4,서초구,23.0,20.9,9,83.0,87.0,
5,현대슈퍼빌(주상복합),297A㎡,서울시 서초구 서초동,1165010800,1446-11,서울시 서초구 서초중앙로 15,37.482825,127.016089,645,0,46,22,584,25,1531,현대건설(주),HT005,297.52,216.16,73,4,3,71,계단식,3772800,6068340,754560,1540980,6285024,5237520,1047504,,1100438,920557,,,,,,,,,서울서일초등학교,B100000763,서울특별시 서초구 서초동 1436-8번지,공립,단설,19861016,서울특별시교육청,http://seoulseoil.sen.es.kr,20230531,20.3,20.8,266,232,20230531,4,33,3,4,4,4,4,4,72,79,88,78,93,,1,5,23,498,1,4,0,0,20230531,6,,0,0.0,20230531,직영,3377,558,615924000,37.48478772,127.02260429,1165010800,서울시,19.8,17.4,서초구,23.0,20.9,9,83.0,87.0,
6,현대슈퍼빌(주상복합),297B㎡,서울시 서초구 서초동,1165010800,1446-11,서울시 서초구 서초중앙로 15,37.482825,127.016089,645,0,46,22,584,25,1531,현대건설(주),HT005,297.52,214.92,72,4,3,58,계단식,3655800,5886990,731160,1500030,5807664,4839720,967944,,1094125,915276,31억,36억,,22억,,,,,서울서일초등학교,B100000763,서울특별시 서초구 서초동 1436-8번지,공립,단설,19861016,서울특별시교육청,http://seoulseoil.sen.es.kr,20230531,20.3,20.8,266,232,20230531,4,33,3,4,4,4,4,4,72,79,88,78,93,,1,5,23,498,1,4,0,0,20230531,6,,0,0.0,20230531,직영,3377,558,615924000,37.48478772,127.02260429,1165010800,서울시,19.8,17.4,서초구,23.0,20.9,9,83.0,87.0,
7,현대슈퍼빌(주상복합),307㎡,서울시 서초구 서초동,1165010800,1446-11,서울시 서초구 서초중앙로 15,37.482825,127.016089,645,0,46,22,584,25,1531,현대건설(주),HT005,307.44,223.72,73,5,3,24,계단식,3940200,6327810,788040,1599570,6968016,5806680,1161336,,1138924,952752,,,,,,,,,서울서일초등학교,B100000763,서울특별시 서초구 서초동 1436-8번지,공립,단설,19861016,서울특별시교육청,http://seoulseoil.sen.es.kr,20230531,20.3,20.8,266,232,20230531,4,33,3,4,4,4,4,4,72,79,88,78,93,,1,5,23,498,1,4,0,0,20230531,6,,0,0.0,20230531,직영,3377,558,615924000,37.48478772,127.02260429,1165010800,서울시,19.8,17.4,서초구,23.0,20.9,9,83.0,87.0,
8,현대슈퍼빌(주상복합),330㎡,서울시 서초구 서초동,1165010800,1446-11,서울시 서초구 서초중앙로 15,37.482825,127.016089,645,0,46,22,584,25,1531,현대건설(주),HT005,330.58,239.22,72,4,3,20,계단식,4516200,7220610,903240,1801170,9318096,7765080,1553016,,1217832,1018762,,50억,,,,,,,서울서일초등학교,B100000763,서울특별시 서초구 서초동 1436-8번지,공립,단설,19861016,서울특별시교육청,http://seoulseoil.sen.es.kr,20230531,20.3,20.8,266,232,20230531,4,33,3,4,4,4,4,4,72,79,88,78,93,,1,5,23,498,1,4,0,0,20230531,6,,0,0.0,20230531,직영,3377,558,615924000,37.48478772,127.02260429,1165010800,서울시,19.8,17.4,서초구,23.0,20.9,9,83.0,87.0,
9,현대슈퍼빌(주상복합),337,서울시 서초구 서초동,1165010800,1446-11,서울시 서초구 서초중앙로 15,37.482825,127.016089,645,0,46,22,584,25,1531,현대건설(주),HT005,337.19,244.66,73,6,3,10,계단식,4757400,7594470,951480,1885590,10302192,8585160,1717032,,1245527,1041929,,55억,,,,,,,서울서일초등학교,B100000763,서울특별시 서초구 서초동 1436-8번지,공립,단설,19861016,서울특별시교육청,http://seoulseoil.sen.es.kr,20230531,20.3,20.8,266,232,20230531,4,33,3,4,4,4,4,4,72,79,88,78,93,,1,5,23,498,1,4,0,0,20230531,6,,0,0.0,20230531,직영,3377,558,615924000,37.48478772,127.02260429,1165010800,서울시,19.8,17.4,서초구,23.0,20.9,9,83.0,87.0,
0,현대임페리움,140A㎡,서울시 서초구 서초동,1165010800,1631-8,서울시 서초구 효령로67길 71-6,37.490111,127.022089,15,0,6,6,229,51,32,주식회사아크건설,HT001,140.15,129.78,93,3,2,1,계단식,590625,1197000,118125,488250,0,0,0,,,,,,,,,,,,서울서이초등학교,B100000762,서울특별시 서초구 서초동 1334-2번지(서운로 85),공립,단설,19831203,서울특별시교육청,http://seo2.sen.es.kr,20230531,19.7,30.3,672,753,20230531,6,66,9,8,8,7,8,7,239,266,238,205,252,,0,0,47,1425,2,4,0,0,20230531,0,,0,0.0,20230531,직영,3347,1430,1370646000,37.49120942,127.02595329,1165010800,서울시,19.8,17.4,서초구,23.0,20.9,6,225.0,0.0,
1,현대임페리움,140B㎡,서울시 서초구 서초동,1165010800,1631-8,서울시 서초구 효령로67길 71-6,37.490111,127.022089,15,0,6,6,229,51,32,주식회사아크건설,HT001,140.19,129.82,93,3,2,1,계단식,590625,1197000,118125,488250,0,0,0,,,,,,,,,,,,서울서이초등학교,B100000762,서울특별시 서초구 서초동 1334-2번지(서운로 85),공립,단설,19831203,서울특별시교육청,http://seo2.sen.es.kr,20230531,19.7,30.3,672,753,20230531,6,66,9,8,8,7,8,7,239,266,238,205,252,,0,0,47,1425,2,4,0,0,20230531,0,,0,0.0,20230531,직영,3347,1430,1370646000,37.49120942,127.02595329,1165010800,서울시,19.8,17.4,서초구,23.0,20.9,6,225.0,0.0,
2,현대임페리움,157㎡,서울시 서초구 서초동,1165010800,1631-8,서울시 서초구 효령로67길 71-6,37.490111,127.022089,15,0,6,6,229,51,32,주식회사아크건설,HT001,157.38,145.73,93,4,2,1,계단식,634725,1267560,126945,505890,0,0,0,,,,,,,,,,,,서울서이초등학교,B100000762,서울특별시 서초구 서초동 1334-2번지(서운로 85),공립,단설,19831203,서울특별시교육청,http://seo2.sen.es.kr,20230531,19.7,30.3,672,753,20230531,6,66,9,8,8,7,8,7,239,266,238,205,252,,0,0,47,1425,2,4,0,0,20230531,0,,0,0.0,20230531,직영,3347,1430,1370646000,37.49120942,127.02595329,1165010800,서울시,19.8,17.4,서초구,23.0,20.9,6,225.0,0.0,
3,현대임페리움,185㎡,서울시 서초구 서초동,1165010800,1631-8,서울시 서초구 효령로67길 71-6,37.490111,127.022089,15,0,6,6,229,51,32,주식회사아크건설,HT001,185.99,172.22,93,4,2,3,계단식,1006200,1780110,201240,572670,0,0,0,,,,,,,,,,,,서울서이초등학교,B100000762,서울특별시 서초구 서초동 1334-2번지(서운로 85),공립,단설,19831203,서울특별시교육청,http://seo2.sen.es.kr,20230531,19.7,30.3,672,753,20230531,6,66,9,8,8,7,8,7,239,266,238,205,252,,0,0,47,1425,2,4,0,0,20230531,0,,0,0.0,20230531,직영,3347,1430,1370646000,37.49120942,127.02595329,1165010800,서울시,19.8,17.4,서초구,23.0,20.9,6,225.0,0.0,
4,현대임페리움,190,서울시 서초구 서초동,1165010800,1631-8,서울시 서초구 효령로67길 71-6,37.490111,127.022089,15,0,6,6,229,51,32,주식회사아크건설,HT001,190.22,176.14,93,4,2,9,계단식,1117800,1953090,223560,611730,0,0,0,,,,,,,,,,,,서울서이초등학교,B100000762,서울특별시 서초구 서초동 1334-2번지(서운로 85),공립,단설,19831203,서울특별시교육청,http://seo2.sen.es.kr,20230531,19.7,30.3,672,753,20230531,6,66,9,8,8,7,8,7,239,266,238,205,252,,0,0,47,1425,2,4,0,0,20230531,0,,0,0.0,20230531,직영,3347,1430,1370646000,37.49120942,127.02595329,1165010800,서울시,19.8,17.4,서초구,23.0,20.9,6,225.0,0.0,
0,화원그랑빌,70㎡,서울시 서초구 서초동,1165010800,1510-15,서울시 서초구 반포대로21길 27,37.487501,127.008407,37,0,8,7,299,58,48,(주)우건토건,HT001,70.31,50.83,72,3,1,1,계단식,208800,522720,41760,272160,0,0,0,,,,,,,,,,,,서울신중초등학교,B100000768,서울특별시 서초구 서초동 1466-6번지,공립,단설,19360601,서울특별시교육청,http://sinjung.sen.es.kr,20230531,21.0,22.5,455,378,20230531,4,57,5,6,6,6,7,6,130,124,135,138,166,,1,5,36,833,1,3,0,0,20230531,10,,0,0.0,20230531,직영,3385,931,831091000,37.4801795,127.0093516,1165010800,서울시,19.8,17.4,서초구,23.0,20.9,15,135.0,162.0,
1,화원그랑빌,93㎡,서울시 서초구 서초동,1165010800,1510-15,서울시 서초구 반포대로21길 27,37.487501,127.008407,37,0,8,7,299,58,48,(주)우건토건,HT001,93.12,68.36,73,3,2,1,계단식,343800,779220,68760,366660,0,0,0,,,,,,,,,,,,서울신중초등학교,B100000768,서울특별시 서초구 서초동 1466-6번지,공립,단설,19360601,서울특별시교육청,http://sinjung.sen.es.kr,20230531,21.0,22.5,455,378,20230531,4,57,5,6,6,6,7,6,130,124,135,138,166,,1,5,36,833,1,3,0,0,20230531,10,,0,0.0,20230531,직영,3385,931,831091000,37.4801795,127.0093516,1165010800,서울시,19.8,17.4,서초구,23.0,20.9,15,135.0,162.0,
2,화원그랑빌,107A㎡,서울시 서초구 서초동,1165010800,1510-15,서울시 서초구 반포대로21길 27,37.487501,127.008407,37,0,8,7,299,58,48,(주)우건토건,HT001,107.48,78.94,73,3,2,5,계단식,513450,1073520,102690,457380,0,0,0,,,,,11억,,,,,,,서울신중초등학교,B100000768,서울특별시 서초구 서초동 1466-6번지,공립,단설,19360601,서울특별시교육청,http://sinjung.sen.es.kr,20230531,21.0,22.5,455,378,20230531,4,57,5,6,6,6,7,6,130,124,135,138,166,,1,5,36,833,1,3,0,0,20230531,10,,0,0.0,20230531,직영,3385,931,831091000,37.4801795,127.0093516,1165010800,서울시,19.8,17.4,서초구,23.0,20.9,15,135.0,162.0,
3,화원그랑빌,108B㎡,서울시 서초구 서초동,1165010800,1510-15,서울시 서초구 반포대로21길 27,37.487501,127.008407,37,0,8,7,299,58,48,(주)우건토건,HT001,108.05,79.7,74,3,2,5,계단식,526050,1093680,105210,462420,0,0,0,,,,,,,,,,,,서울신중초등학교,B100000768,서울특별시 서초구 서초동 1466-6번지,공립,단설,19360601,서울특별시교육청,http://sinjung.sen.es.kr,20230531,21.0,22.5,455,378,20230531,4,57,5,6,6,6,7,6,130,124,135,138,166,,1,5,36,833,1,3,0,0,20230531,10,,0,0.0,20230531,직영,3385,931,831091000,37.4801795,127.0093516,1165010800,서울시,19.8,17.4,서초구,23.0,20.9,15,135.0,162.0,
4,화원그랑빌,109C㎡,서울시 서초구 서초동,1165010800,1510-15,서울시 서초구 반포대로21길 27,37.487501,127.008407,37,0,8,7,299,58,48,(주)우건토건,HT001,109.89,81.88,75,3,2,5,계단식,530775,1101240,106155,464310,0,0,0,,,,,11억,,,,,,,서울신중초등학교,B100000768,서울특별시 서초구 서초동 1466-6번지,공립,단설,19360601,서울특별시교육청,http://sinjung.sen.es.kr,20230531,21.0,22.5,455,378,20230531,4,57,5,6,6,6,7,6,130,124,135,138,166,,1,5,36,833,1,3,0,0,20230531,10,,0,0.0,20230531,직영,3385,931,831091000,37.4801795,127.0093516,1165010800,서울시,19.8,17.4,서초구,23.0,20.9,15,135.0,162.0,
5,화원그랑빌,109D㎡,서울시 서초구 서초동,1165010800,1510-15,서울시 서초구 반포대로21길 27,37.487501,127.008407,37,0,8,7,299,58,48,(주)우건토건,HT001,109.95,82.24,75,3,2,5,계단식,530775,1101240,106155,464310,0,0,0,,,,,,,,,,,,서울신중초등학교,B100000768,서울특별시 서초구 서초동 1466-6번지,공립,단설,19360601,서울특별시교육청,http://sinjung.sen.es.kr,20230531,21.0,22.5,455,378,20230531,4,57,5,6,6,6,7,6,130,124,135,138,166,,1,5,36,833,1,3,0,0,20230531,10,,0,0.0,20230531,직영,3385,931,831091000,37.4801795,127.0093516,1165010800,서울시,19.8,17.4,서초구,23.0,20.9,15,135.0,162.0,
6,화원그랑빌,111B㎡,서울시 서초구 서초동,1165010800,1510-15,서울시 서초구 반포대로21길 27,37.487501,127.008407,37,0,8,7,299,58,48,(주)우건토건,HT001,111.4,82.64,74,3,2,5,계단식,530775,1101240,106155,464310,0,0,0,,,,,,,,,,,,서울신중초등학교,B100000768,서울특별시 서초구 서초동 1466-6번지,공립,단설,19360601,서울특별시교육청,http://sinjung.sen.es.kr,20230531,21.0,22.5,455,378,20230531,4,57,5,6,6,6,7,6,130,124,135,138,166,,1,5,36,833,1,3,0,0,20230531,10,,0,0.0,20230531,직영,3385,931,831091000,37.4801795,127.0093516,1165010800,서울시,19.8,17.4,서초구,23.0,20.9,15,135.0,162.0,
7,화원그랑빌,111A㎡,서울시 서초구 서초동,1165010800,1510-15,서울시 서초구 반포대로21길 27,37.487501,127.008407,37,0,8,7,299,58,48,(주)우건토건,HT001,111.06,82.18,74,3,2,1,계단식,516600,1078560,103320,458640,0,0,0,,,,,,,,,,,,서울신중초등학교,B100000768,서울특별시 서초구 서초동 1466-6번지,공립,단설,19360601,서울특별시교육청,http://sinjung.sen.es.kr,20230531,21.0,22.5,455,378,20230531,4,57,5,6,6,6,7,6,130,124,135,138,166,,1,5,36,833,1,3,0,0,20230531,10,,0,0.0,20230531,직영,3385,931,831091000,37.4801795,127.0093516,1165010800,서울시,19.8,17.4,서초구,23.0,20.9,15,135.0,162.0,
8,화원그랑빌,113C㎡,서울시 서초구 서초동,1165010800,1510-15,서울시 서초구 반포대로21길 27,37.487501,127.008407,37,0,8,7,299,58,48,(주)우건토건,HT001,113.56,84.88,75,3,2,5,계단식,546525,1126440,109305,470610,0,0,0,,,,,,,,,,,,서울신중초등학교,B100000768,서울특별시 서초구 서초동 1466-6번지,공립,단설,19360601,서울특별시교육청,http://sinjung.sen.es.kr,20230531,21.0,22.5,455,378,20230531,4,57,5,6,6,6,7,6,130,124,135,138,166,,1,5,36,833,1,3,0,0,20230531,10,,0,0.0,20230531,직영,3385,931,831091000,37.4801795,127.0093516,1165010800,서울시,19.8,17.4,서초구,23.0,20.9,15,135.0,162.0,
9,화원그랑빌,114㎡,서울시 서초구 서초동,1165010800,1510-15,서울시 서초구 반포대로21길 27,37.487501,127.008407,37,0,8,7,299,58,48,(주)우건토건,HT001,114.07,84.59,74,3,2,1,계단식,472500,1008000,94500,441000,0,0,0,,,,,12억,,,,,,,서울신중초등학교,B100000768,서울특별시 서초구 서초동 1466-6번지,공립,단설,19360601,서울특별시교육청,http://sinjung.sen.es.kr,20230531,21.0,22.5,455,378,20230531,4,57,5,6,6,6,7,6,130,124,135,138,166,,1,5,36,833,1,3,0,0,20230531,10,,0,0.0,20230531,직영,3385,931,831091000,37.4801795,127.0093516,1165010800,서울시,19.8,17.4,서초구,23.0,20.9,15,135.0,162.0,
10,화원그랑빌,136A㎡,서울시 서초구 서초동,1165010800,1510-15,서울시 서초구 반포대로21길 27,37.487501,127.008407,37,0,8,7,299,58,48,(주)우건토건,HT001,136.8,100.08,73,3,2,1,계단식,538650,1113840,107730,467460,0,0,0,,,,,,,,,,,,서울신중초등학교,B100000768,서울특별시 서초구 서초동 1466-6번지,공립,단설,19360601,서울특별시교육청,http://sinjung.sen.es.kr,20230531,21.0,22.5,455,378,20230531,4,57,5,6,6,6,7,6,130,124,135,138,166,,1,5,36,833,1,3,0,0,20230531,10,,0,0.0,20230531,직영,3385,931,831091000,37.4801795,127.0093516,1165010800,서울시,19.8,17.4,서초구,23.0,20.9,15,135.0,162.0,
11,화원그랑빌,136B㎡,서울시 서초구 서초동,1165010800,1510-15,서울시 서초구 반포대로21길 27,37.487501,127.008407,37,0,8,7,299,58,48,(주)우건토건,HT001,136.68,100.29,73,3,2,1,계단식,538650,1113840,107730,467460,0,0,0,,,,,16억,,,,,,,서울신중초등학교,B100000768,서울특별시 서초구 서초동 1466-6번지,공립,단설,19360601,서울특별시교육청,http://sinjung.sen.es.kr,20230531,21.0,22.5,455,378,20230531,4,57,5,6,6,6,7,6,130,124,135,138,166,,1,5,36,833,1,3,0,0,20230531,10,,0,0.0,20230531,직영,3385,931,831091000,37.4801795,127.0093516,1165010800,서울시,19.8,17.4,서초구,23.0,20.9,15,135.0,162.0,
12,화원그랑빌,136C,서울시 서초구 서초동,1165010800,1510-15,서울시 서초구 반포대로21길 27,37.487501,127.008407,37,0,8,7,299,58,48,(주)우건토건,HT001,136.84,100.41,73,3,2,1,계단식,538650,1113840,107730,467460,0,0,0,,,,,,,,,,,,서울신중초등학교,B100000768,서울특별시 서초구 서초동 1466-6번지,공립,단설,19360601,서울특별시교육청,http://sinjung.sen.es.kr,20230531,21.0,22.5,455,378,20230531,4,57,5,6,6,6,7,6,130,124,135,138,166,,1,5,36,833,1,3,0,0,20230531,10,,0,0.0,20230531,직영,3385,931,831091000,37.4801795,127.0093516,1165010800,서울시,19.8,17.4,서초구,23.0,20.9,15,135.0,162.0,
